0 0
702 43240
742 16900
782 4040
822 4860
862 3960
902 9480
942 3640
982 3340
1022 2500
1034 43240
1042 43240
1062 14200
1074 16900
1082 16900
1102 2680
1114 4040
1122 4040
1142 4400
1154 4860
1162 4860
1182 3660
1194 3960
1202 3960
1222 25840
1234 9480
1242 9480
1262 5340
1274 3640
1282 3640
1302 6400
1314 3340
1322 3340
1342 3460
1354 2500
1362 2500
1382 21220
1394 14200
1402 14200
1422 4820
1434 2680
1442 2680
1462 4340
1472 43240
1474 4400
1482 4400
1502 2680
1512 16900
1514 3660
1522 3660
1542 23880
1552 4040
1554 25840
1562 25840
1582 3760
1592 4860
1594 5340
1602 5340
1622 4520
1632 3960
1634 6400
1642 6400
1662 4560
1672 9480
1674 3460
1682 46700
1702 22420
1712 3640
1714 21220
1722 38120
1742 4260
1752 3340
1754 4820
1762 8860
1782 2900
1792 2500
1794 4340
1802 9200
1822 2140
1832 14200
1834 2680
1842 6640
1853 43240
1862 6780
1872 2680
1874 23880
1882 33360
1893 16900
1900 43240
1902 3220
1912 4400
1914 3760
1922 7400
1933 4040
1940 60140
1942 3660
1952 3660
1954 4520
1962 7860
1973 4860
1980 20940
1982 85500
1992 25840
1994 4560
2002 7060
2013 3960
2020 8900
2022 28540
2032 5340
2034 22420
2042 36620
2053 9480
2060 8820
2062 6020
2072 6400
2074 4260
2082 6940
2093 3640
2100 13440
2102 8580
2112 3460
2114 2900
2122 7300
2127 43240
2133 3340
2140 13120
2142 5100
2152 21220
2154 2140
2162 5800
2167 16900
2173 2500
2180 6980
2182 16740
2192 4820
2194 6780
2202 32620
2207 4040
2213 14200
2220 5840
2222 5460
2232 4340
2234 3220
2242 8560
2247 4860
2253 2680
2260 16700
2262 5360
2263 43240
2272 2680
2274 3660
2282 10060
2287 3960
2293 4400
2300 16880
2302 3560
2303 16900
2312 23880
2314 85500
2322 88960
2327 9480
2333 3660
2340 7080
2342 19800
2343 4040
2352 3760
2354 28540
2362 49760
2367 3640
2373 25840
2380 8060
2382 4620
2383 4860
2392 4520
2394 6020
2402 10840
2407 3340
2413 5340
2420 29500
2422 6020
2423 3960
2425 43240
2432 4560
2434 8580
2442 12920
2447 2500
2453 6400
2460 31180
2462 4440
2463 9480
2465 16900
2472 22420
2474 5100
2482 7780
2487 14200
2493 3460
2500 11740
2502 24200
2503 3640
2505 4040
2512 4260
2514 16740
2522 40620
2527 2680
2533 21220
2540 9860
2542 4460
2543 3340
2545 4860
2552 2900
2554 5460
2562 9220
2567 4400
2573 4820
2580 24680
2582 7180
2583 2500
2585 3960
2592 2140
2594 5360
2602 9880
2607 3660
2613 4340
2620 26040
2622 6540
2623 14200
2625 9480
2632 6780
2634 3560
2642 8120
2647 25840
2653 2680
2660 9160
2662 23960
2663 2680
2665 3640
2672 3220
2674 19800
2682 42220
2687 5340
2693 23880
2700 7020
2702 6620
2703 4400
2705 3340
2712 3660
2714 4620
2722 8880
2727 6400
2733 3760
2740 26560
2742 6200
2743 3660
2745 2500
2752 85500
2754 6020
2762 8920
2767 3460
2773 4520
2780 27640
2782 3880
2783 25840
2785 14200
2792 28540
2794 4440
2802 6580
2807 21220
2813 4560
2820 8280
2822 29140
2823 5340
2825 2680
2832 6020
2834 24200
2842 30980
2847 4820
2853 22420
2860 9080
2862 6260
2863 49640
2865 4400
2872 8580
2874 4460
2882 7680
2887 4340
2893 4260
2900 26980
2902 8280
2903 20360
2905 3660
2912 5100
2914 7180
2922 10840
2927 2680
2933 2900
2940 26680
2942 5580
2943 25260
2944 43240
2945 25840
2952 16740
2954 6540
2962 92040
2967 23880
2973 2140
2980 7160
2982 24420
