0 0
429 43240
469 16900
509 4040
549 4860
589 3960
629 9480
669 3640
709 3340
749 2500
789 14200
829 2680
869 4400
909 3660
949 25840
989 5340
1029 6400
1069 3460
1109 21220
1149 4820
1189 4340
1229 2680
1269 23880
1294 43240
1309 3760
1334 16900
1349 4520
1374 4040
1389 4560
1414 4860
1429 22420
1436 43240
1454 3960
1469 4260
1476 16900
1494 9480
1509 2900
1516 4040
1534 3640
1549 2140
1556 4860
1574 3340
1589 6780
1596 3960
1614 2500
1629 46460
1636 9480
1654 14200
1669 20560
1676 3640
1694 2680
1709 89540
1716 3340
1734 4400
1749 33400
1756 2500
1774 3660
1789 9980
1796 14200
1814 25840
1829 18060
1836 2680
1854 5340
1869 8740
1876 4400
1894 6400
1909 20080
1916 3660
1934 3460
1936 43240
1949 7960
1956 25840
1974 21220
1976 16900
1989 19560
1996 5340
2014 4820
2016 4040
2029 6240
2036 6400
2054 4340
2056 4860
2069 24200
2076 3460
2094 2680
2096 3960
2109 8280
2116 21220
2134 23880
2136 9480
2149 31860
2156 4820
2174 3760
2176 3640
2189 9780
2196 4340
2214 4520
2216 3340
2229 30600
2236 2680
2254 4560
2256 2500
2269 7920
2276 23880
2294 22420
2296 14200
2309 28400
2316 3760
2334 4260
2336 2680
2349 11360
2356 4520
2374 2900
2376 4400
2389 28300
2396 4560
2414 2140
2416 3660
2429 9300
2436 22420
2442 43240
2454 6780
2456 25840
2469 30080
2476 4260
2482 16900
2494 3220
2496 5340
2509 7640
2516 2900
2522 4040
2534 3660
2536 6400
2549 33660
2552 43240
2556 2140
2562 4860
2574 85500
2576 3460
2584 43240
2589 10820
2592 16900
2596 6780
2602 3960
2614 28540
2616 21220
2624 16900
2629 30700
2632 4040
2636 3220
2642 9480
2654 6020
2656 4820
2664 4040
2669 9840
2672 4860
2676 3660
2682 3640
2694 8580
2696 4340
2704 4860
2709 27320
2712 3960
2716 85500
2722 3340
2734 5100
2736 2680
2744 3960
2749 7880
2752 9480
2756 28540
2762 2500
2774 16740
2776 23880
2784 9480
2789 14240
2792 3640
2796 6020
2802 14200
2814 5460
2816 3760
2824 3640
2829 8260
2832 3340
2836 8580
2842 45920
2854 5360
2856 4520
2864 3340
2869 12840
2872 2500
2876 5100
2882 21300
2894 3560
2896 4560
2904 2500
2909 90640
2912 14200
2916 16740
2922 7700
2934 19800
2936 22420
2944 14200
2949 34920
2952 2680
2956 5460
2962 30700
2974 4620
2976 4260
2984 2680
