0 0
265 43240
305 16900
319 43240
345 4040
359 16900
385 4860
399 4040
425 3960
439 4860
465 9480
479 3960
505 3640
507 43240
519 9480
545 3340
547 16900
559 3640
585 2500
587 4040
599 3340
625 14200
627 4860
639 2500
665 2680
667 3960
675 43240
679 14200
705 4400
707 9480
715 16900
719 2680
745 3660
747 3640
755 4040
759 4400
785 25840
787 3340
795 4860
799 3660
825 5340
827 2500
835 3960
839 25840
865 6400
867 14200
875 9480
879 5340
905 3460
907 2680
915 3640
919 6400
945 21220
947 4400
955 3340
959 3460
985 4820
987 3660
995 2500
999 21220
1015 43240
1025 4340
1027 25840
1035 14200
1039 4820
1055 16900
1065 2680
1067 5340
1073 43240
1075 2680
1079 4340
1095 4040
1105 23880
1107 6400
1113 16900
1115 4400
1119 2680
1135 4860
1145 3760
1147 3460
1153 4040
1155 3660
1159 23880
1175 3960
1185 4520
1187 21220
1193 4860
1195 25840
1199 3760
1215 9480
1225 4560
1227 4820
1233 3960
1235 5340
1239 4520
1255 3640
1265 22420
1267 4340
1273 9480
1275 6400
1279 4560
1288 43240
1295 3340
1305 4260
1307 2680
1313 3640
1315 3460
1319 22420
1328 16900
1335 2500
1345 2900
1347 23880
1353 3340
1355 21220
1359 4260
1360 43240
1368 4040
1375 14200
1385 2140
1387 3760
1390 43240
1393 2500
1395 4820
1399 2900
1400 16900
1408 4860
1415 2680
1425 6780
1427 4520
1430 16900
1433 14200
1435 4340
1439 2140
1440 4040
1448 3960
1455 4400
1465 3220
1467 4560
1470 4040
1473 2680
1475 2680
1479 6780
1480 4860
1488 9480
1495 3660
1505 3660
1507 22420
1510 4860
1513 4400
1515 23880
1519 3220
1520 3960
1528 3640
1535 25840
1545 85500
1547 4260
1550 3960
1553 3660
1555 3760
1559 3660
1560 9480
1568 3340
1575 5340
1585 28540
1587 2900
1590 9480
1593 25840
1595 4520
1599 85500
1600 3640
1608 2500
1615 6400
1625 6020
1627 2140
1630 3640
1633 5340
1635 4560
1639 28540
1640 3340
1648 14200
1655 3460
1665 8580
1667 6780
1670 3340
1673 6400
1675 22420
1679 6020
1680 2500
1688 2680
1695 21220
1699 43240
1705 5100
1707 3220
1710 2500
1713 3460
1715 4260
1719 8580
1720 14200
1728 4400
1735 4820
1739 16900
1745 16740
1747 3660
1750 14200
1753 21220
1755 2900
1759 5100
1760 2680
1768 3660
1775 4340
1779 4040
1785 5460
1787 85500
1790 2680
1793 4820
1795 2140
1799 16740
1800 4400
1808 25840
1815 2680
1819 4860
1825 5360
1827 28540
1830 4400
1833 4340
1835 6780
1839 5460
1840 3660
1848 5340
1855 23880
1859 3960
1865 3560
1867 6020
1870 3660
1873 2680
1875 3220
1879 5360
1880 25840
1888 6400
1895 3760
1899 9480
1905 19800
1907 8580
1910 25840
1913 23880
1915 3660
1919 3560
1920 5340
1928 3460
1935 4520
1939 3640
1945 4620
1947 5100
1950 5340
1953 3760
1955 85500
1959 63040
1960 6400
1968 21220
1975 4560
1979 3340
1985 6020
1987 59980
1990 6400
1993 4520
1995 28540
1999 21520
2000 3460
2008 4820
2015 22420
2019 2500
2025 4440
2027 22360
2030 3460
2033 4560
2035 6020
2039 10060
2040 21220
2048 4340
2055 4260
2059 14200
2065 24200
2067 9400
2070 21220
2073 22420
2075 8580
2079 9300
2080 4820
2088 2680
2095 2900
2099 2680
2105 4460
2107 8420
2110 4820
2113 4260
2115 5100
2119 28160
2120 4340
2128 23880
2135 2140
2139 4400
2145 7180
2147 23760
2150 4340
2153 2900
2155 16740
2159 13940
2160 2680
2168 3760
2175 6780
2179 3660
2185 6540
2187 14100
2190 2680
2193 2140
2195 5460
2199 10820
2200 23880
2208 4520
2215 3220
2219 25840
2225 23960
2227 9660
2230 67120
2233 6780
2235 5360
2239 9880
2240 3760
2248 4560
2255 3660
2259 5340
2265 6620
2267 7780
2270 20660
2273 3220
2275 3560
2278 43240
2279 26460
2280 4520
2288 22420
2295 85500
2299 6400
2305 6200
2307 26700
2310 8560
2313 3660
2315 19800
2318 16900
2319 20820
2320 4560
2328 4260
2335 28540
2339 3460
2345 3880
2347 18660
2350 9420
2353 85500
2355 4620
2358 4040
2359 8880
2360 22420
2368 2900
2375 6020
2379 21220
2385 29140
2387 9860
2390 26380
2393 28540
2395 6020
2398 4860
2399 8280
2400 4260
2408 2140
2415 8580
2419 4820
2420 43240
2425 6260
2427 10940
2430 13740
2433 6020
2435 4440
2438 3960
2439 32800
2440 2900
2448 6780
2455 5100
2459 4340
2460 16900
2465 8280
2467 27620
2470 6540
2473 8580
2475 24200
2478 9480
2479 32100
2480 2140
2487 43240
2488 3220
2495 16740
2499 2680
2500 4040
2505 5580
2507 32460
2510 48720
2513 5100
2515 4460
2518 3640
2519 13620
2520 6780
2527 16900
2528 3660
2535 5460
2539 23880
2540 4860
2545 24420
2547 11540
2550 26180
2553 16740
2555 7180
2558 3340
2559 11980
2560 3220
2567 4040
2568 85500
2575 5360
2579 3760
2580 3960
2585 5740
2587 10280
2590 21460
2593 5460
2595 6540
2598 2500
2599 27880
2600 3660
2607 4860
2608 28540
2615 3560
2619 4520
2620 9480
2625 7460
2627 32600
2630 11200
2633 5360
2635 23960
2638 14200
2639 26960
2640 85500
2647 3960
2648 6020
2655 19800
2659 4560
2660 3640
2665 5040
2667 27480
2670 93860
2673 3560
2675 6620
2678 2680
2679 12280
2680 28540
2687 9480
2688 8580
2695 4620
2699 22420
2700 3340
2705 9180
2707 13100
2710 41680
2713 19800
2715 6200
2718 4400
2719 9380
2720 6020
2727 3640
2728 5100
2735 6020
2739 4260
2740 2500
2745 5140
2747 9920
2750 35500
2753 4620
2755 3880
2758 3660
2759 11860
2760 8580
2767 3340
2768 16740
2775 4440
2779 2900
2780 14200
2785 6380
2787 27100
2790 17260
2793 6020
2795 29140
2798 25840
2799 29020
2800 5100
2807 2500
2808 5460
2815 24200
2819 2140
2820 2680
2825 114340
2827 29620
2830 14000
2833 4440
2835 6260
2838 5340
2839 10140
2840 16740
2847 14200
2848 5360
2855 4460
2859 6780
2860 4400
2865 26100
2867 11220
2870 34400
2873 24200
2875 8280
2878 6400
2879 118860
2880 5460
2887 2680
2888 3560
2895 7180
2899 3220
2900 3660
2905 6000
2907 9560
2910 29360
2913 4460
2915 5580
2918 3460
2919 30660
2920 5360
2927 4400
2928 19800
2935 6540
2939 3660
2940 25840
2945 9080
2947 13740
2950 14580
2953 7180
2955 24420
2958 21220
2959 28420
2960 3560
2967 3660
2968 4620
2975 23960
2979 85500
2980 5340
2985 5860
2987 27560
