0 0
700 43240
740 16900
780 4040
802 43240
813 43240
820 4860
842 16900
853 16900
860 3960
882 4040
893 4040
900 9480
922 4860
933 4860
940 3640
962 3960
973 3960
980 3340
1002 9480
1013 9480
1020 2500
1042 3640
1053 3640
1060 14200
1082 3340
1093 3340
1100 2680
1122 2500
1133 2500
1140 4400
1162 14200
1173 14200
1180 3660
1202 2680
1213 2680
1220 25840
1242 4400
1253 4400
1260 5340
1282 3660
1293 3660
1295 43240
1300 6400
1322 25840
1333 25840
1335 16900
1340 3460
1362 5340
1373 5340
1375 4040
1380 21220
1402 6400
1413 6400
1415 4860
1420 4820
1442 3460
1453 3460
1455 3960
1460 4340
1482 64460
1493 21220
1495 9480
1500 2680
1522 21720
1533 4820
1535 3640
1540 23880
1562 8380
1573 4340
1575 3340
1580 3760
1602 7540
1613 2680
1615 45740
1620 4520
1642 27840
1653 23880
1655 31100
1660 4560
1682 13240
1693 3760
1695 6720
1700 22420
1722 8160
1733 4520
1735 9260
1740 4260
1762 7900
1773 4560
1775 7620
1780 2900
1802 24920
1813 22420
1815 35320
1820 2140
1842 18460
1853 4260
1855 8980
1860 6780
1882 5580
1893 2900
1895 9740
1900 3220
1922 6540
1933 2140
1935 5960
1940 3660
1962 10440
1973 6780
1975 35420
1980 85500
2002 29060
2013 3220
2015 7500
2020 28540
2042 9000
2053 3660
2055 8740
2060 6020
2082 91900
2093 85500
2095 6340
2100 8580
2122 32000
2133 28540
2135 49720
2140 5100
2162 27240
2173 6020
2175 9100
2180 16740
2202 13400
2213 8580
2215 10920
2220 5460
2242 9440
2253 5100
2255 8020
2260 5360
2282 19420
2291 43240
2293 16740
2295 43640
2300 3560
2322 29340
2331 16900
2333 5460
2335 9080
2340 19800
2362 9120
2371 4040
2373 5360
2375 7240
2380 4620
2402 8080
2411 4860
2413 3560
2415 4820
2420 6020
2442 24360
2451 3960
2453 19800
2455 30660
2460 4440
2482 27040
2491 9480
2493 4620
2495 6980
2500 24200
2522 10280
2531 3640
2533 6020
2535 8180
2540 4460
2542 43240
2549 43240
2562 7340
2571 3340
2573 4440
2575 90060
2580 7180
2582 16900
2589 16900
2602 26340
2611 2500
2613 24200
2615 50960
2620 6540
2622 4040
2629 4040
2642 11240
2651 14200
2653 4460
2655 10280
2660 23960
2662 4860
2669 4860
2682 10400
2691 2680
2693 7180
2695 11480
2700 6620
2702 3960
2709 3960
2722 10200
2731 4400
2733 6540
2735 7240
2740 6200
2742 9480
2749 9480
2762 109460
2771 3660
2773 23960
2775 23520
2780 3880
2782 3640
2789 3640
2802 35160
2811 25840
2813 6620
2815 8680
2818 43240
2820 29140
2822 3340
2829 3340
2842 12220
2851 5340
2853 6200
2855 9020
2858 16900
2860 6260
2862 2500
2869 2500
2875 43240
2882 12460
2891 6400
2893 3880
2895 89060
2898 4040
2900 8280
2902 14200
2909 14200
2915 16900
2922 34240
2931 3460
2933 29140
2935 48340
2938 4860
2940 5580
2942 2680
2949 2680
2955 4040
2962 23000
2971 21220
2973 6260
2975 10640
