0 0
716 43240
756 16900
796 4040
836 4860
876 3960
916 9480
956 3640
996 3340
1036 2500
1076 14200
1116 2680
1156 4400
1196 3660
1236 25840
1276 5340
1291 43240
1293 43240
1316 6400
1331 16900
1333 16900
1356 3460
1371 4040
1373 4040
1396 21220
1411 4860
1413 4860
1436 4820
1439 43240
1451 3960
1453 3960
1476 4340
1479 16900
1491 9480
1493 52720
1516 2680
1519 4040
1531 3640
1533 20540
1556 23880
1559 4860
1571 3340
1573 7380
1596 3760
1599 3960
1611 2500
1613 7360
1636 4520
1639 9480
1651 14200
1653 18160
1676 4560
1679 3640
1691 2680
1693 12160
1716 22420
1719 3340
1731 4400
1733 8040
1756 4260
1759 2500
1771 3660
1773 7000
1796 2900
1799 14200
1811 25840
1813 28340
1836 2140
1839 2680
1851 5340
1853 19540
1856 43240
1876 6780
1878 43240
1879 4400
1891 6400
1893 9080
1896 16900
1916 3220
1918 16900
1919 3660
1931 3460
1933 7860
1936 4040
1956 3660
1958 4040
1959 25840
1971 21220
1973 24880
1976 4860
1996 85500
1998 4860
1999 5340
2011 4820
2013 30660
2016 3960
2036 28540
2038 3960
2039 6400
2051 4340
2053 9680
2056 9480
2076 6020
2078 9480
2079 3460
2091 2680
2093 9080
2096 3640
2104 43240
2116 8580
2117 43240
2118 3640
2119 21220
2131 23880
2133 27340
2136 3340
2144 16900
2156 5100
2157 16900
2158 3340
2159 4820
2171 3760
2173 24980
2176 2500
2184 4040
2196 16740
2197 4040
2198 2500
2199 4340
2203 43240
2210 43240
2211 4520
2213 9340
2216 14200
2224 4860
2236 5460
2237 4860
2238 14200
2239 2680
2243 16900
2250 16900
2251 4560
2253 8900
2256 2680
2264 3960
2276 5360
2277 3960
2278 2680
2279 23880
2283 4040
2290 4040
2291 22420
2293 25100
2296 4400
2304 9480
2316 3560
2317 9480
2318 4400
2319 3760
2323 4860
2330 4860
2331 4260
2333 28140
2336 3660
2344 3640
2356 19800
2357 3640
2358 3660
2359 4520
2363 3960
2370 3960
2371 2900
2373 6660
2376 25840
2384 3340
2396 4620
2397 3340
2398 25840
2399 4560
2403 9480
2410 9480
2411 2140
2413 6660
2416 5340
2424 2500
2436 6020
2437 2500
2438 5340
2439 22420
2443 3640
2450 3640
2451 6780
2453 11340
2456 6400
2464 14200
2476 4440
2477 14200
2478 6400
2479 4260
2483 3340
2490 3340
2491 3220
2493 25640
2496 3460
2504 2680
2516 24200
2517 2680
2518 3460
2519 2900
2523 2500
2530 2500
2531 3660
2533 7920
2536 21220
2544 4400
2556 4460
2557 4400
2558 21220
2559 2140
2563 14200
2570 14200
2571 85500
2573 88400
2576 4820
2584 3660
2596 7180
2597 3660
2598 4820
2599 6780
2603 2680
2610 2680
2611 28540
2613 30680
2616 4340
2624 25840
2636 6540
2637 25840
2638 4340
2639 3220
2643 4400
2650 4400
2651 6020
2653 12800
2656 2680
2664 5340
2676 23960
2677 5340
2678 2680
2679 3660
2683 3660
2690 3660
2691 8580
2693 11800
2696 23880
2704 6400
2716 6620
2717 6400
2718 23880
2719 85500
2723 25840
2730 25840
2731 5100
2733 8760
2736 3760
2744 3460
2756 6200
2757 3460
2758 3760
2759 28540
2763 5340
2770 5340
2771 16740
2773 102240
2776 4520
2784 21220
2796 3880
2797 21220
2798 4520
2799 6020
2803 6400
2810 6400
2811 5460
2813 34000
2816 4560
2824 4820
2836 29140
2837 4820
2838 4560
2839 8580
2843 3460
2850 3460
2851 5360
2853 11380
2856 22420
2864 4340
2876 6260
2877 4340
2878 22420
2879 5100
2883 21220
2890 21220
2891 3560
2893 12140
2896 4260
2904 2680
2916 8280
2917 2680
2918 4260
2919 16740
2923 4820
2930 4820
2931 19800
2933 24900
2936 2900
2944 23880
2956 5580
2957 23880
2958 2900
2959 5460
2963 4340
2970 4340
2971 4620
2973 21360
2976 2140
2984 3760
2996 24420
2997 3760
2998 2140
2999 5092
