0 0
212 43240
252 16900
292 4040
332 4860
372 3960
412 9480
452 3640
492 3340
501 43240
532 2500
541 16900
572 14200
581 4040
612 2680
621 4860
652 4400
661 3960
670 43240
692 3660
701 9480
703 43240
710 16900
732 25840
741 3640
743 16900
750 4040
772 5340
781 3340
783 4040
790 4860
812 6400
821 2500
823 4860
830 3960
840 43240
852 3460
861 14200
863 3960
870 9480
880 16900
892 21220
901 2680
903 9480
910 3640
920 4040
932 4820
941 4400
943 3640
950 3340
960 4860
972 4340
981 3660
983 3340
990 2500
1000 3960
1012 2680
1021 25840
1023 2500
1030 14200
1035 43240
1040 9480
1052 23880
1061 5340
1063 14200
1070 2680
1075 16900
1080 3640
1092 3760
1101 6400
1103 2680
1110 4400
1115 4040
1120 3340
1132 4520
1141 3460
1143 4400
1150 3660
1155 4860
1160 2500
1172 4560
1181 21220
1183 3660
1190 25840
1195 3960
1200 14200
1212 22420
1221 4820
1223 25840
1230 5340
1235 9480
1240 2680
1252 4260
1261 4340
1263 5340
1270 6400
1275 3640
1280 4400
1292 2900
1301 2680
1303 6400
1310 3460
1315 3340
1320 3660
1332 2140
1341 23880
1343 3460
1350 21220
1355 2500
1360 25840
1372 6780
1381 3760
1383 21220
1390 4820
1395 14200
1400 5340
1412 3220
1421 4520
1423 4820
1430 4340
1435 2680
1440 6400
1452 3660
1461 4560
1463 4340
1470 2680
1475 4400
1480 3460
1492 85500
1501 22420
1503 2680
1510 23880
1515 3660
1520 21220
1529 43240
1532 28540
1538 43240
1541 4260
1543 23880
1550 3760
1555 25840
1560 4820
1569 16900
1572 6020
1578 16900
1581 2900
1583 3760
1590 4520
1595 5340
1600 4340
1609 4040
1612 8580
1618 4040
1621 2140
1623 4520
1630 4560
1635 6400
1640 2680
1649 4860
1652 5100
1658 4860
1661 6780
1663 4560
1670 22420
1675 3460
1680 23880
1689 3960
1692 16740
1698 3960
1701 3220
1703 22420
1710 4260
1715 21220
1720 3760
1729 9480
1732 5460
1738 9480
1741 3660
1743 4260
1749 43240
1750 2900
1755 4820
1760 4520
1769 3640
1772 5360
1778 3640
1781 85500
1783 2900
1789 16900
1790 2140
1795 4340
1800 4560
1809 3340
1812 3560
1818 3340
1821 28540
1823 2140
1829 4040
1830 6780
1835 2680
1840 22420
1849 2500
1852 19800
1858 2500
1860 43240
1861 6020
1863 6780
1869 4860
1870 3220
1875 23880
1880 4260
1889 14200
1892 4620
1898 14200
1900 16900
1901 8580
1903 3220
1909 3960
1910 3660
1915 3760
1920 2900
1929 2680
1932 6020
1938 2680
1940 4040
1941 5100
1943 3660
1949 9480
1950 85500
1955 4520
1960 2140
1969 4400
1972 4440
1978 4400
1980 4860
1981 16740
1983 85500
1989 3640
1990 28540
1995 4560
2000 6780
2009 3660
2012 24200
2018 3660
2020 3960
2021 5460
2023 28540
2029 3340
2030 6020
2035 22420
2040 3220
2049 25840
2052 4460
2058 25840
2060 9480
2061 5360
2063 6020
2069 2500
2070 8580
2075 4260
2080 3660
2089 5340
2092 7180
2098 5340
2100 3640
2101 3560
2103 8580
2109 14200
2110 5100
2115 2900
2120 85500
2129 6400
2132 6540
2138 6400
2140 3340
2141 19800
2143 5100
2149 2680
2150 16740
2155 2140
2160 28540
2169 3460
2172 23960
2178 3460
2180 2500
2181 4620
2183 16740
2189 4400
2190 5460
2195 6780
2200 6020
2201 43240
2209 21220
2212 6620
2218 21220
2220 14200
2221 6020
2223 5460
2229 3660
2230 5360
2235 3220
2240 8580
2241 16900
2249 4820
2252 6200
2258 4820
2260 2680
2261 4440
2263 5360
2269 25840
2270 3560
2275 3660
2280 5100
2281 4040
2289 4340
2292 3880
2298 4340
2300 4400
2301 24200
2303 3560
2309 5340
2310 19800
2315 85500
2320 16740
2321 4860
2329 2680
2332 29140
2338 2680
2340 3660
2341 4460
2343 19800
2349 6400
2350 4620
2355 28540
2360 5460
2361 3960
2369 23880
2372 6260
2378 23880
2380 25840
2381 7180
2383 4620
2389 3460
2390 6020
2395 6020
2400 5360
2401 9480
2409 3760
2412 8280
2418 3760
2420 5340
2421 6540
2423 6020
2429 21220
2430 4440
2435 8580
2440 3560
2441 3640
2449 4520
2452 5580
2458 4520
2460 6400
2461 23960
2463 4440
2469 4820
2470 24200
2475 5100
2480 19800
2481 3340
2489 4560
2492 24420
2498 4560
2500 3460
2501 6620
2503 24200
2509 4340
2510 4460
2515 16740
2520 4620
2521 2500
2529 22420
2532 5740
2538 22420
2540 21220
2541 6200
2543 4460
2549 2680
2550 7180
2555 5460
2560 6020
2561 14200
2569 4260
2572 7460
2578 4260
2580 4820
2581 3880
2583 7180
2589 23880
2590 6540
2595 5360
2600 4440
2601 2680
2609 2900
2612 5040
2618 2900
2620 4340
2621 29140
2623 6540
2629 3760
2630 23960
2632 43240
2635 46800
2640 24200
2641 4400
2649 2140
2652 9180
2658 2140
2660 2680
2661 6260
2663 23960
2669 4520
2670 6620
2672 16900
2675 36700
2676 43240
2680 4460
2681 3660
2689 6780
2692 5140
2698 6780
2700 23880
2701 8280
2703 6620
2709 4560
2710 6200
2712 4040
2715 8660
2716 16900
2720 7180
2721 25840
2729 3220
2732 6380
2738 3220
2740 3760
2741 5580
2743 6200
2749 22420
2750 3880
2752 4860
2755 10880
2756 4040
2760 6540
2761 5340
2769 3660
2772 114340
2778 3660
2780 4520
2781 24420
2783 3880
2789 4260
2790 29140
2792 3960
2795 8400
2796 4860
2800 23960
2801 6400
2809 85500
2812 26100
2818 85500
2820 4560
2821 5740
2823 29140
2829 2900
2830 6260
2832 9480
2835 33680
2836 3960
2840 6620
2841 3460
2849 28540
2852 6000
2858 28540
2860 22420
2861 7460
2863 6260
2869 2140
2870 8280
2872 3640
2875 8100
2876 9480
2880 6200
2881 21220
2889 6020
2892 9080
2898 6020
2900 4260
2901 5040
2903 8280
2909 6780
2910 5580
2912 3340
2915 10520
2916 3640
2920 3880
2921 4820
2929 8580
2932 5860
2938 8580
2940 2900
2941 9180
2943 5580
2949 3220
2950 24420
2952 2500
2955 9040
2956 3340
2960 29140
2961 4340
2969 5100
2972 23580
2978 5100
2980 2140
2981 5140
2983 18315
