0 0
190 43240
193 43240
230 16900
233 16900
270 4040
273 4040
310 4860
313 4860
350 3960
353 3960
390 9480
393 9480
430 3640
433 3640
470 3340
473 3340
510 2500
513 2500
550 14200
553 14200
590 2680
593 2680
630 4400
633 4400
670 3660
673 3660
710 25840
713 25840
750 5340
753 5340
790 6400
793 6400
830 3460
833 3460
870 21220
873 21220
910 4820
913 4820
950 4340
953 4340
990 2680
993 2680
1030 23880
1033 23880
1070 3760
1073 3760
1110 4520
1113 4520
1150 4560
1153 4560
1190 22420
1193 22420
1230 4260
1233 4260
1270 2900
1273 2900
1310 2140
1313 2140
1350 6780
1353 6780
1390 3220
1393 3220
1430 3660
1433 3660
1470 85500
1473 85500
1510 28540
1513 28540
1550 6020
1553 6020
1590 8580
1593 8580
1630 5100
1633 5100
1670 16740
1673 16740
1710 5460
1713 5460
1750 5360
1753 5360
1790 3560
1793 3560
1830 19800
1833 19800
1868 43240
1870 4620
1873 4620
1908 16900
1910 6020
1913 6020
1915 43240
1948 4040
1950 4440
1953 4440
1955 16900
1988 4860
1990 24200
1993 24200
1995 4040
2013 43240
2028 3960
2030 4460
2033 4460
2035 4860
2053 16900
2068 9480
2070 7180
2073 7180
2075 3960
2093 4040
2108 3640
2110 6540
2113 6540
2115 9480
2133 4860
2148 3340
2150 23960
2153 23960
2155 3640
2173 3960
2188 2500
2190 6620
2193 6620
2195 3340
2213 9480
2228 14200
2230 6200
2233 6200
2235 2500
2253 3640
2268 2680
2270 3880
2273 3880
2275 14200
2279 43240
2293 3340
2308 4400
2310 29140
2313 29140
2315 2680
2319 16900
2322 43240
2333 2500
2348 3660
2350 6260
2353 6260
2355 4400
2359 4040
2362 16900
2373 14200
2388 25840
2390 8280
2393 8280
2395 3660
2399 4860
2402 4040
2413 2680
2428 5340
2430 5580
2433 5580
2435 25840
2439 3960
2442 4860
2453 4400
2468 6400
2470 24420
2473 24420
2475 5340
2479 9480
2482 3960
2493 3660
2508 3460
2510 5740
2513 5740
2515 6400
2519 3640
2522 9480
2533 25840
2548 21220
2550 7460
2553 7460
2555 3460
2559 3340
2562 3640
2573 5340
2588 4820
2590 5040
2593 5040
2595 21220
2599 2500
2602 3340
2613 6400
2628 4340
2630 9180
2633 9180
2635 4820
2639 14200
2642 2500
2653 3460
2668 2680
2670 5140
2671 43240
2673 5140
2675 4340
2679 2680
2682 14200
2693 21220
2708 23880
2710 6380
2711 16900
2713 6380
2715 2680
2716 43240
2719 4400
2722 2680
2733 4820
2748 3760
2750 114340
2751 4040
2753 114340
2755 23880
2756 16900
2759 3660
2762 4400
2773 4340
2788 4520
2790 26100
2791 4860
2793 26100
2795 3760
2796 4040
2799 25840
2802 3660
2813 2680
2828 4560
2830 6000
2831 3960
2833 6000
2835 4520
2836 4860
2839 5340
2842 25840
2853 23880
2868 22420
2870 9080
2871 9480
2873 9080
2875 4560
2876 3960
2879 6400
2882 5340
2893 3760
2908 4260
2910 5860
2911 3640
2913 5860
2915 22420
2916 9480
2919 3460
2922 6400
2933 4520
2948 2900
2950 23580
2951 3340
2953 23580
2955 4260
2956 3640
2959 21220
2962 3460
2973 4560
2988 2140
2990 6480
2991 2500
2993 6480
