0 0
131 43240
171 16900
211 4040
250 43240
251 4860
290 16900
291 3960
330 4040
331 9480
370 4860
371 3640
410 3960
411 3340
450 9480
451 2500
490 3640
491 14200
530 3340
531 2680
556 43240
570 2500
571 4400
596 16900
610 14200
611 3660
636 4040
650 2680
651 25840
676 4860
690 4400
691 5340
716 3960
730 3660
731 6400
756 9480
770 25840
771 3460
796 3640
810 5340
811 21220
824 43240
836 3340
850 6400
851 4820
864 16900
869 43240
876 2500
890 3460
891 4340
904 4040
909 16900
916 14200
930 21220
931 2680
944 4860
949 4040
956 2680
970 4820
971 23880
984 3960
989 4860
996 4400
1010 4340
1011 3760
1024 9480
1029 3960
1036 3660
1050 2680
1051 4520
1064 3640
1069 9480
1076 25840
1090 23880
1091 4560
1104 3340
1109 3640
1116 5340
1130 3760
1131 22420
1144 2500
1149 3340
1156 6400
1170 4520
1171 4260
1184 14200
1189 2500
1196 3460
1210 4560
1211 2900
1224 2680
1229 14200
1236 21220
1250 22420
1251 2140
1264 4400
1269 2680
1276 4820
1290 4260
1291 6780
1304 3660
1309 4400
1316 4340
1329 43240
1330 2900
1331 3220
1344 25840
1349 3660
1356 2680
1369 16900
1370 2140
1371 3660
1384 5340
1389 25840
1396 23880
1398 43240
1409 4040
1410 6780
1411 85500
1424 6400
1429 5340
1436 3760
1438 16900
1449 4860
1450 3220
1451 28540
1464 3460
1469 6400
1476 4520
1478 4040
1489 3960
1490 3660
1491 6020
1504 21220
1509 3460
1516 4560
1518 4860
1529 9480
1530 85500
1531 8580
1544 4820
1549 21220
1556 22420
1558 3960
1569 3640
1570 28540
1571 5100
1584 4340
1589 4820
1596 4260
1598 9480
1609 3340
1610 6020
1611 16740
1624 2680
1629 4340
1636 2900
1638 3640
1649 2500
1650 8580
1651 5460
1664 23880
1669 2680
1676 2140
1678 3340
1689 14200
1690 5100
1691 5360
1704 3760
1709 23880
1716 6780
1718 2500
1729 2680
1730 16740
1731 3560
1744 4520
1749 3760
1756 3220
1758 14200
1769 4400
1770 5460
1771 19800
1784 4560
1789 4520
1796 3660
1798 2680
1809 3660
1810 5360
1811 4620
1824 22420
1829 4560
1836 85500
1838 47640
1849 25840
1850 3560
1851 6020
1864 4260
1869 22420
1876 28540
1878 20560
1889 5340
1890 19800
1891 4440
1904 2900
1909 4260
1916 6020
1918 29880
1929 6400
1930 4620
1931 24200
1944 2140
1949 2900
1956 8580
1958 10200
1969 3460
1970 6020
1971 4460
1984 6780
1989 2140
1996 5100
1998 10360
2009 21220
2010 4440
2011 7180
2024 3220
2029 6780
2036 16740
2038 12940
2049 4820
2050 24200
2051 6540
2064 3660
2069 3220
2076 5460
2078 24860
2089 4340
2090 4460
2091 23960
2104 85500
2109 3660
2116 5360
2118 8160
2129 2680
2130 7180
2131 6620
2144 28540
2149 85500
2156 3560
2158 6840
2169 23880
2170 6540
2171 6200
2184 6020
2189 28540
2196 19800
2198 16880
2209 3760
2210 23960
2211 3880
2224 8580
2229 6020
2236 4620
2238 26560
2249 4520
2250 6620
2251 29140
2264 5100
2269 8580
2276 6020
2278 8160
2289 4560
2290 6200
2291 6260
2304 16740
2309 5100
2316 4440
2318 8180
2329 22420
2330 3880
2331 8280
2344 5460
2349 16740
2356 24200
2358 30400
2369 4260
2370 29140
2371 5580
2384 5360
2389 5460
2396 4460
2398 27760
2409 2900
2410 6260
2411 24420
2424 3560
2429 5360
2436 7180
2438 10660
2449 2140
2450 8280
2451 5740
2464 19800
2469 3560
2476 6540
2478 6360
2489 6780
2490 5580
2491 7460
2504 4620
2509 19800
2516 23960
2518 23360
2529 3220
2530 24420
2531 5040
2544 6020
2549 4620
2556 6620
2558 11600
2569 3660
2570 5740
2571 9180
2584 4440
2589 6020
2596 6200
2598 7560
2609 85500
2610 7460
2611 5140
2624 24200
2629 4440
2636 3880
2638 6340
2649 28540
2650 5040
2651 6380
2664 4460
2669 24200
2676 29140
2678 109380
2689 6020
2690 9180
2691 114340
2704 7180
2709 4460
2716 6260
2718 32300
2729 8580
2730 5140
2731 26100
2744 6540
2749 7180
2756 8280
2758 10540
2769 5100
2770 6380
2771 6000
2784 23960
2789 6540
2796 5580
2798 13140
2809 16740
2810 114340
2811 9080
2824 6620
2829 23960
2836 24420
2838 27520
2849 5460
2850 26100
2851 5860
2864 6200
2869 6620
2876 5740
2878 21000
2889 5360
2890 6000
2891 23580
2904 3880
2909 6200
2916 7460
2918 8360
2929 3560
2930 9080
2931 6480
2944 29140
2949 3880
2956 5040
2958 7500
2969 19800
2970 5860
2971 9400
2984 6260
2989 16027
