0 0
357 43240
397 16900
437 4040
457 43240
477 4860
497 16900
517 3960
537 4040
557 9480
577 4860
597 3640
617 3960
637 3340
657 9480
677 2500
697 3640
717 14200
737 3340
757 2680
777 2500
797 4400
817 14200
837 3660
857 2680
877 25840
897 4400
917 5340
937 3660
957 49640
977 25840
997 20360
1017 5340
1037 25260
1057 6400
1077 9680
1097 3460
1117 8300
1137 21220
1157 12160
1177 4820
1197 27520
1217 4340
1237 7100
1257 2680
1277 7020
1297 23880
1317 18760
1337 3760
1357 25100
1377 4520
1397 8660
1417 4560
1437 6560
1457 22420
1477 27980
1497 4260
1517 12120
1537 2900
1557 9620
1577 2140
1597 7120
1617 6780
1637 149960
1657 3220
1677 50260
1697 3660
1717 14400
1737 85500
1757 16120
1774 43240
1777 28540
1797 32940
1814 16900
1817 6020
1837 29980
1854 4040
1857 8580
1877 13620
1894 4860
1897 5100
1917 13260
1934 3960
1937 16740
1957 28480
1974 9480
1977 5460
1997 38260
2007 43240
2014 3640
2017 5360
2037 10200
2047 16900
2054 3340
2057 3560
2077 12560
2087 4040
2094 2500
2097 19800
2117 14880
2127 4860
2129 43240
2134 14200
2137 4620
2157 53260
2167 3960
2169 16900
2174 2680
2177 6020
2197 13460
2207 9480
2209 4040
2214 4400
2217 4440
2237 99080
2247 3640
2249 4860
2254 3660
2257 24200
2277 38540
2287 3340
2289 3960
2294 25840
2297 4460
2317 51200
2327 2500
2329 9480
2334 5340
2337 7180
2357 20020
2367 14200
2369 3640
2374 6400
2377 6540
2397 15640
2407 2680
2409 3340
2414 3460
2417 23960
2437 23300
2447 4400
2449 2500
2454 21220
2457 6620
2477 58480
2487 3660
2489 14200
2494 4820
2497 6200
2517 15380
2527 25840
2529 2680
2534 4340
2537 3880
2557 16360
2562 43240
2567 5340
2569 4400
2574 2680
2577 29140
2597 29940
2602 16900
2607 6400
2609 3660
2614 23880
2617 6260
2637 51460
2642 4040
2647 3460
2649 25840
2654 3760
2657 8280
2677 16020
2681 43240
2682 4860
2687 21220
2689 5340
2694 4520
2697 5580
2717 14800
2721 16900
2722 3960
2727 4820
2729 6400
2734 4560
2737 24420
2757 31380
2761 4040
2762 9480
2767 4340
2769 3460
2774 22420
2777 5740
2797 20420
2801 4860
2802 3640
2807 2680
2809 21220
2814 4260
2817 7460
2837 15540
2841 3960
2842 3340
2847 23880
2849 4820
2854 2900
2857 5040
2877 16580
2881 9480
2882 2500
2887 3760
2889 4340
2894 2140
2897 9180
2917 223800
2921 3640
2922 14200
2927 4520
2929 2680
2934 6780
2937 5140
2957 61260
2961 3340
2962 2680
2967 4560
2969 23880
2974 3220
2977 6380
