0 0
132 43240
172 16900
212 4040
220 43240
252 4860
260 16900
292 3960
300 4040
332 9480
340 4860
372 3640
380 3960
412 46580
420 9480
452 19400
460 3640
481 43240
492 18240
500 3340
521 16900
532 7540
540 2500
561 4040
572 8360
580 14200
601 4860
612 13140
620 2680
641 3960
652 29480
660 4400
681 9480
692 8680
700 3660
721 3640
732 8900
740 25840
761 3340
772 17660
780 5340
801 2500
812 23900
820 6400
841 14200
852 9220
860 3460
881 2680
892 8000
900 21220
921 4400
932 28520
940 4820
961 3660
972 29220
980 4340
995 43240
1001 25840
1012 10160
1020 2680
1035 16900
1041 5340
1047 43240
1052 7980
1060 23880
1075 4040
1081 6400
1087 16900
1092 25780
1100 3760
1115 4860
1121 3460
1127 4040
1132 27240
1140 4520
1155 3960
1161 21220
1167 4860
1172 8600
1180 4560
1195 9480
1201 4820
1207 3960
1212 5580
1220 22420
1230 43240
1235 3640
1241 4340
1247 9480
1252 26020
1260 4260
1270 16900
1275 3340
1281 2680
1287 3640
1292 10540
1300 2900
1310 4040
1315 2500
1321 23880
1327 3340
1332 7740
1340 2140
1350 4860
1355 14200
1361 3760
1367 2500
1372 8220
1380 6780
1390 3960
1395 2680
1401 4520
1402 43240
1404 43240
1407 14200
1412 107920
1420 3220
1430 9480
1435 4400
1441 4560
1442 16900
1444 16900
1447 2680
1452 32800
1460 3660
1470 3640
1475 3660
1481 22420
1482 4040
1484 4040
1487 4400
1492 8920
1500 85500
1510 3340
1515 25840
1521 4260
1522 4860
1524 4860
1527 3660
1532 10720
1540 28540
1550 2500
1555 5340
1561 2900
1562 3960
1564 3960
1567 25840
1572 11880
1580 6020
1590 14200
1595 6400
1601 2140
1602 9480
1604 9480
1605 43240
1607 5340
1612 19960
1620 8580
1630 2680
1635 3460
1641 6780
1642 3640
1644 3640
1645 16900
1647 6400
1652 9120
1660 5100
1670 4400
1675 21220
1681 3220
1682 3340
1684 3340
1685 4040
1687 3460
1692 90860
1700 16740
1710 3660
1715 4820
1721 3660
1722 2500
1724 2500
1725 4860
1727 21220
1732 32100
1740 5460
1750 25840
1755 4340
1761 85500
1762 14200
1764 14200
1765 3960
1767 4820
1770 43240
1772 25820
1780 5360
1790 5340
1795 2680
1801 28540
1802 2680
1804 2680
1805 9480
1807 4340
1810 16900
1812 13200
1820 3560
1830 6400
1835 23880
1841 6020
1842 4400
1844 4400
1845 3640
1847 2680
1850 4040
1852 11120
1860 19800
1870 3460
1875 3760
1881 8580
1882 3660
1884 3660
1885 3340
1887 23880
1890 4860
1892 21180
1900 4620
1910 21220
1915 4520
1921 5100
1922 25840
1924 25840
1925 2500
1927 3760
1930 3960
1932 29660
1940 6020
1950 4820
1955 4560
1961 16740
1962 5340
1964 5340
1965 14200
1967 4520
1970 9480
1972 9820
1980 4440
1990 4340
1995 22420
2001 5460
2002 6400
2004 6400
2005 2680
2007 4560
2010 3640
2012 10740
2020 24200
2030 2680
2035 4260
2041 5360
2042 3460
2044 3460
2045 4400
2047 22420
2050 3340
2052 26340
2060 4460
2070 23880
2075 2900
2081 3560
2082 21220
2084 21220
2085 3660
2087 4260
2090 2500
2092 28580
2100 7180
2110 3760
2115 2140
2121 19800
2122 4820
2124 4820
2125 25840
2127 2900
2130 14200
2132 12640
2140 6540
2150 4520
2155 6780
2161 4620
2162 4340
2164 4340
2165 5340
2167 2140
2170 2680
2172 10640
2180 23960
2186 43240
2188 43240
2190 4560
2195 3220
2201 6020
2202 2680
2204 2680
2205 6400
2207 6780
2210 4400
2212 28080
2220 6620
2226 16900
2228 16900
2230 22420
2235 3660
2241 4440
2242 23880
2244 23880
2245 3460
2247 3220
2250 3660
2252 33600
2260 6200
2266 4040
2268 4040
2270 4260
2275 85500
2281 24200
2282 3760
2284 3760
2285 21220
2287 3660
2290 25840
2292 13440
2300 3880
2306 4860
2308 4860
2310 2900
2315 28540
2321 4460
2322 4520
2324 4520
2325 4820
2327 85500
2330 5340
2332 14820
2340 29140
2346 3960
2348 3960
2350 2140
2355 6020
2361 7180
2362 4560
2364 4560
2365 4340
2367 28540
2370 6400
2372 29540
2380 6260
2386 9480
2388 9480
2390 6780
2395 8580
2401 6540
2402 22420
2404 22420
2405 2680
2407 6020
2410 3460
2412 31040
2420 8280
2426 3640
2428 3640
2430 3220
2435 5100
2441 23960
2442 4260
2444 4260
2445 23880
2447 8580
2450 21220
2452 11940
2460 5580
2466 3340
2468 3340
2469 43240
2470 3660
2475 16740
2481 6620
2482 2900
2484 2900
2485 3760
2487 5100
2490 4820
2492 11340
2500 24420
2506 2500
2508 2500
2509 16900
2510 85500
2515 5460
2521 6200
2522 2140
2524 2140
2525 4520
2527 16740
2530 4340
2532 34180
2540 5740
2546 14200
2548 14200
2549 4040
2550 28540
2555 5360
2561 3880
2562 6780
2564 6780
2565 4560
2567 5460
2570 2680
2572 15440
2580 7460
2586 2680
2588 2680
2589 4860
2590 6020
2595 3560
2601 29140
2602 3220
2604 3220
2605 22420
2607 5360
2610 23880
2612 13420
2620 5040
2626 4400
2628 4400
2629 3960
2630 8580
2635 19800
2641 6260
2642 3660
2644 3660
2645 4260
2647 3560
2650 3760
2652 11960
2660 9180
2666 3660
2668 3660
2669 9480
2670 5100
2675 4620
2681 8280
2682 85500
2684 85500
2685 2900
2687 19800
2690 4520
2692 138760
2700 5140
2706 25840
2708 25840
2709 3640
2710 16740
2715 6020
2721 5580
2722 28540
2724 28540
2725 2140
2727 4620
2730 4560
2732 31840
2740 6380
2746 5340
2748 5340
2749 3340
2750 5460
2755 4440
2761 24420
2762 6020
2764 6020
2765 6780
2767 6020
2770 22420
2772 13460
2780 114340
2786 6400
2788 6400
2789 2500
2790 5360
2795 24200
2801 5740
2802 8580
2804 8580
2805 3220
2807 4440
2810 4260
2812 14120
2820 26100
2826 3460
2828 3460
2829 14200
2830 3560
2835 4460
2841 7460
2842 5100
2844 5100
2845 3660
2847 24200
2850 2900
2852 15040
2860 6000
2866 21220
2868 21220
2869 2680
2870 19800
2875 7180
2881 5040
2882 16740
2884 16740
2885 85500
2887 4460
2890 2140
2892 28720
2900 9080
2906 4820
2908 4820
2909 4400
2910 4620
2915 6540
2921 9180
2922 5460
2924 5460
2925 28540
2927 7180
2930 6780
2932 12860
2940 5860
2946 4340
2948 4340
2949 3660
2950 6020
2955 23960
2961 5140
2962 5360
2964 5360
2965 6020
2967 6540
2970 3220
2972 105342
