0 0
885 43240
925 16900
934 43240
965 4040
974 16900
1005 4860
1014 4040
1045 3960
1054 4860
1061 43240
1085 9480
1094 3960
1098 43240
1101 16900
1125 3640
1134 9480
1138 16900
1141 4040
1165 3340
1174 3640
1178 4040
1181 4860
1205 2500
1214 3340
1218 4860
1221 3960
1245 14200
1254 2500
1258 3960
1261 9480
1285 2680
1294 14200
1298 9480
1301 3640
1325 4400
1334 2680
1338 3640
1341 3340
1365 3660
1374 4400
1378 3340
1381 2500
1405 25840
1414 3660
1418 2500
1421 14200
1445 5340
1454 25840
1458 14200
1461 2680
1485 6400
1494 5340
1498 2680
1501 4400
1518 43240
1525 3460
1534 6400
1538 4400
1541 3660
1558 16900
1565 21220
1574 3460
1575 43240
1578 3660
1581 25840
1598 4040
1605 4820
1614 21220
1615 16900
1618 25840
1621 5340
1638 4860
1645 4340
1646 43240
1654 4820
1655 4040
1658 5340
1661 6400
1678 3960
1685 2680
1686 16900
1694 4340
1695 4860
1698 6400
1701 3460
1718 9480
1725 23880
1726 4040
1734 2680
1735 3960
1738 3460
1741 21220
1758 3640
1765 3760
1766 4860
1774 23880
1775 9480
1778 21220
1781 4820
1798 3340
1805 4520
1806 3960
1814 3760
1815 3640
1818 4820
1821 4340
1838 2500
1845 4560
1846 9480
1854 4520
1855 3340
1858 4340
1861 2680
1878 14200
1885 22420
1886 3640
1894 4560
1895 2500
1898 2680
1901 23880
1904 43240
1918 2680
1925 4260
1926 3340
1934 22420
1935 14200
1938 23880
1941 3760
1944 16900
1958 4400
1965 2900
1966 2500
1974 4260
1975 2680
1978 3760
1981 4520
1984 4040
1998 3660
2005 2140
2006 14200
2014 2900
2015 4400
2018 4520
2021 4560
2024 4860
2038 25840
2045 6780
2046 2680
2054 2140
2055 3660
2058 4560
2061 22420
2064 3960
2078 5340
2085 3220
2086 4400
2094 6780
2095 25840
2098 22420
2101 4260
2104 9480
2118 6400
2125 3660
2126 3660
2134 3220
2135 48580
2138 4260
2141 2900
2144 3640
2152 43240
2158 3460
2165 85500
2166 25840
2174 3660
2175 23300
2178 2900
2181 2140
2184 3340
2192 16900
2198 21220
2205 28540
2206 5340
2214 85500
2215 7500
2218 2140
2221 6780
2224 2500
2232 4040
2238 4820
2245 6020
2246 6400
2254 28540
2255 26080
2258 6780
2261 3220
2264 14200
2272 4860
2278 4340
2285 8580
2286 3460
2294 6020
2295 8780
2298 3220
2301 3660
2304 2680
2312 3960
2318 2680
2325 5100
2326 21220
2334 8580
2335 13820
2338 3660
2341 85500
2344 4400
2352 9480
2358 23880
2365 16740
2366 4820
2374 5100
2375 6320
2378 85500
2381 28540
2384 3660
2392 3640
2398 3760
2405 5460
2406 4340
2414 16740
2415 27220
2418 28540
2421 6020
2424 25840
2432 3340
2438 4520
2445 5360
2446 2680
2454 5460
2455 6260
2458 6020
2461 8580
2464 5340
2472 2500
2478 4560
2485 3560
2486 23880
2494 5360
2495 18720
2498 8580
2501 5100
2504 6400
2512 14200
2518 22420
2525 19800
2526 3760
2534 3560
2535 7240
2538 5100
2541 16740
2544 3460
2552 2680
2558 4260
2565 4620
2566 4520
2574 19800
2575 26820
2578 16740
2581 5460
2584 21220
2592 4400
2598 2900
2605 6020
2606 4560
2614 4620
2615 7920
2618 5460
2621 5360
2624 4820
2632 3660
2638 2140
2645 4440
2646 22420
2654 6020
2655 28740
2658 5360
2661 3560
2664 4340
2672 25840
2678 6780
2685 24200
2686 4260
2687 43240
2694 4440
2695 7480
2698 3560
2701 19800
2703 43240
2704 2680
2712 5340
2718 3220
2725 4460
2726 2900
2727 16900
2734 24200
2735 13180
2738 19800
2741 4620
2743 16900
2744 23880
2752 6400
2758 3660
2765 7180
2766 2140
2767 4040
2774 4460
2775 6680
2778 4620
2781 6020
2783 4040
2784 3760
2792 3460
2798 85500
2805 6540
2806 6780
2807 4860
2814 7180
2815 24880
2818 6020
2821 4440
2823 4860
2824 4520
2832 21220
2838 28540
2845 23960
2846 3220
2847 3960
2854 6540
2855 90320
2858 4440
2861 24200
2863 3960
2864 4560
2872 4820
2878 6020
2885 6620
2886 3660
2887 9480
2894 23960
2895 32880
2898 24200
2901 4460
2903 9480
2904 22420
2912 4340
2918 8580
2925 6200
2926 85500
2927 3640
2934 6620
2935 8700
2938 4460
2941 7180
2943 3640
2944 4260
2952 2680
2958 5100
2965 3880
2966 28540
2967 3340
2974 6200
2975 32460
2978 7180
2981 6540
2983 2338
