0 0
380 43240
404 43240
416 43240
420 16900
444 16900
456 16900
460 4040
484 4040
496 4040
500 4860
524 4860
536 4860
540 3960
558 43240
564 3960
576 3960
580 9480
598 16900
604 9480
616 9480
620 3640
638 4040
644 3640
656 3640
660 3340
678 4860
684 3340
696 3340
700 2500
718 3960
724 2500
736 2500
740 14200
758 9480
761 43240
764 14200
776 14200
780 2680
798 3640
801 16900
804 2680
816 2680
820 4400
838 3340
841 4040
844 4400
856 4400
860 3660
878 2500
881 4860
884 3660
896 3660
900 25840
918 14200
921 3960
924 25840
936 25840
940 5340
958 2680
961 9480
964 5340
976 5340
980 6400
998 4400
1001 3640
1004 6400
1016 6400
1020 3460
1038 3660
1041 3340
1044 3460
1056 3460
1060 21220
1078 25840
1081 2500
1084 21220
1096 21220
1100 4820
1111 43240
1118 5340
1121 14200
1124 4820
1136 4820
1140 4340
1151 16900
1158 6400
1161 2680
1164 4340
1176 47580
1180 2680
1191 4040
1198 3460
1201 4400
1204 2680
1216 19580
1220 23880
1231 4860
1238 21220
1241 3660
1244 23880
1256 27920
1260 3760
1271 3960
1278 48060
1281 25840
1284 3760
1296 8620
1300 4520
1311 9480
1318 21240
1321 5340
1324 4520
1336 8480
1340 4560
1351 3640
1358 6720
1361 6400
1364 4560
1376 14040
1380 22420
1391 3340
1398 28740
1401 3460
1404 22420
1416 26060
1420 4260
1431 2500
1438 7720
1441 21220
1444 4260
1456 7600
1460 2900
1471 14200
1478 14000
1481 4820
1484 2900
1496 5400
1500 2140
1511 2680
1518 8200
1521 4340
1524 2140
1536 16340
1540 6780
1551 4400
1558 25760
1561 2680
1564 6780
1576 9460
1580 3220
1591 3660
1598 6760
1601 23880
1604 3220
1616 7620
1620 3660
1631 25840
1638 17100
1641 3760
1644 3660
1656 7320
1660 85500
1671 5340
1678 4820
1681 4520
1684 85500
1696 111340
1700 28540
1711 6400
1718 11180
1721 4560
1724 28540
1736 33880
1740 6020
1751 3460
1758 6880
1761 22420
1764 6020
1776 12420
1780 8580
1791 21220
1798 29500
1801 4260
1804 8580
1816 12040
1820 5100
1831 4820
1838 90840
1841 2900
1844 5100
1856 26320
1860 16740
1871 4340
1878 34940
1881 2140
1884 16740
1896 21560
1900 5460
1911 2680
1918 9480
1921 6780
1924 5460
1925 43240
1936 9800
1940 5360
1951 23880
1958 29800
1961 3220
1964 5360
1965 16900
1976 8040
1980 3560
1991 3760
1998 9920
2001 3660
2004 3560
2005 4040
2016 27440
2020 19800
2028 43240
2031 4520
2038 21080
2041 85500
2044 19800
2045 4860
2056 23560
2060 4620
2068 16900
2071 4560
2078 8140
2081 28540
2084 4620
2085 3960
2096 9140
2100 6020
2108 4040
2111 22420
2118 29240
2121 6020
2124 6020
2125 9480
2136 10580
2138 43240
2140 4440
2148 4860
2151 4260
2158 7320
2161 8580
2164 4440
2165 3640
2167 43240
2176 26860
2178 16900
2180 24200
2188 3960
2191 2900
2198 24320
2201 5100
2204 24200
2205 3340
2207 16900
2216 28460
2218 4040
2220 4460
2228 9480
2231 2140
2238 9180
2241 16740
2244 4460
2245 2500
2247 4040
2256 7360
2258 4860
2260 7180
2268 3640
2271 6780
2278 28440
2281 5460
2284 7180
2285 14200
2287 4860
2296 9320
2298 3960
2300 6540
2308 3340
2311 3220
2318 8700
2321 5360
2324 6540
2325 2680
2327 3960
2336 13320
2338 9480
2340 23960
2348 2500
2351 3660
2358 27100
2361 3560
2364 23960
2365 4400
2367 9480
2376 27180
2378 3640
2380 6620
2388 14200
2391 85500
2398 6600
2401 19800
2404 6620
2405 3660
2407 3640
2416 10280
2418 3340
2420 6200
2428 2680
2431 28540
2438 13960
2441 4620
2444 6200
2445 25840
2447 3340
2456 91700
2458 2500
2460 3880
2468 4400
2471 6020
2478 9760
2481 6020
2484 3880
2485 5340
2487 2500
2496 32420
2498 14200
2500 29140
2508 3660
2511 8580
2518 27620
2521 4440
2524 29140
2525 6400
2527 14200
2536 35160
2538 2680
2540 6260
2548 25840
2551 48340
2558 92120
2561 24200
2564 6260
2565 3460
2567 2680
2576 14840
2578 4400
2580 8280
2588 5340
2591 33640
2598 34740
2601 4460
2604 8280
2605 21220
2607 4400
2616 13380
2618 3660
2620 5580
2628 6400
2631 9500
2638 9900
2641 7180
2644 5580
2645 4820
2647 3660
2656 22320
2658 25840
2660 24420
2668 3460
2671 10220
2678 37720
2681 6540
2684 24420
2685 4340
2687 25840
2696 29880
2698 5340
2700 5740
2708 21220
2711 7520
2718 11360
2721 23960
2724 5740
2725 2680
2727 5340
2736 11100
2738 6400
2740 7460
2748 4820
2751 29280
2758 25020
2761 6620
2764 7460
2765 23880
2767 6400
2776 11020
2778 3460
2780 5040
2788 4340
2791 8260
2798 11040
2801 6200
2804 5040
2805 3760
2807 3460
2816 24840
2818 21220
2820 9180
2828 2680
2831 9360
2838 29780
2841 3880
2844 9180
2845 4520
2847 21220
2856 13800
2858 4820
2860 5140
2868 23880
2871 6940
2878 9300
2881 29140
2884 5140
2885 4560
2887 4820
2896 11160
2898 4340
2900 6380
2908 3760
2911 38400
2918 27260
2921 6260
2924 6380
2925 22420
2927 4340
2936 10820
2938 2680
2940 114340
2948 4520
2951 7140
2958 9660
2961 8280
2964 114340
2965 4260
2967 2680
2976 138540
2978 23880
2980 26100
2988 456
