0 0
114 43240
154 16900
177 43240
194 4040
217 16900
234 4860
257 4040
271 43240
274 3960
297 4860
311 16900
314 9480
337 3960
351 4040
354 3640
377 9480
391 4860
394 3340
417 3640
431 3960
434 2500
457 3340
471 9480
474 14200
487 43240
497 2500
511 3640
514 2680
527 16900
537 14200
551 3340
554 4400
567 4040
577 2680
591 2500
594 3660
607 4860
617 4400
631 14200
634 25840
647 3960
657 3660
671 2680
674 5340
687 9480
697 25840
711 4400
714 6400
727 3640
737 5340
751 3660
754 3460
767 3340
777 6400
791 25840
794 21220
807 2500
817 3460
831 5340
834 4820
847 14200
857 21220
871 6400
874 4340
887 2680
897 4820
911 3460
914 2680
927 4400
937 4340
951 21220
954 23880
967 3660
977 2680
982 43240
991 4820
994 3760
1007 25840
1013 43240
1017 23880
1022 16900
1031 4340
1034 4520
1047 5340
1053 16900
1057 3760
1062 4040
1071 2680
1074 4560
1087 6400
1093 4040
1097 4520
1100 43240
1102 4860
1111 23880
1114 22420
1127 3460
1133 4860
1137 4560
1140 16900
1142 3960
1151 3760
1153 43240
1154 4260
1167 21220
1173 3960
1177 22420
1180 4040
1182 9480
1191 4520
1193 16900
1194 2900
1207 4820
1213 9480
1217 4260
1220 4860
1222 3640
1231 4560
1233 4040
1234 2140
1247 4340
1253 3640
1257 2900
1260 3960
1262 3340
1271 22420
1273 4860
1274 6780
1287 2680
1293 3340
1297 2140
1300 9480
1302 2500
1311 4260
1313 3960
1314 3220
1327 23880
1333 2500
1337 6780
1340 3640
1342 14200
1351 2900
1353 9480
1354 3660
1367 3760
1373 14200
1377 3220
1380 3340
1382 2680
1391 2140
1393 3640
1394 85500
1407 4520
1413 2680
1417 3660
1420 2500
1422 4400
1431 6780
1433 3340
1434 28540
1447 4560
1453 4400
1457 85500
1460 14200
1462 3660
1471 3220
1473 2500
1474 6020
1487 22420
1493 3660
1497 28540
1500 2680
1502 25840
1511 3660
1513 14200
1514 8580
1527 4260
1533 25840
1537 6020
1540 4400
1542 5340
1551 85500
1553 2680
1554 5100
1567 2900
1573 5340
1577 8580
1580 3660
1582 6400
1591 28540
1593 4400
1594 16740
1607 2140
1613 6400
1617 5100
1620 25840
1622 3460
1631 6020
1633 3660
1634 5460
1647 6780
1653 3460
1657 16740
1660 5340
1662 21220
1671 8580
1673 25840
1674 5360
1687 3220
1693 21220
1697 5460
1700 6400
1702 4820
1711 5100
1713 5340
1714 3560
1727 3660
1733 4820
1737 5360
1740 3460
1742 4340
1751 16740
1753 6400
1754 19800
1767 85500
1773 4340
1777 3560
1780 21220
1782 2680
1791 5460
1793 3460
1794 4620
1807 28540
1813 2680
1817 19800
1820 4820
1822 23880
1831 5360
1833 21220
1834 6020
1847 6020
1853 23880
1857 4620
1860 4340
1862 3760
1871 3560
1873 4820
1874 4440
1887 8580
1893 3760
1897 6020
1900 2680
1902 4520
1911 19800
1913 4340
1914 24200
1927 5100
1933 4520
1937 4440
1940 23880
1942 4560
1951 4620
1953 2680
1954 4460
1967 16740
1973 4560
1977 24200
1980 3760
1982 22420
1991 6020
1993 23880
1994 7180
2007 5460
2013 22420
2017 4460
2020 4520
2022 4260
2031 4440
2033 3760
2034 6540
2047 5360
2053 4260
2057 7180
2060 4560
2062 2900
2071 24200
2073 4520
2074 23960
2087 3560
2093 2900
2097 6540
2100 22420
2102 2140
2111 4460
2113 4560
2114 6620
2127 19800
2133 2140
2137 23960
2140 4260
2142 6780
2151 7180
2153 22420
2154 6200
2167 4620
2173 6780
2177 6620
2180 2900
2182 3220
2191 6540
2193 4260
2194 3880
2207 6020
2213 3220
2217 6200
2220 2140
2222 3660
2231 23960
2233 2900
2234 29140
2247 4440
2253 3660
2257 3880
2260 6780
2262 85500
2271 6620
2273 2140
2274 6260
2287 24200
2293 85500
2297 29140
2300 3220
2302 28540
2311 6200
2313 6780
2314 8280
2327 4460
2333 28540
2337 6260
2340 3660
2342 6020
2351 3880
2353 3220
2354 5580
2363 43240
2367 7180
2373 6020
2377 8280
2380 85500
2382 8580
2391 29140
2393 3660
2394 24420
2403 16900
2404 43240
2407 6540
2413 8580
2417 5580
2420 28540
2422 5100
2431 6260
2433 85500
2434 5740
2443 4040
2444 16900
2447 23960
2453 5100
2457 24420
2460 6020
2462 16740
2471 8280
2473 28540
2474 7460
2483 4860
2484 4040
2487 6620
2493 16740
2497 5740
2500 8580
2502 5460
2511 5580
2513 6020
2514 5040
2523 3960
2524 4860
2527 6200
2533 5460
2537 7460
2540 5100
2542 5360
2551 24420
2553 8580
2554 9180
2563 9480
2564 3960
2567 3880
2573 5360
2577 5040
2580 16740
2582 3560
2591 5740
2593 5100
2594 5140
2603 3640
2604 9480
2607 29140
2613 3560
2617 9180
2620 5460
2622 19800
2631 7460
2633 16740
2634 6380
2643 46580
2644 3640
2647 6260
2653 19800
2657 5140
2660 5360
2662 4620
2671 5040
2673 5460
2674 114340
2683 19400
2684 3340
2687 8280
2693 4620
2697 6380
2700 3560
2702 6020
2711 9180
2713 5360
2714 26100
2723 18240
2724 2500
2727 5580
2733 6020
2737 114340
2740 19800
2742 4440
2751 5140
2753 3560
2754 6000
2763 7540
2764 14200
2767 24420
2773 4440
2777 26100
2780 4620
2782 24200
2791 6380
2793 19800
2794 9080
2803 8360
2804 2680
2807 5740
2813 24200
2817 6000
2820 6020
2822 4460
2831 114340
2833 4620
2834 5860
2843 13140
2844 4400
2847 7460
2853 4460
2857 9080
2860 4440
2862 7180
2871 26100
2873 6020
2874 23580
2883 29480
2884 3660
2887 5040
2893 7180
2897 5860
2900 24200
2902 6540
2905 43240
2911 6000
2913 4440
2914 6480
2923 8680
2924 25840
2927 9180
2933 6540
2937 23580
2940 4460
2942 23960
2945 16900
2951 9080
2953 24200
2954 9400
2963 8900
2964 5340
2967 5140
2973 23960
2977 6480
2980 7180
2982 6620
2985 4040
2991 5860
2993 4460
