0 0
136 43240
149 43240
176 16900
189 16900
216 4040
229 4040
256 4860
269 4860
296 3960
309 3960
336 9480
349 9480
376 3640
389 3640
416 3340
429 3340
453 43240
456 2500
469 2500
493 16900
496 14200
509 14200
533 4040
536 2680
549 2680
573 4860
576 4400
589 4400
613 3960
616 3660
629 3660
653 9480
656 25840
669 25840
693 3640
696 5340
709 5340
725 43240
733 3340
736 6400
749 6400
765 16900
773 2500
776 3460
789 3460
805 4040
813 14200
816 21220
829 21220
845 4860
853 2680
856 4820
869 4820
885 3960
893 4400
896 4340
909 4340
925 9480
933 3660
936 2680
949 2680
965 3640
973 25840
976 23880
989 23880
1005 3340
1013 5340
1016 3760
1026 43240
1029 3760
1045 2500
1053 6400
1056 4520
1066 60140
1069 4520
1085 14200
1093 3460
1096 4560
1106 20940
1109 4560
1125 2680
1133 21220
1136 22420
1146 8900
1149 22420
1165 4400
1173 4820
1176 4260
1186 8820
1189 4260
1192 43240
1205 3660
1213 4340
1216 2900
1226 13440
1229 2900
1232 16900
1245 25840
1253 2680
1256 2140
1266 13120
1269 2140
1272 4040
1285 5340
1293 23880
1296 6780
1306 6980
1309 6780
1312 4860
1325 6400
1333 3760
1336 3220
1346 5840
1349 3220
1352 3960
1365 3460
1373 4520
1376 3660
1386 16700
1389 3660
1392 9480
1405 21220
1413 4560
1416 85500
1426 16880
1429 85500
1432 3640
1445 4820
1453 22420
1456 28540
1466 7080
1469 28540
1472 3340
1485 4340
1493 4260
1496 6020
1506 8060
1509 6020
1512 2500
1523 43240
1525 2680
1533 2900
1536 8580
1546 29500
1549 8580
1552 14200
1563 16900
1565 23880
1573 2140
1576 5100
1586 31180
1589 5100
1592 2680
1603 4040
1605 3760
1613 6780
1616 16740
1626 11740
1629 16740
1632 4400
1643 4860
1645 4520
1653 3220
1656 5460
1666 9860
1669 5460
1672 3660
1683 3960
1685 4560
1693 3660
1696 5360
1706 24680
1709 5360
1712 25840
1723 9480
1725 22420
1733 85500
1736 3560
1746 26040
1749 3560
1752 5340
1763 3640
1765 4260
1773 28540
1776 19800
1786 9160
1789 19800
1792 6400
1803 3340
1805 2900
1813 6020
1816 4620
1826 7020
1829 4620
1832 3460
1843 2500
1845 2140
1853 8580
1856 6020
1866 26560
1869 6020
1872 21220
1879 43240
1883 57440
1885 6780
1893 5100
1896 4440
1906 27640
1909 4440
1912 4820
1919 16900
1923 19580
1925 3220
1933 16740
1936 24200
1946 8280
1949 24200
1952 4340
1959 4040
1963 8440
1965 3660
1973 5460
1976 4460
1986 9080
1989 4460
1992 2680
1999 4860
2003 8520
2005 85500
2013 5360
2016 7180
2026 26980
2029 7180
2032 23880
2039 3960
2043 29800
2045 28540
2053 3560
2056 6540
2066 26680
2069 6540
2072 3760
2079 9480
2083 14820
2085 6020
2093 19800
2096 23960
2106 7160
2109 23960
2112 4520
2119 3640
2123 10040
2125 8580
2133 4620
2136 6620
2146 5040
2149 6620
2152 4560
2159 3340
2163 6800
2165 5100
2173 6020
2176 6200
2186 8920
2189 6200
2192 22420
2199 2500
2203 23720
2205 16740
2213 4440
2216 3880
2226 10000
2229 3880
2232 4260
2239 14200
2243 19020
2245 5460
2253 24200
2256 29140
2266 6880
2269 29140
2272 2900
2279 2680
2283 7020
2285 5360
2293 4460
2296 6260
2301 43240
2306 89160
2309 6260
2312 2140
2319 4400
2323 7080
2325 3560
2328 43240
2333 7180
2336 8280
2341 16900
2346 114040
2349 8280
2352 6780
2359 3660
2363 27540
2365 19800
2368 16900
2373 6540
2376 5580
2381 4040
2386 34560
2389 5580
2392 3220
2399 25840
2403 29600
2405 4620
2408 4040
2413 23960
2416 24420
2421 4860
2426 14600
2429 24420
2432 3660
2439 5340
2443 9860
2445 6020
2448 4860
2453 6620
2456 5740
2461 3960
2466 13680
2469 5740
2472 85500
2479 6400
2483 10960
2485 4440
2488 3960
2493 6200
2496 7460
2501 9480
2506 21840
2509 7460
2512 28540
2519 3460
2523 25880
2525 24200
2528 9480
2533 3880
2536 5040
2541 3640
2546 22200
2549 5040
2552 6020
2559 21220
2563 25480
2565 4460
2568 3640
2573 29140
2576 9180
2581 3340
2586 10820
2589 9180
2592 8580
2599 4820
2603 7720
2605 7180
2608 3340
2613 6260
2616 5140
2621 2500
2626 8920
2629 5140
2632 5100
2639 4340
2643 6480
2645 6540
2648 2500
2653 8280
2656 6380
2661 14200
2666 23360
2669 6380
2672 59980
2679 2680
2683 9460
2685 23960
2688 14200
2693 5580
2696 114340
2701 2680
2706 24420
2709 114340
2712 22360
2719 23880
2723 27100
2725 6620
2728 2680
2730 43240
2733 24420
2736 26100
2741 4400
2746 10640
2749 26100
2752 9400
2759 3760
2763 7420
2765 6200
2768 4400
2770 16900
2773 5740
2776 6000
2781 3660
2786 10460
2789 6000
2792 8420
2799 4520
2803 90020
2805 3880
2808 3660
2810 4040
2813 7460
2816 9080
2821 25840
2826 28640
2829 9080
2832 23760
2839 4560
2843 33100
2845 29140
2848 25840
2850 4860
2853 5040
2856 5860
2861 5340
2866 28660
2869 5860
2872 14100
2879 22420
2883 28440
2885 6260
2888 5340
2890 3960
2893 9180
2896 23580
2901 6400
2906 11640
2909 23580
2912 9660
2919 4260
2923 12840
2925 8280
2928 6400
2930 9480
2933 5140
2936 6480
2941 3460
2946 13720
2949 6480
2952 7780
2959 2900
2963 8000
2965 5580
2968 3460
2970 3640
2973 6380
2976 9400
2981 21220
