0 0
328 43240
368 16900
408 4040
448 4860
488 3960
528 9480
568 3640
608 3340
648 2500
680 43240
688 14200
720 16900
728 2680
760 4040
768 4400
800 4860
802 43240
808 3660
820 43240
840 3960
842 16900
848 25840
860 16900
880 9480
882 4040
888 5340
900 4040
920 3640
922 4860
928 6400
940 4860
960 3340
962 3960
968 3460
980 3960
1000 2500
1002 9480
1008 21220
1020 9480
1040 14200
1042 3640
1048 4820
1060 3640
1080 2680
1082 3340
1088 4340
1100 3340
1120 4400
1122 2500
1128 2680
1140 2500
1160 3660
1162 14200
1168 23880
1180 14200
1183 43240
1200 25840
1202 2680
1208 3760
1220 2680
1223 16900
1240 5340
1242 4400
1246 43240
1248 4520
1260 4400
1263 4040
1280 6400
1282 3660
1286 16900
1288 4560
1300 3660
1303 4860
1320 3460
1322 25840
1326 4040
1328 22420
1340 25840
1343 3960
1360 21220
1362 5340
1366 4860
1368 4260
1380 5340
1383 9480
1400 4820
1402 6400
1406 3960
1408 2900
1420 6400
1423 3640
1440 4340
1442 3460
1446 9480
1448 2140
1460 3460
1463 3340
1480 2680
1482 21220
1486 3640
1488 6780
1500 21220
1503 2500
1520 23880
1522 4820
1526 3340
1528 3220
1540 4820
1543 14200
1560 3760
1562 4340
1566 2500
1568 3660
1580 4340
1583 2680
1600 4520
1602 2680
1606 14200
1608 85500
1620 2680
1623 4400
1640 4560
1642 23880
1646 2680
1648 28540
1660 23880
1663 3660
1680 22420
1682 3760
1686 4400
1688 6020
1700 3760
1703 25840
1720 4260
1722 4520
1726 3660
1728 8580
1740 4520
1743 5340
1760 2900
1762 4560
1766 25840
1768 5100
1780 4560
1783 6400
1800 2140
1802 22420
1806 5340
1808 16740
1820 22420
1823 3460
1840 6780
1842 4260
1846 6400
1848 5460
1860 4260
1863 21220
1880 3220
1882 2900
1886 3460
1888 5360
1900 2900
1903 4820
1920 3660
1922 2140
1926 21220
1928 3560
1940 2140
1943 4340
1960 85500
1962 6780
1966 4820
1968 19800
1980 6780
1983 2680
2000 28540
2002 3220
2006 4340
2008 4620
2020 3220
2023 23880
2040 6020
2042 3660
2046 2680
2048 6020
2060 3660
2063 3760
2080 8580
2082 85500
2086 23880
2088 4440
2100 85500
2103 4520
2120 5100
2122 28540
2126 3760
2128 24200
2140 28540
2143 4560
2160 16740
2162 6020
2166 4520
2168 4460
2170 43240
2180 6020
2183 22420
2200 5460
2202 8580
2206 4560
2208 7180
2210 16900
2220 8580
2223 4260
2240 5360
2242 5100
2246 22420
2248 6540
2250 47280
2260 5100
2263 2900
2280 3560
2282 16740
2286 4260
2288 23960
2290 21760
2300 16740
2303 2140
2320 19800
2322 5460
2326 2900
2328 6620
2330 8000
2340 5460
2343 6780
2360 4620
2362 5360
2366 2140
2368 6200
2370 14340
2380 5360
2383 3220
2397 43240
2400 6020
2402 3560
2406 6780
2408 3880
2410 7600
2420 3560
2423 3660
2437 16900
2440 4440
2442 19800
2446 3220
2448 29140
2450 12820
2460 19800
2463 85500
2477 4040
2480 24200
2482 4620
2486 3660
2488 6260
2490 6140
2500 4620
2503 28540
2517 4860
2520 4460
2522 6020
2526 85500
2528 8280
2530 17540
2540 6020
2543 6020
2557 3960
2560 7180
2562 4440
2566 28540
2568 5580
2570 5180
2580 4440
2583 8580
2597 9480
2600 6540
2602 24200
2606 6020
2608 24420
2610 18600
2620 24200
2623 5100
2637 3640
2640 23960
2642 4460
2646 8580
2648 5740
2650 6340
2660 4460
2663 16740
2677 3340
2680 6620
2682 7180
2686 5100
2688 7460
2690 30240
2700 7180
2703 5460
2717 2500
2720 6200
2722 6540
2726 16740
2728 5040
2730 9000
2740 6540
2743 5360
2757 14200
2760 3880
2762 23960
2766 5460
2768 9180
2770 32240
2780 23960
2783 3560
2797 2680
2800 29140
2802 6620
2806 5360
2808 5140
2810 8800
2820 6620
2823 19800
2837 4400
2840 6260
2842 6200
2846 3560
2848 6380
2850 27620
2860 6200
2863 4620
2877 3660
2880 8280
2882 3880
2886 19800
2888 114340
2890 8280
2900 3880
2903 6020
2917 25840
2920 5580
2922 29140
2926 4620
2928 26100
2930 25560
2940 29140
2943 4440
2957 5340
2960 24420
2962 6260
2966 6020
2968 6000
2970 5758
