0 0
180 43240
210 43240
220 16900
250 16900
251 43240
260 4040
272 43240
290 4040
291 16900
300 4860
312 16900
330 4860
331 4040
340 3960
352 4040
370 3960
371 4860
380 9480
392 4860
410 9480
411 3960
420 3640
432 3960
450 3640
451 9480
460 3340
472 9480
490 3340
491 3640
500 2500
512 3640
530 2500
531 3340
540 14200
552 3340
570 14200
571 2500
580 2680
592 2500
610 2680
611 14200
620 4400
632 14200
650 4400
651 2680
660 3660
672 2680
690 3660
691 4400
700 25840
712 4400
724 43240
730 25840
731 3660
740 5340
752 3660
764 16900
770 5340
771 25840
780 6400
792 25840
804 4040
810 6400
811 5340
815 43240
820 3460
832 5340
844 4860
850 3460
851 6400
855 16900
860 21220
872 6400
884 3960
890 21220
891 3460
895 4040
900 4820
912 3460
924 9480
930 4820
931 21220
935 4860
940 4340
952 21220
964 3640
969 43240
970 4340
971 4820
975 3960
980 2680
992 4820
1004 3340
1009 16900
1010 2680
1011 4340
1015 9480
1020 23880
1032 4340
1044 2500
1049 4040
1050 23880
1051 2680
1055 3640
1060 3760
1072 2680
1084 14200
1089 4860
1090 3760
1091 23880
1095 3340
1100 4520
1112 23880
1124 2680
1129 3960
1130 4520
1131 3760
1135 2500
1140 4560
1152 3760
1164 4400
1169 9480
1170 4560
1171 4520
1175 14200
1180 22420
1192 4520
1204 3660
1209 3640
1210 22420
1211 4560
1215 2680
1220 4260
1232 4560
1244 25840
1249 3340
1250 4260
1251 22420
1255 4400
1260 2900
1272 22420
1284 5340
1289 2500
1290 2900
1291 4260
1295 3660
1300 2140
1312 4260
1324 6400
1329 14200
1330 2140
1331 2900
1335 25840
1340 6780
1352 2900
1364 3460
1369 2680
1370 6780
1371 2140
1375 5340
1380 3220
1392 2140
1404 21220
1409 4400
1410 3220
1411 6780
1415 6400
1420 3660
1432 6780
1444 4820
1449 3660
1450 3660
1451 3220
1455 3460
1460 85500
1472 3220
1483 43240
1484 4340
1489 25840
1490 85500
1491 3660
1495 21220
1500 28540
1512 3660
1523 16900
1524 45920
1529 5340
1530 28540
1531 85500
1535 4820
1540 6020
1552 85500
1563 4040
1564 40780
1569 6400
1570 6020
1571 28540
1575 4340
1580 8580
1592 28540
1603 4860
1604 7800
1609 3460
1610 8580
1611 6020
1615 2680
1620 5100
1632 6020
1643 3960
1644 9380
1649 21220
1650 5100
1651 8580
1655 23880
1660 16740
1672 8580
1683 9480
1684 8520
1689 4820
1690 16740
1691 5100
1695 3760
1700 5460
1712 5100
1723 3640
1724 31900
1729 4340
1730 5460
1731 16740
1735 4520
1740 5360
1752 16740
1758 43240
1763 3340
1764 7900
1769 2680
1770 5360
1771 5460
1775 4560
1780 3560
1792 5460
1798 16900
1803 2500
1804 6240
1809 23880
1810 3560
1811 5360
1815 22420
1820 19800
1832 5360
1838 4040
1843 14200
1844 4640
1849 3760
1850 19800
1851 3560
1855 4260
1860 4620
1872 3560
1873 43240
1878 4860
1883 2680
1884 20980
1889 4520
1890 4620
1891 19800
1895 2900
1900 6020
1912 19800
1913 16900
1918 3960
1923 4400
1924 5900
1929 4560
1930 6020
1931 4620
1935 2140
1940 4440
1952 4620
1953 4040
1958 9480
1963 3660
1964 8060
1969 22420
1970 4440
1971 6020
1975 6780
1980 24200
1992 6020
1993 4860
1995 43240
1998 3640
2003 25840
2004 89160
2009 4260
2010 24200
2011 4440
2015 3220
2020 4460
2027 43240
2032 4440
2033 3960
2035 16900
2038 3340
2043 5340
2044 54380
2049 2900
2050 4460
2051 24200
2055 3660
2060 7180
2067 16900
2072 24200
2073 9480
2075 4040
2078 2500
2083 6400
2084 11360
2089 2140
2090 7180
2091 4460
2095 85500
2100 6540
2107 4040
2112 4460
2113 3640
2115 4860
2118 14200
2123 3460
2124 14980
2129 6780
2130 6540
2131 7180
2135 28540
2140 23960
2147 4860
2152 7180
2153 3340
2155 3960
2158 2680
2163 21220
2164 8560
2169 3220
2170 23960
2171 6540
2175 6020
2180 6620
2187 3960
2192 6540
2193 2500
2195 9480
2198 4400
2203 4820
2204 37960
2209 3660
2210 6620
2211 23960
2215 8580
2220 6200
2227 9480
2232 23960
2233 14200
2235 3640
2238 3660
2243 4340
2244 10280
2249 85500
2250 6200
2251 6620
2255 5100
2260 3880
2267 3640
2272 6620
2273 2680
2275 3340
2278 25840
2283 2680
2284 9700
2289 28540
2290 3880
2291 6200
2295 16740
2300 29140
2307 3340
2312 6200
2313 4400
2315 2500
2318 5340
2323 23880
2324 6240
2329 6020
2330 29140
2331 3880
2334 43240
2335 5460
2340 6260
2347 2500
2352 3880
2353 3660
2355 14200
2358 6400
2363 3760
2364 43680
2369 8580
2370 6260
2371 29140
2374 16900
2375 5360
2380 8280
2387 14200
2392 29140
2393 25840
2395 2680
2398 3460
2403 4520
2404 8380
2409 5100
2410 8280
2411 6260
2414 4040
2415 3560
2420 5580
2427 2680
2432 6260
2433 5340
2435 4400
2438 21220
2443 4560
2444 10540
2449 16740
2450 5580
2451 8280
2454 4860
2455 19800
2460 24420
2467 4400
2472 8280
2473 6400
2475 3660
2478 4820
2483 22420
2484 9000
2489 5460
2490 24420
2491 5580
2494 3960
2495 4620
2500 5740
2507 3660
2512 5580
2513 3460
2515 25840
2518 4340
2523 4260
2524 46620
2529 5360
2530 5740
2531 24420
2534 9480
2535 6020
2540 7460
2547 25840
2552 24420
2553 21220
2555 5340
2558 2680
2563 2900
2564 8720
2569 3560
2570 7460
2571 5740
2574 3640
2575 4440
2580 5040
2587 5340
2592 5740
2593 4820
2595 6400
2598 23880
2603 2140
2604 10080
2609 19800
2610 5040
2611 7460
2614 3340
2615 24200
2620 9180
2627 6400
2632 7460
2633 4340
2635 3460
2638 3760
2643 6780
2644 8680
2649 4620
2650 9180
2651 5040
2654 2500
2655 4460
2660 5140
2667 3460
2672 5040
2673 2680
2675 21220
2678 4520
2683 3220
2684 30740
2689 6020
2690 5140
2691 9180
2694 14200
2695 7180
2700 6380
2707 21220
2712 9180
2713 23880
2715 4820
2718 4560
2723 3660
2724 9840
2729 4440
2730 6380
2731 5140
2734 2680
2735 6540
2739 43240
2740 114340
2747 4820
2752 5140
2753 3760
2755 4340
2758 22420
2763 85500
2764 9860
2769 24200
2770 114340
2771 6380
2774 4400
2775 23960
2779 16900
2780 26100
2787 4340
2792 6380
2793 4520
2795 2680
2798 4260
2803 28540
2804 89380
2809 4460
2810 26100
2811 114340
2814 3660
2815 6620
2819 4040
2820 6000
2827 2680
2832 114340
2833 4560
2835 23880
2838 2900
2843 6020
2844 57680
2849 7180
2850 6000
2851 26100
2854 25840
2855 6200
2859 4860
2860 9080
2864 43240
2867 23880
2872 26100
2873 22420
2875 3760
2878 2140
2883 8580
2884 12280
2889 6540
2890 9080
2891 6000
2894 5340
2895 3880
2899 3960
2900 5860
2904 16900
2907 3760
2912 6000
2913 4260
2915 4520
2918 6780
2923 5100
2924 16860
2929 23960
2930 5860
2931 9080
2934 6400
2935 29140
2939 9480
2940 23580
2944 4040
2947 4520
2952 9080
2953 2900
2955 4560
2958 3220
2963 16740
2964 10680
2969 6620
2970 23580
2971 5860
2974 3460
2975 6260
2979 3640
2980 6480
2984 4860
2987 4560
2992 5860
2993 2140
2995 10089
