0 0
156 43240
196 16900
236 4040
256 43240
276 4860
296 16900
316 3960
336 4040
356 9480
376 4860
396 3640
416 3960
426 43240
436 3340
456 9480
466 16900
476 2500
496 3640
506 4040
516 14200
536 3340
546 4860
556 2680
576 2500
586 3960
596 4400
616 14200
626 9480
636 3660
656 2680
666 3640
676 25840
696 4400
706 3340
716 5340
736 3660
746 2500
756 6400
776 25840
786 14200
796 3460
816 5340
826 2680
836 21220
856 6400
866 4400
876 4820
896 3460
906 3660
916 4340
936 21220
946 25840
956 2680
976 4820
986 5340
996 23880
1016 4340
1026 6400
1036 3760
1056 2680
1066 3460
1076 4520
1096 23880
1106 21220
1116 4560
1136 3760
1146 4820
1156 22420
1176 4520
1186 4340
1196 4260
1216 4560
1226 2680
1236 2900
1256 22420
1266 23880
1272 43240
1276 2140
1296 4260
1306 3760
1312 16900
1316 6780
1336 2900
1346 4520
1352 4040
1356 3220
1376 2140
1386 4560
1392 4860
1396 3660
1416 6780
1426 22420
1432 3960
1436 128740
1456 3220
1466 4260
1472 9480
1476 45440
1496 3660
1506 2900
1512 3640
1516 10060
1536 85500
1546 2140
1552 3340
1556 13440
1576 28540
1586 6780
1592 2500
1596 9060
1616 6020
1626 3220
1632 14200
1636 26220
1656 8580
1665 43240
1666 3660
1672 2680
1676 9100
1696 5100
1705 16900
1706 85500
1712 4400
1716 8700
1724 43240
1736 16740
1745 4040
1746 28540
1752 3660
1756 6060
1764 16900
1776 5460
1785 4860
1786 6020
1792 25840
1796 34000
1804 4040
1816 5360
1820 43240
1825 3960
1826 8580
1832 5340
1836 7300
1844 4860
1856 3560
1860 16900
1865 9480
1866 5100
1872 6400
1876 10420
1884 3960
1896 19800
1900 4040
1905 3640
1906 16740
1912 3460
1916 8100
1924 9480
1936 4620
1940 4860
1945 3340
1946 5460
1952 21220
1956 50040
1964 3640
1976 6020
1980 3960
1985 2500
1986 5360
1992 4820
1996 9800
2004 3340
2016 4440
2020 9480
2025 14200
2026 3560
2032 4340
2036 13580
2044 2500
2056 24200
2060 3640
2065 2680
2066 19800
2072 2680
2076 10000
2084 14200
2096 4460
2100 3340
2105 4400
2106 4620
2112 23880
2116 45180
2124 2680
2136 7180
2140 2500
2145 3660
2146 6020
2152 3760
2156 11440
2164 4400
2176 6540
2180 14200
2185 25840
2186 4440
2192 4520
2196 10540
2204 3660
2216 23960
2220 2680
2225 5340
2226 24200
2232 4560
2236 6560
2244 25840
2256 6620
2260 4400
2265 6400
2266 4460
2272 22420
2276 53020
2284 5340
2296 6200
2300 3660
2305 3460
2306 7180
2312 4260
2316 10020
2324 6400
2336 3880
2340 25840
2345 21220
2346 6540
2352 2900
2354 43240
2356 12800
2364 3460
2376 29140
2380 5340
2385 4820
2386 23960
2392 2140
2394 16900
2396 10140
2404 21220
2416 6260
2420 6400
2425 4340
2426 6620
2432 6780
2434 4040
2436 46840
2444 4820
2456 8280
2460 3460
2465 2680
2466 6200
2472 3220
2474 4860
2476 10000
2484 4340
2496 5580
2500 21220
2505 23880
2506 3880
2512 3660
2514 3960
2516 10360
2524 2680
2536 24420
2540 4820
2545 3760
2546 29140
2552 85500
2554 9480
2556 7180
2564 23880
2576 5740
2580 4340
2585 4520
2586 6260
2592 28540
2594 3640
2596 15960
2604 3760
2616 7460
2620 2680
2625 4560
2626 8280
2632 6020
2634 3340
2636 8360
2644 4520
2656 5040
2660 23880
2665 22420
2666 5580
2672 8580
2674 2500
2676 10040
2684 4560
2696 9180
2700 3760
2705 4260
2706 24420
2712 5100
2714 14200
2716 199840
2724 22420
2736 5140
2740 4520
2745 2900
2746 5740
2752 16740
2754 2680
2756 54640
2764 4260
2776 6380
2780 47800
2785 2140
2786 7460
2792 5460
2794 4400
2796 12020
2804 2900
2816 114340
2820 39320
2825 6780
2826 5040
2832 5360
2834 3660
2836 17660
2844 2140
2856 26100
2860 8300
2865 3220
2866 9180
2872 3560
2874 25840
2876 10960
2884 6780
2896 6000
2900 7760
2905 3660
2906 5140
2912 19800
2914 5340
2916 40320
2924 3220
2936 9080
2940 6100
2945 85500
2946 6380
2952 4620
2954 6400
2956 11940
2964 3660
2976 5860
2980 16260
2985 28540
