0 0
259 43240
299 16900
339 4040
379 4860
419 3960
459 9480
499 3640
539 3340
579 2500
610 43240
619 14200
650 16900
659 2680
690 4040
699 4400
730 4860
739 3660
770 3960
779 25840
810 9480
819 5340
844 43240
850 3640
859 6400
883 43240
884 16900
890 3340
899 3460
923 16900
924 4040
930 2500
939 21220
963 4040
964 4860
970 14200
979 4820
1003 4860
1004 3960
1010 2680
1019 4340
1043 3960
1044 9480
1050 4400
1059 2680
1083 9480
1084 3640
1090 3660
1099 23880
1123 3640
1124 3340
1130 25840
1139 3760
1145 43240
1163 3340
1164 2500
1170 5340
1179 4520
1185 16900
1203 2500
1204 14200
1210 6400
1216 43240
1219 4560
1225 4040
1243 14200
1244 45920
1250 3460
1256 16900
1259 22420
1265 4860
1283 2680
1284 21300
1290 21220
1296 4040
1299 4260
1305 3960
1323 4400
1324 7700
1330 4820
1336 4860
1339 2900
1345 9480
1363 3660
1364 30700
1370 47580
1376 3960
1379 2140
1385 3640
1403 25840
1404 9300
1410 62820
1416 9480
1419 6780
1425 3340
1443 5340
1444 15880
1450 44820
1456 3640
1459 3220
1465 2500
1481 43240
1483 6400
1484 7100
1490 12660
1496 3340
1499 3660
1505 14200
1521 16900
1523 3460
1524 24560
1530 13340
1536 2500
1539 85500
1545 2680
1561 4040
1563 21220
1564 7320
1570 18000
1576 14200
1579 28540
1585 4400
1601 4860
1603 4820
1604 18540
1610 35540
1616 2680
1619 6020
1625 3660
1641 3960
1643 4340
1644 5360
1650 11240
1656 4400
1659 8580
1665 25840
1681 9480
1683 2680
1684 28280
1690 8740
1696 3660
1699 5100
1705 5340
1721 3640
1723 23880
1724 7420
1727 43240
1730 18840
1736 25840
1739 16740
1745 6400
1761 3340
1763 3760
1764 30360
1767 16900
1770 23660
1776 5340
1779 5460
1785 3460
1801 2500
1803 4520
1804 9900
1807 4040
1810 10300
1816 6400
1819 5360
1825 21220
1841 14200
1843 4560
1844 28820
1847 4860
1850 11720
1856 3460
1859 3560
1865 4820
1881 2680
1883 22420
1884 7720
1887 3960
1890 115000
1896 21220
1899 19800
1905 4340
1921 4400
1923 4260
1924 24120
1927 9480
1930 59720
1936 4820
1939 4620
1945 2680
1961 3660
1963 2900
1964 6960
1967 3640
1970 17760
1976 4340
1979 6020
1985 23880
2001 25840
2003 2140
2004 11120
2007 3340
2010 18440
2016 2680
2019 4440
2025 3760
2041 5340
2043 6780
2044 5900
2047 2500
2050 29780
2056 23880
2059 24200
2065 4520
2073 43240
2081 6400
2083 3220
2084 27540
2087 14200
2090 42780
2096 3760
2099 4460
2105 4560
2113 16900
2121 3460
2123 3660
2124 89260
2127 2680
2130 14620
2136 4520
2139 7180
2145 22420
2153 4040
2161 21220
2163 85500
2164 33060
2167 4400
2170 12380
2176 4560
2179 6540
2185 4260
2193 4860
2201 4820
2203 28540
2204 10580
2207 3660
2210 30120
2216 22420
2219 23960
2225 2900
2233 3960
2241 4340
2243 6020
2244 31000
2247 25840
2250 47440
2256 4260
2259 6620
2265 2140
2273 9480
2281 2680
2283 8580
2284 9360
2287 5340
2290 12900
2296 2900
2299 6200
2305 6780
2313 3640
2321 23880
2323 5100
2324 19640
2327 6400
2330 15100
2336 2140
2339 3880
2345 3220
2353 3340
2361 3760
2363 16740
2364 7600
2367 3460
2370 31420
2376 6780
2379 29140
2385 3660
2393 2500
2401 4520
2403 5460
2404 12140
2407 21220
2410 50880
2416 3220
2419 6260
2425 85500
2433 14200
2441 4560
2443 5360
2444 6780
2447 4820
2450 11620
2456 3660
2459 8280
2465 28540
2473 2680
2481 22420
2483 3560
2484 23460
2487 4340
2490 12220
2496 85500
2499 5580
2505 6020
2513 4400
2521 4260
2523 19800
2524 90120
2527 2680
2530 15460
2536 28540
2539 24420
2545 8580
2553 3660
2561 2900
2563 4620
2564 34560
2567 23880
2570 33960
2576 6020
2579 5740
2585 5100
2593 25840
2601 2140
2603 6020
2604 10460
2607 3760
2610 13500
2616 8580
2619 7460
2625 16740
2633 5340
2641 6780
2643 4440
2644 32780
2647 4520
2650 95360
2656 5100
2659 5040
2665 5460
2673 6400
2681 3220
2683 24200
2684 9560
2687 4560
2690 117920
2696 16740
2699 9180
2705 5360
2713 3460
2721 3660
2723 4460
2724 23920
2727 22420
2730 63700
2736 5460
2739 5140
2745 3560
2753 21220
2761 85500
2763 7180
2764 12000
2767 4260
2770 20860
2776 5360
2779 6380
2785 19800
2793 4820
2801 28540
2803 6540
2804 29320
2807 2900
2810 21960
2816 3560
2819 114340
2825 4620
2833 4340
2841 6020
2843 23960
2844 10180
2847 2140
2850 27420
2856 19800
2859 26100
2865 6020
2873 2680
2881 8580
2883 6620
2884 26000
2887 6780
2890 46620
2896 4620
2899 6000
2905 4440
2913 23880
2921 5100
2923 6200
2924 8500
2927 3220
2930 16560
2936 6020
2939 9080
2945 24200
2953 3760
2961 16740
2963 3880
2964 35160
2967 3660
2970 15134
