0 0
108 43240
148 16900
188 4040
202 43240
228 4860
242 16900
268 3960
282 4040
308 9480
322 4860
348 3640
362 3960
388 3340
402 9480
428 2500
442 3640
468 14200
482 3340
508 2680
522 2500
548 4400
562 14200
588 3660
602 2680
628 25840
642 4400
653 43240
668 5340
682 3660
693 16900
708 6400
722 25840
733 4040
748 3460
762 5340
773 4860
788 21220
802 6400
813 3960
828 4820
842 3460
853 9480
868 4340
882 21220
893 3640
908 2680
922 4820
933 3340
948 23880
962 4340
973 2500
988 3760
1002 2680
1005 43240
1013 14200
1028 4520
1042 67120
1045 16900
1053 2680
1063 43240
1068 4560
1082 20660
1085 4040
1093 4400
1103 16900
1108 22420
1122 8560
1125 4860
1133 3660
1143 4040
1148 4260
1162 9420
1165 3960
1173 25840
1183 4860
1188 2900
1202 26380
1205 9480
1213 5340
1223 3960
1228 2140
1241 43240
1242 13740
1245 3640
1253 6400
1263 9480
1268 6780
1281 16900
1282 6540
1285 3340
1293 3460
1303 3640
1308 3220
1321 4040
1322 5480
1325 2500
1333 21220
1343 3340
1348 3660
1361 4860
1362 9280
1365 14200
1373 4820
1383 2500
1388 128740
1401 3960
1402 17420
1405 2680
1413 4340
1423 14200
1428 45440
1441 9480
1442 6340
1445 4400
1453 2680
1463 2680
1468 10060
1481 3640
1482 89900
1485 3660
1493 23880
1503 4400
1508 13440
1521 3340
1522 32200
1525 25840
1533 3760
1543 3660
1548 9060
1561 2500
1562 31860
1565 5340
1571 43240
1573 4520
1583 25840
1588 26220
1601 14200
1602 13920
1605 6400
1611 16900
1613 4560
1623 5340
1628 9100
1641 2680
1642 11500
1645 3460
1651 4040
1653 22420
1663 6400
1668 8700
1681 4400
1682 20200
1685 21220
1691 4860
1693 4260
1703 3460
1708 6060
1721 3660
1722 26680
1725 4820
1731 3960
1733 2900
1743 21220
1748 34000
1754 43240
1761 25840
1762 10180
1765 4340
1771 9480
1773 2140
1783 4820
1788 7300
1794 16900
1801 5340
1802 7900
1805 2680
1811 3640
1813 6780
1823 4340
1828 10420
1834 4040
1841 6400
1842 22480
1845 23880
1851 3340
1853 3220
1863 2680
1868 8100
1874 4860
1881 3460
1882 28500
1885 3760
1891 2500
1893 3660
1903 23880
1908 50040
1914 3960
1921 21220
1922 9780
1925 4520
1931 14200
1933 85500
1943 3760
1948 9800
1954 9480
1961 4820
1962 8960
1965 4560
1971 2680
1973 28540
1983 4520
1988 13580
1994 3640
2001 4340
2002 28760
2005 22420
2011 4400
2013 6020
2023 4560
2028 10000
2034 3340
2041 2680
2042 26880
2045 4260
2051 3660
2053 8580
2063 22420
2068 45180
2074 2500
2081 67120
2082 11440
2085 2900
2091 25840
2093 5100
2103 4260
2108 11440
2114 14200
2121 20660
2122 9440
2125 2140
2131 5340
2133 16740
2143 2900
2148 10540
2154 2680
2161 8560
2162 26100
2165 6780
2171 6400
2173 5460
2183 2140
2188 6560
2194 4400
2201 9420
2202 13400
2205 3220
2211 3460
2213 5360
2223 6780
2228 53020
2234 3660
2241 26380
2242 9420
2245 3660
2251 21220
2253 3560
2263 3220
2268 10020
2274 25840
2281 13740
2282 7540
2285 85500
2291 4820
2293 19800
2303 3660
2308 12800
2314 5340
2321 6540
2322 114640
2325 28540
2331 4340
2333 4620
2343 85500
2348 10140
2354 6400
2361 5480
2362 34800
2365 6020
2371 2680
2373 6020
2383 28540
2388 46840
2394 3460
2401 9280
2402 14300
2405 8580
2411 23880
2413 4440
2423 6020
2428 10000
2434 21220
2441 17420
2442 14160
2445 5100
2451 3760
2453 24200
2463 8580
2468 10360
2474 4820
2481 6340
2482 29520
2485 16740
2491 4520
2493 4460
2503 5100
2508 7180
2514 4340
2521 89900
2522 22480
2525 5460
2531 4560
2533 7180
2543 16740
2548 15960
2554 2680
2561 32200
2562 12920
2565 5360
2571 22420
2573 6540
2583 5460
2588 8360
2594 23880
2601 31860
2602 10400
2605 3560
2611 4260
2613 23960
2623 5360
2628 10040
2634 3760
2641 13920
2642 12740
2645 19800
2651 2900
2653 6620
2663 3560
2668 199840
2674 4520
2681 11500
2682 24940
2685 4620
2691 2140
2693 6200
2703 19800
2708 54640
2714 4560
2721 20200
2722 11000
2725 6020
2731 6780
2733 3880
2743 4620
2748 12020
2754 22420
2761 26680
2762 120360
2765 4440
2771 3220
2773 29140
2783 6020
2788 17660
2794 4260
2801 10180
2802 30540
2805 24200
2811 3660
2813 6260
2823 4440
2828 10960
2834 2900
2841 7900
2842 30200
2845 4460
2851 85500
2853 8280
2863 24200
2868 40320
2874 2140
2881 22480
2882 13540
2885 7180
2891 28540
2893 5580
2903 4460
2908 11940
2914 6780
2921 28500
2922 13040
2925 6540
2931 6020
2933 24420
2943 7180
2948 14760
2954 3220
2961 9780
2962 30120
2965 23960
2971 8580
2973 5740
2983 4251
