0 0
533 43240
561 43240
573 16900
601 16900
613 4040
641 4040
653 4860
681 4860
693 3960
710 43240
721 3960
733 9480
750 16900
761 9480
773 3640
790 4040
801 3640
813 3340
822 43240
830 4860
841 3340
853 2500
860 43240
862 16900
870 3960
881 2500
893 14200
900 16900
902 4040
910 9480
921 14200
933 2680
940 4040
942 4860
950 3640
961 2680
973 4400
980 4860
982 3960
990 3340
1001 4400
1013 3660
1020 3960
1022 9480
1030 2500
1041 3660
1053 25840
1060 9480
1062 3640
1070 14200
1081 25840
1093 5340
1100 3640
1102 3340
1110 2680
1121 5340
1133 6400
1140 3340
1142 2500
1150 4400
1161 6400
1173 3460
1180 2500
1182 14200
1190 3660
1201 3460
1205 43240
1213 21220
1220 14200
1222 2680
1230 25840
1241 21220
1245 16900
1253 4820
1260 2680
1262 4400
1270 5340
1281 4820
1285 4040
1293 4340
1300 4400
1302 3660
1310 6400
1321 4340
1325 4860
1333 2680
1340 3660
1342 25840
1350 3460
1361 2680
1365 3960
1373 23880
1380 25840
1382 5340
1390 21220
1401 23880
1405 9480
1413 3760
1420 5340
1422 6400
1430 4820
1441 3760
1445 3640
1453 4520
1460 6400
1462 3460
1470 4340
1481 4520
1485 3340
1493 4560
1500 3460
1502 21220
1510 2680
1521 4560
1525 2500
1533 22420
1540 21220
1542 4820
1550 23880
1561 22420
1565 14200
1573 4260
1580 4820
1582 4340
1590 3760
1601 4260
1605 2680
1613 2900
1620 4340
1622 2680
1630 4520
1641 2900
1642 43240
1645 4400
1653 2140
1660 2680
1662 23880
1670 4560
1681 2140
1682 16900
1685 3660
1693 6780
1700 23880
1702 3760
1710 22420
1721 6780
1722 4040
1725 25840
1733 3220
1740 3760
1742 4520
1750 4260
1761 3220
1762 4860
1765 5340
1773 3660
1780 4520
1782 4560
1790 2900
1801 3660
1802 3960
1805 6400
1813 85500
1820 4560
1822 22420
1830 2140
1841 85500
1842 9480
1845 3460
1853 28540
1860 22420
1862 4260
1870 6780
1881 28540
1882 3640
1885 21220
1893 6020
1900 4260
1902 2900
1910 3220
1921 6020
1922 3340
1925 4820
1933 8580
1940 2900
1942 2140
1950 3660
1961 8580
1962 2500
1965 47580
1973 5100
1980 2140
1982 6780
1990 85500
2001 5100
2002 14200
2005 19580
2013 16740
2020 6780
2022 3220
2030 28540
2041 16740
2042 2680
2045 27920
2053 5460
2060 3220
2062 3660
2070 49260
2081 5460
2082 4400
2085 8620
2093 5360
2100 3660
2102 85500
2110 25480
2121 5360
2122 3660
2125 8480
2133 3560
2140 85500
2142 28540
2150 9140
2161 3560
2162 25840
2165 14040
2173 19800
2180 28540
2182 6020
2190 21600
2201 19800
2202 5340
2205 26060
2213 4620
2220 6020
2222 8580
2230 9420
2241 4620
2242 6400
2245 7600
2253 6020
2260 8580
2262 5100
2270 14840
2281 6020
2282 3460
2285 5400
2293 4440
2300 5100
2302 16740
2310 7200
2321 4440
2322 21220
2325 16340
2333 24200
2340 16740
2342 5460
2350 23140
2361 24200
2362 4820
2365 9460
2373 4460
2380 5460
2382 5360
2390 7120
2401 4460
2402 4340
2405 7620
2407 43240
2413 7180
2420 5360
2422 3560
2430 20220
2441 7180
2442 2680
2445 7320
2447 16900
2453 6540
2460 3560
2462 19800
2470 7120
2481 6540
2482 23880
2485 111340
2487 4040
2493 23960
2500 19800
2502 4620
2510 28600
2521 23960
2522 3760
2525 33880
2527 4860
2533 6620
2540 4620
2542 6020
2550 8120
2561 6620
2562 4520
2565 12420
2567 3960
2573 6200
2580 6020
2582 4440
2590 33020
2601 6200
2602 4560
2605 12040
2607 9480
2613 3880
2620 4440
2622 24200
2630 11880
2641 3880
2642 22420
2645 26320
2647 3640
2653 29140
2660 24200
2662 4460
2670 30360
2681 29140
2682 4260
2685 21560
2687 3340
2693 6260
2700 4460
2702 7180
2710 10080
2721 6260
2722 2900
2725 9800
2727 2500
2733 8280
2740 7180
2742 6540
2750 27420
2761 8280
2762 2140
2765 8040
2767 14200
2773 5580
2780 6540
2782 23960
2790 8700
2801 5580
2802 6780
2805 27440
2807 2680
2813 24420
2820 23960
2822 6620
2830 33480
2841 24420
2842 3220
2845 23560
2847 4400
2853 5740
2860 6620
2862 6200
2870 8940
2881 5740
2882 3660
2885 9140
2887 3660
2893 7460
2900 6200
2902 3880
2910 32160
2921 7460
2922 85500
2925 10580
2927 25840
2933 5040
2939 43240
2940 3880
2942 29140
2950 9340
2961 5040
2962 28540
2965 26860
2967 5340
2973 9180
2976 43240
2979 16900
2980 29140
2982 6260
