0 0
317 43240
357 16900
397 4040
437 4860
477 3960
517 9480
557 3640
597 3340
637 2500
677 14200
717 2680
757 4400
797 3660
837 25840
877 5340
917 6400
957 3460
959 43240
997 21220
999 16900
1037 4820
1039 4040
1066 43240
1077 4340
1079 4860
1106 16900
1117 2680
1119 3960
1146 4040
1157 23880
1159 9480
1186 4860
1197 3760
1199 3640
1226 3960
1237 4520
1239 3340
1241 43240
1261 43240
1266 9480
1277 4560
1279 2500
1281 16900
1301 16900
1306 3640
1317 22420
1319 14200
1321 4040
1341 4040
1346 3340
1357 4260
1359 2680
1361 4860
1364 43240
1381 4860
1386 2500
1391 43240
1397 2900
1399 4400
1401 3960
1404 16900
1421 3960
1426 14200
1431 16900
1437 2140
1439 3660
1441 9480
1444 4040
1461 9480
1466 2680
1471 4040
1477 6780
1479 25840
1481 3640
1484 4860
1501 3640
1506 4400
1511 4860
1517 3220
1519 5340
1521 3340
1524 3960
1541 3340
1546 3660
1551 3960
1557 3660
1559 6400
1561 2500
1564 9480
1581 2500
1582 43240
1586 25840
1591 9480
1597 85500
1599 3460
1601 14200
1604 3640
1621 14200
1622 16900
1626 5340
1631 3640
1637 28540
1639 21220
1641 2680
1644 3340
1661 2680
1662 4040
1666 6400
1671 3340
1677 6020
1679 4820
1681 4400
1683 43240
1684 2500
1701 4400
1702 4860
1706 3460
1711 2500
1717 8580
1719 4340
1721 3660
1723 16900
1724 14200
1741 3660
1742 3960
1746 21220
1751 14200
1757 5100
1759 2680
1761 25840
1763 4040
1764 2680
1781 25840
1782 9480
1786 4820
1791 2680
1797 16740
1799 23880
1801 5340
1803 4860
1804 4400
1821 5340
1822 3640
1826 4340
1831 4400
1837 5460
1839 3760
1841 6400
1843 3960
1844 3660
1861 6400
1862 3340
1866 2680
1871 3660
1877 5360
1879 4520
1881 3460
1883 9480
1884 25840
1901 3460
1902 2500
1906 23880
1911 25840
1917 3560
1919 4560
1921 21220
1923 3640
1924 5340
1941 21220
1942 14200
1946 3760
1951 5340
1957 19800
1959 22420
1961 48060
1963 3340
1964 6400
1981 4820
1982 2680
1986 4520
1991 6400
1997 4620
1999 4260
2001 21240
2003 2500
2004 3460
2021 4340
2022 4400
2026 4560
2031 3460
2037 6020
2039 2900
2041 6720
2043 14200
2044 21220
2061 2680
2062 3660
2066 22420
2071 21220
2077 4440
2079 2140
2081 28740
2083 2680
2084 4820
2101 23880
2102 25840
2106 4260
2111 4820
2117 24200
2119 6780
2121 7720
2123 4400
2124 4340
2141 3760
2142 5340
2146 2900
2151 4340
2157 4460
2159 3220
2161 14000
2163 3660
2164 2680
2176 43240
2181 4520
2182 6400
2186 2140
2191 2680
2197 7180
2199 3660
2201 8200
2203 25840
2204 23880
2216 16900
2221 4560
2222 3460
2226 6780
2231 23880
2237 6540
2239 85500
2241 25760
2243 5340
2244 3760
2256 4040
2261 22420
2262 21220
2266 3220
2271 3760
2277 23960
2279 28540
2281 6760
2283 6400
2284 4520
2296 4860
2301 4260
2302 4820
2306 3660
2311 4520
2317 6620
2319 6020
2321 17100
2323 3460
2324 4560
2336 3960
2341 2900
2342 4340
2346 85500
2351 4560
2357 6200
2359 8580
2361 4820
2363 21220
2364 22420
2376 9480
2381 2140
2382 2680
2386 28540
2391 22420
2397 3880
2399 5100
2401 11180
2403 4820
2404 4260
2416 3640
2421 6780
2422 23880
2426 6020
2431 4260
2437 29140
2439 16740
2441 6880
2443 4340
2444 2900
2456 3340
2461 3220
2462 3760
2466 8580
2471 2900
2477 6260
2479 5460
2481 29500
2483 2680
2484 2140
2496 2500
2501 3660
2502 4520
2506 5100
2511 2140
2517 8280
2519 5360
2521 90840
2523 23880
2524 6780
2536 14200
2541 85500
2542 4560
2546 16740
2551 6780
2557 5580
2559 3560
2561 34940
2563 3760
2564 3220
2576 2680
2581 28540
2582 22420
2586 5460
2591 3220
2597 24420
2599 19800
2601 9480
2603 4520
2604 3660
2616 4400
2621 6020
2622 4260
2626 5360
2631 3660
2637 5740
2639 4620
2641 29800
2643 4560
2644 85500
2656 3660
2661 8580
2662 2900
2666 3560
2671 85500
2677 7460
2679 6020
2681 9920
2683 22420
2684 28540
2696 25840
2701 5100
2702 2140
2706 19800
2711 28540
2717 5040
2719 4440
2721 21080
2723 4260
2724 6020
2736 5340
2741 16740
2742 6780
2746 4620
2751 6020
2757 9180
2759 24200
2761 8140
2763 2900
2764 8580
2776 6400
2781 5460
2782 3220
2786 6020
2791 8580
2797 5140
2799 4460
2801 29240
2803 2140
2804 5100
2816 3460
2821 5360
2822 3660
2826 4440
2831 5100
2837 6380
2839 7180
2841 7320
2843 6780
2844 16740
2856 21220
2861 3560
2862 85500
2866 24200
2871 16740
2877 114340
2879 6540
2881 24320
2883 3220
2884 5460
2896 4820
2901 19800
2902 28540
2906 4460
2911 5460
2917 26100
2919 23960
2921 9180
2923 3660
2924 5360
2936 4340
2941 4620
2942 6020
2946 7180
2951 5360
2957 6000
2959 6620
2961 28440
2963 85500
2964 3560
2976 2680
2981 6020
