0 0
123 43240
163 16900
203 4040
243 4860
283 3960
323 9480
363 3640
403 3340
443 2500
483 14200
516 43240
523 2680
556 16900
563 4400
596 4040
603 3660
636 4860
643 25840
663 43240
676 3960
683 5340
703 16900
709 43240
716 9480
723 6400
743 4040
749 16900
756 3640
763 3460
783 4860
789 4040
796 3340
803 21220
823 3960
829 4860
836 2500
843 4820
863 9480
869 3960
876 14200
883 4340
903 3640
909 9480
916 2680
923 2680
941 43240
943 3340
949 3640
956 4400
963 23880
981 16900
983 2500
989 3340
996 3660
1003 3760
1021 4040
1023 14200
1029 2500
1036 25840
1043 4520
1061 4860
1063 2680
1069 14200
1076 5340
1083 4560
1101 3960
1103 4400
1109 2680
1116 6400
1117 43240
1123 22420
1141 9480
1143 3660
1149 4400
1156 3460
1157 16900
1163 4260
1181 3640
1183 69080
1189 3660
1192 43240
1196 21220
1197 4040
1203 2900
1221 3340
1223 22240
1229 25840
1232 16900
1236 4820
1237 4860
1243 2140
1261 2500
1263 10440
1269 5340
1272 4040
1276 4340
1277 3960
1283 6780
1301 14200
1303 8320
1309 6400
1312 4860
1316 2680
1317 9480
1323 3220
1341 2680
1343 25180
1349 3460
1352 3960
1356 23880
1357 3640
1363 3660
1381 4400
1383 14300
1389 21220
1392 9480
1396 3760
1397 3340
1403 85500
1421 3660
1423 7980
1429 4820
1432 3640
1436 4520
1437 2500
1443 28540
1461 25840
1463 6020
1469 4340
1472 3340
1476 4560
1477 14200
1483 6020
1501 5340
1503 26380
1509 2680
1512 2500
1516 22420
1517 2680
1523 8580
1541 6400
1543 17960
1549 23880
1552 14200
1556 4260
1557 4400
1563 5100
1581 3460
1583 7200
1589 3760
1592 2680
1596 2900
1597 3660
1603 16740
1621 21220
1623 8960
1629 4520
1632 4400
1636 2140
1637 25840
1643 5460
1661 4820
1663 26080
1669 4560
1672 3660
1676 6780
1677 5340
1683 5360
1701 4340
1703 30100
1709 22420
1712 25840
1714 43240
1716 3220
1717 6400
1718 43240
1723 3560
1741 2680
1743 8240
1749 4260
1752 5340
1754 16900
1756 3660
1757 3460
1758 16900
1763 19800
1781 23880
1783 8540
1789 2900
1792 6400
1794 4040
1796 85500
1797 21220
1798 4040
1803 4620
1821 3760
1823 10240
1829 2140
1832 3460
1834 4860
1836 28540
1837 4820
1838 4860
1843 6020
1861 4520
1863 24440
1869 6780
1872 21220
1874 3960
1876 6020
1877 4340
1878 3960
1883 4440
1901 4560
1903 8480
1909 3220
1912 4820
1914 9480
1916 8580
1917 2680
1918 9480
1923 24200
1941 22420
1943 89840
1949 3660
1952 4340
1954 3640
1956 5100
1957 23880
1958 3640
1963 4460
1974 43240
1981 4260
1983 31220
1989 85500
1992 2680
1994 3340
1996 16740
1997 3760
1998 3340
2003 7180
2014 16900
2021 2900
2023 29900
2029 28540
2032 23880
2034 2500
2036 5460
2037 4520
2038 2500
2043 6540
2054 4040
2061 2140
2063 12340
2069 6020
2072 3760
2074 14200
2076 5360
2077 4560
2078 14200
2083 23960
2094 4860
2101 6780
2103 9620
2109 8580
2112 4520
2114 2680
2116 3560
2117 22420
2118 2680
2123 6620
2134 3960
2141 3220
2143 21300
2149 5100
2152 4560
2154 4400
2156 19800
2157 4260
2158 4400
2163 6200
2174 9480
2181 3660
2183 27880
2189 16740
2192 22420
2194 3660
2196 4620
2197 2900
2198 3660
2203 3880
2214 3640
2221 85500
2223 9620
2229 5460
2232 4260
2234 25840
2236 6020
2237 2140
2238 25840
2243 29140
2254 3340
2261 28540
2263 6460
2269 5360
2272 2900
2274 5340
2276 4440
2277 6780
2278 5340
2280 43240
2283 6260
2294 2500
2301 6020
2303 21940
2309 3560
2312 2140
2314 6400
2316 24200
2317 3220
2318 6400
2320 16900
2323 8280
2334 14200
2341 8580
2343 11400
2349 19800
2352 6780
2354 3460
2356 4460
2357 3660
2358 3460
2360 4040
2363 5580
2374 2680
2381 5100
2383 9240
2389 4620
2392 3220
2394 21220
2396 7180
2397 85500
2398 21220
2400 4860
2403 24420
2414 4400
2421 16740
2423 8100
2429 6020
2432 3660
2434 4820
2436 6540
2437 28540
2438 4820
2440 3960
2443 5740
2454 3660
2461 5460
2463 109700
2469 4440
2472 85500
2474 4340
2476 23960
2477 6020
2478 4340
2480 9480
2483 7460
2494 25840
2501 5360
2502 43240
2503 33000
2509 24200
2512 28540
2514 2680
2516 6620
2517 8580
2518 2680
2520 3640
2523 5040
2534 5340
2541 3560
2542 16900
2543 13200
2549 4460
2552 6020
2554 23880
2556 6200
2557 5100
2558 23880
2560 3340
2563 9180
2574 6400
2581 19800
2582 4040
2583 15120
2589 7180
2592 8580
2594 3760
2596 3880
2597 16740
2598 3760
2600 2500
2603 5140
2614 3460
2621 4620
2622 4860
2623 29060
2629 6540
2632 5100
2634 4520
2636 29140
2637 5460
2638 4520
2640 14200
2643 6380
2654 21220
2661 6020
2662 3960
2663 23360
2669 23960
2672 16740
2674 4560
2676 6260
2677 5360
2678 4560
2680 2680
2683 114340
2694 4820
2701 4440
2702 9480
2703 11660
2709 6620
2712 5460
2714 22420
2716 8280
2717 3560
2718 22420
2720 4400
2723 26100
2734 4340
2741 24200
2742 3640
2743 9240
2749 6200
2752 5360
2754 4260
2756 5580
2757 19800
2758 4260
2760 3660
2763 6000
2774 2680
2781 4460
2782 3340
2783 32700
2789 3880
2792 3560
2794 2900
2796 24420
2797 4620
2798 2900
2800 25840
2803 9080
2811 43240
2814 23880
2821 7180
2822 2500
2823 26060
2829 29140
2832 19800
2834 2140
2836 5740
2837 6020
2838 2140
2840 5340
2843 5860
2851 16900
2854 3760
2861 6540
2862 14200
2863 12900
2869 6260
2872 4620
2874 6780
2876 7460
2877 4440
2878 6780
2880 6400
2883 23580
2891 4040
2894 4520
2901 23960
2902 2680
2903 11600
2909 8280
2912 6020
2914 3220
2916 5040
2917 24200
2918 3220
2920 3460
2923 6480
2931 4860
2934 4560
2941 6620
2942 4400
2943 28860
2949 5580
2952 4440
2954 3660
2956 9180
2957 4460
2958 3660
2960 21220
2963 9400
2971 3960
2974 22420
2981 6200
2982 3660
2983 29940
2989 24420
2992 24200
2994 85500
2996 5140
2997 3231
