0 0
464 43240
504 16900
544 4040
584 4860
621 43240
624 3960
661 16900
664 9480
701 4040
704 3640
741 4860
744 3340
750 43240
781 3960
784 2500
790 16900
821 9480
824 14200
830 4040
861 3640
864 2680
870 4860
901 3340
904 4400
910 3960
941 2500
944 3660
950 9480
981 14200
984 25840
990 3640
1021 2680
1024 5340
1030 3340
1061 4400
1064 6400
1070 2500
1101 3660
1104 3460
1110 14200
1141 25840
1144 21220
1150 2680
1181 5340
1184 4820
1190 4400
1221 6400
1224 4340
1230 3660
1261 3460
1264 2680
1270 25840
1295 43240
1301 21220
1304 23880
1310 5340
1335 16900
1341 4820
1344 3760
1350 6400
1375 4040
1381 4340
1384 4520
1390 3460
1415 4860
1421 2680
1424 4560
1430 21220
1455 3960
1461 23880
1464 22420
1470 4820
1495 9480
1501 3760
1504 4260
1510 4340
1535 3640
1541 4520
1544 2900
1550 2680
1575 3340
1581 4560
1584 2140
1590 23880
1615 2500
1621 22420
1624 6780
1630 3760
1655 14200
1661 4260
1664 3220
1670 4520
1695 2680
1701 2900
1704 3660
1710 4560
1733 43240
1735 4400
1741 2140
1744 85500
1750 22420
1773 16900
1775 3660
1781 6780
1784 28540
1790 4260
1796 43240
1813 4040
1815 25840
1821 3220
1824 6020
1830 2900
1836 16900
1853 4860
1855 5340
1861 3660
1864 8580
1870 2140
1876 4040
1893 3960
1895 6400
1901 85500
1904 5100
1910 6780
1916 4860
1933 9480
1935 3460
1941 28540
1944 16740
1950 3220
1956 3960
1973 3640
1975 21220
1981 6020
1984 5460
1990 3660
1996 9480
2013 3340
2015 4820
2021 8580
2024 5360
2030 85500
2036 3640
2053 2500
2055 4340
2061 5100
2064 3560
2070 28540
2076 3340
2093 14200
2095 2680
2101 16740
2104 19800
2110 6020
2116 2500
2133 2680
2135 23880
2141 5460
2144 4620
2150 8580
2156 14200
2173 4400
2175 3760
2181 5360
2184 6020
2190 5100
2196 2680
2213 3660
2215 4520
2221 3560
2224 4440
2230 16740
2236 4400
2237 43240
2253 25840
2255 4560
2261 19800
2264 24200
2270 5460
2276 3660
2277 16900
2293 5340
2295 22420
2301 4620
2304 4460
2310 5360
2316 25840
2317 4040
2333 6400
2335 4260
2341 6020
2344 7180
2350 3560
2356 5340
2357 4860
2373 3460
2375 2900
2381 4440
2384 6540
2390 19800
2396 6400
2397 3960
2413 21220
2415 2140
2421 24200
2424 23960
2430 4620
2436 3460
2437 9480
2453 4820
2455 6780
2461 4460
2464 6620
2470 6020
2476 21220
2477 3640
2493 4340
2495 3220
2501 7180
2504 6200
2510 4440
2516 4820
2517 3340
2533 2680
2535 3660
2541 6540
2544 3880
2550 24200
2556 4340
2557 2500
2573 23880
2575 85500
2581 23960
2584 29140
2590 4460
2596 2680
2597 14200
2613 3760
2615 28540
2621 6620
2624 6260
2630 7180
2636 23880
2637 2680
2653 4520
2655 6020
2661 6200
2664 8280
2670 6540
2676 3760
2677 4400
2693 4560
2695 8580
2701 3880
2704 5580
2710 23960
2716 4520
2717 3660
2733 22420
2735 5100
2741 29140
2744 24420
2750 6620
2755 43240
2756 4560
2757 25840
2773 4260
2775 16740
2781 6260
2784 5740
2790 6200
2795 16900
2796 22420
2797 5340
2813 2900
2815 5460
2821 8280
2824 7460
2830 3880
2835 4040
2836 4260
2837 6400
2853 2140
2855 5360
2861 5580
2864 5040
2870 29140
2875 4860
2876 2900
2877 3460
2893 6780
2895 3560
2901 24420
2904 9180
2910 6260
2915 3960
2916 2140
2917 21220
2933 3220
2935 19800
2941 5740
2944 5140
2950 8280
2955 9480
2956 6780
2957 4820
2973 3660
2975 4620
2981 7460
2984 6380
2990 4185
