0 0
320 43240
360 16900
400 4040
440 4860
480 3960
520 9480
560 3640
600 3340
604 43240
606 43240
640 2500
644 16900
646 16900
680 14200
684 4040
686 4040
712 43240
720 2680
724 4860
726 4860
752 16900
760 4400
764 3960
766 3960
775 43240
792 4040
800 3660
804 9480
806 9480
815 16900
832 4860
840 25840
844 3640
846 3640
855 4040
872 3960
880 5340
884 3340
886 3340
895 4860
912 9480
920 6400
924 2500
926 2500
935 3960
952 3640
960 3460
964 14200
966 14200
975 9480
979 43240
992 3340
1000 21220
1004 2680
1006 2680
1015 3640
1019 16900
1032 2500
1040 4820
1044 4400
1046 4400
1055 3340
1059 4040
1072 14200
1080 4340
1084 3660
1086 3660
1095 2500
1099 4860
1112 2680
1120 2680
1124 25840
1126 25840
1135 14200
1139 3960
1152 4400
1160 23880
1164 5340
1166 5340
1175 2680
1179 9480
1192 3660
1200 3760
1204 6400
1206 6400
1215 4400
1219 3640
1232 25840
1240 4520
1244 3460
1246 3460
1255 3660
1259 3340
1272 5340
1280 4560
1284 21220
1286 21220
1295 25840
1299 2500
1312 6400
1320 22420
1324 4820
1326 4820
1335 5340
1339 14200
1352 3460
1360 4260
1364 4340
1366 4340
1375 6400
1379 2680
1392 21220
1400 2900
1404 2680
1406 2680
1415 3460
1419 4400
1432 4820
1440 2140
1444 23880
1446 23880
1455 21220
1459 3660
1472 4340
1480 6780
1484 3760
1486 3760
1495 4820
1498 43240
1499 25840
1512 2680
1520 3220
1524 4520
1526 4520
1535 4340
1538 16900
1539 5340
1552 23880
1560 3660
1564 4560
1566 4560
1575 2680
1578 4040
1579 6400
1592 3760
1600 85500
1604 22420
1606 22420
1615 23880
1618 4860
1619 3460
1632 4520
1640 28540
1644 4260
1646 4260
1655 3760
1658 3960
1659 21220
1672 4560
1680 6020
1684 2900
1686 2900
1695 4520
1698 9480
1699 4820
1712 22420
1720 8580
1724 2140
1726 2140
1735 4560
1738 3640
1739 4340
1752 4260
1760 5100
1764 6780
1766 6780
1775 22420
1778 3340
1779 2680
1792 2900
1800 16740
1804 3220
1806 3220
1815 4260
1818 2500
1819 23880
1832 2140
1840 5460
1844 3660
1846 3660
1855 2900
1858 57440
1859 3760
1872 6780
1880 5360
1884 85500
1886 85500
1895 2140
1898 19580
1899 4520
1912 3220
1920 3560
1924 28540
1926 28540
1935 6780
1938 8440
1939 4560
1952 3660
1960 63040
1964 6020
1966 6020
1975 3220
1978 8520
1979 22420
1992 85500
2000 21520
2004 8580
2006 8580
2015 3660
2018 29800
2019 4260
2021 43240
2032 28540
2040 10060
2044 5100
2046 5100
2055 85500
2058 14820
2059 2900
2061 16900
2072 6020
2080 9300
2084 16740
2086 16740
2095 28540
2098 10040
2099 2140
2101 4040
2112 8580
2120 28160
2124 5460
2126 5460
2135 6020
2138 6800
2139 6780
2141 4860
2152 5100
2160 13940
2164 5360
2166 5360
2175 8580
2178 23720
2179 3220
2181 3960
2192 16740
2200 10820
2204 3560
2206 3560
2215 5100
2218 19020
2219 3660
2221 9480
2232 5460
2240 9880
2244 19800
2246 19800
2255 16740
2258 7020
2259 85500
2261 3640
2272 5360
2280 26460
2284 4620
2286 4620
2295 5460
2298 7080
2299 28540
2301 3340
2312 3560
2320 20820
2324 6020
2326 6020
2335 5360
2338 27540
2339 6020
2341 2500
2352 19800
2360 8880
2364 4440
2366 4440
2375 3560
2378 29600
2379 8580
2381 14200
2392 4620
2400 8280
2404 24200
2406 24200
2415 19800
2418 9860
2419 5100
2421 2680
2432 6020
2440 32800
2444 4460
2446 4460
2455 4620
2458 10960
2459 16740
2461 4400
2472 4440
2480 32100
2484 7180
2486 50420
2495 6020
2498 25880
2499 5460
2501 3660
2512 24200
2520 13620
2524 6540
2526 23440
2535 4440
2538 25480
2539 5360
2541 25840
2552 4460
2560 11980
2564 23960
2566 28000
2575 24200
2578 7720
2579 3560
2581 5340
2592 7180
2600 27880
2604 6620
2606 11480
2615 4460
2618 6480
2619 19800
2621 6400
2632 6540
2640 26960
2644 6200
2646 10160
2655 7180
2658 9460
2659 4620
2661 3460
2672 23960
2680 12280
2684 3880
2686 13360
2695 6540
2698 27100
2699 6020
2701 21220
2712 6620
2720 9380
2724 29140
2726 32780
2735 23960
2738 7420
2739 4440
2741 4820
2752 6200
2760 11860
2764 6260
2766 9600
2775 6620
2776 43240
2778 90020
2779 24200
2781 4340
2792 3880
2800 29020
2804 8280
2806 10780
2815 6200
2816 16900
2818 33100
2819 4460
2821 2680
2832 29140
2840 10140
2844 5580
2846 19780
2855 3880
2856 4040
2858 28440
2859 7180
2861 23880
2872 6260
2880 118860
2884 24420
2886 27100
2895 29140
2896 4860
2898 12840
2899 6540
2901 3760
2912 8280
2920 30660
2924 5740
2925 43240
2926 10140
2935 6260
2936 3960
2938 8000
2939 23960
2941 4520
2952 5580
2960 28420
2964 7460
2965 16900
2966 11120
2975 8280
2976 9480
