0 0
119 43240
159 16900
199 4040
239 4860
279 3960
319 9480
359 3640
399 3340
439 2500
479 14200
519 2680
559 4400
599 3660
639 25840
645 43240
679 5340
685 16900
719 6400
725 4040
759 3460
765 4860
799 21220
805 3960
839 4820
845 9480
879 4340
882 43240
885 3640
919 2680
922 16900
925 3340
959 23880
962 4040
965 2500
999 3760
1002 4860
1005 14200
1031 43240
1039 4520
1042 3960
1045 2680
1071 16900
1079 4560
1082 9480
1085 4400
1111 4040
1119 22420
1122 3640
1125 3660
1151 4860
1159 4260
1162 3340
1165 25840
1191 3960
1199 2900
1202 2500
1205 5340
1223 43240
1231 9480
1239 2140
1242 14200
1245 6400
1263 16900
1271 3640
1279 6780
1282 2680
1285 3460
1303 4040
1311 3340
1319 3220
1322 4400
1325 21220
1343 4860
1351 2500
1359 3660
1362 3660
1365 4820
1383 3960
1391 14200
1399 85500
1402 25840
1405 4340
1423 9480
1431 2680
1439 28540
1442 5340
1445 2680
1463 3640
1471 4400
1479 6020
1482 6400
1485 23880
1503 3340
1511 3660
1519 8580
1522 3460
1525 3760
1543 2500
1551 25840
1559 5100
1562 21220
1565 4520
1583 14200
1590 43240
1591 5340
1599 16740
1602 4820
1605 4560
1623 2680
1630 16900
1631 6400
1639 5460
1642 4340
1645 22420
1647 43240
1663 4400
1670 4040
1671 3460
1679 5360
1682 2680
1685 4260
1687 16900
1703 3660
1710 4860
1711 21220
1719 3560
1722 23880
1725 2900
1727 4040
1743 25840
1750 3960
1751 4820
1759 19800
1762 3760
1765 2140
1767 4860
1783 5340
1790 9480
1791 4340
1799 4620
1802 4520
1805 6780
1807 3960
1823 6400
1830 3640
1831 2680
1839 6020
1842 4560
1845 3220
1847 9480
1863 3460
1870 3340
1871 23880
1879 4440
1881 43240
1882 22420
1885 3660
1887 3640
1903 21220
1910 2500
1911 3760
1919 24200
1921 16900
1922 4260
1925 85500
1927 3340
1943 4820
1950 14200
1951 4520
1959 4460
1961 4040
1962 2900
1965 28540
1967 2500
1983 4340
1990 2680
1991 4560
1999 7180
2001 4860
2002 2140
2005 6020
2007 57440
2023 2680
2030 4400
2031 22420
2035 43240
2039 6540
2041 3960
2042 6780
2045 8580
2047 19580
2063 23880
2070 3660
2071 4260
2075 16900
2079 23960
2081 9480
2082 3220
2085 5100
2087 8440
2103 3760
2110 25840
2111 2900
2115 4040
2119 6620
2121 3640
2122 3660
2125 16740
2127 8520
2143 4520
2150 5340
2151 2140
2155 4860
2159 6200
2161 3340
2162 85500
2165 5460
2167 29800
2183 4560
2190 6400
2191 6780
2195 3960
2199 3880
2201 2500
2202 28540
2205 5360
2207 14820
2223 22420
2230 3460
2231 3220
2235 9480
2239 29140
2241 14200
2242 6020
2245 3560
2247 10040
2256 43240
2263 4260
2270 21220
2271 3660
2275 3640
2279 6260
2281 2680
2282 8580
2285 19800
2287 6800
2296 16900
2303 2900
2310 4820
2311 85500
2315 3340
2319 8280
2321 4400
2322 5100
2325 4620
2327 23720
2336 4040
2343 2140
2350 4340
2351 28540
2355 2500
2359 5580
2361 3660
2362 16740
2365 6020
2367 19020
2376 4860
2383 6780
2390 2680
2391 6020
2395 14200
2399 24420
2401 25840
2402 5460
2405 4440
2407 7020
2416 3960
2423 3220
2430 23880
2431 8580
2435 2680
2439 5740
2441 5340
2442 5360
2445 24200
2447 7080
2456 9480
2463 3660
2470 3760
2471 5100
2475 4400
2479 7460
2481 6400
2482 3560
2485 4460
2487 27540
2496 3640
2503 85500
2510 4520
2511 16740
2515 3660
2519 5040
2521 3460
2522 19800
2525 7180
2526 43240
2527 29600
2536 3340
2543 28540
2550 4560
2551 5460
2555 25840
2559 9180
2561 21220
2562 4620
2565 6540
2566 16900
2567 9860
2569 43240
2576 2500
2583 6020
2590 22420
2591 5360
2595 5340
2599 5140
2601 4820
2602 6020
2605 23960
2606 4040
2607 10960
2609 16900
2616 14200
2623 8580
2630 4260
2631 3560
2635 6400
2639 6380
2641 4340
2642 4440
2645 6620
2646 4860
2647 25880
2649 4040
2656 2680
2663 5100
2670 2900
2671 19800
2675 3460
2679 114340
2681 2680
2682 24200
2685 6200
2686 3960
2687 25480
2689 4860
2696 4400
2703 16740
2710 2140
2711 4620
2715 21220
2719 26100
2721 23880
2722 4460
2725 3880
2726 9480
2727 7720
2729 3960
2736 3660
2743 5460
2750 6780
2751 6020
2755 4820
2759 6000
2761 3760
2762 7180
2765 29140
2766 3640
2767 6480
2769 9480
2776 25840
2783 5360
2790 3220
2791 4440
2795 4340
2799 9080
2801 4520
2802 6540
2805 6260
2806 3340
2807 9460
2809 3640
2816 5340
2823 3560
2830 3660
2831 24200
2835 2680
2839 5860
2841 4560
2842 23960
2845 8280
2846 2500
2847 27100
2849 3340
2856 6400
2863 19800
2870 85500
2871 4460
2875 23880
2879 23580
2881 22420
2882 6620
2885 5580
2886 14200
2887 7420
2889 2500
2896 3460
2903 4620
2910 28540
2911 7180
2915 3760
2919 6480
2921 4260
2922 6200
2925 24420
2926 2680
2927 90020
2929 14200
2936 21220
2943 6020
2950 6020
2951 6540
2955 4520
2959 9400
2961 2900
2962 3880
2965 5740
2966 4400
2967 33100
2969 2680
2976 4820
2983 4440
