0 0
107 43240
147 16900
187 4040
221 43240
227 4860
261 16900
267 3960
301 4040
307 9480
341 4860
347 3640
381 3960
387 3340
421 9480
427 2500
461 3640
467 14200
501 3340
507 2680
541 2500
547 4400
581 14200
587 3660
621 2680
627 25840
661 4400
667 5340
679 43240
701 3660
707 6400
719 16900
739 43240
741 25840
747 3460
759 4040
779 16900
781 5340
787 21220
799 4860
819 4040
821 6400
827 4820
839 3960
859 4860
861 3460
867 4340
879 9480
899 3960
901 21220
907 2680
919 3640
934 43240
939 9480
941 4820
947 23880
959 3340
974 16900
979 3640
981 4340
987 3760
999 2500
1014 4040
1019 3340
1021 2680
1027 4520
1039 14200
1054 4860
1059 2500
1061 23880
1067 4560
1079 2680
1094 3960
1099 14200
1101 3760
1107 22420
1119 4400
1134 9480
1139 2680
1141 4520
1147 4260
1159 3660
1174 3640
1179 47640
1181 4560
1187 2900
1199 25840
1214 3340
1219 20560
1221 22420
1227 2140
1239 5340
1254 2500
1259 29880
1261 4260
1267 6780
1279 6400
1294 14200
1299 10200
1301 2900
1307 3220
1319 3460
1334 2680
1339 10360
1341 2140
1347 3660
1359 21220
1374 4400
1379 12940
1381 6780
1387 85500
1399 4820
1414 3660
1419 24860
1421 3220
1427 28540
1439 4340
1454 25840
1459 8160
1461 3660
1467 6020
1479 2680
1494 5340
1499 6840
1501 85500
1507 8580
1519 23880
1534 6400
1539 16880
1541 28540
1547 5100
1559 3760
1574 3460
1579 26560
1581 6020
1587 16740
1599 4520
1602 43240
1614 21220
1619 8160
1621 8580
1627 5460
1639 4560
1642 16900
1654 4820
1659 8180
1661 5100
1664 43240
1667 5360
1679 22420
1682 4040
1694 4340
1699 30400
1701 16740
1704 16900
1707 3560
1719 4260
1722 4860
1734 2680
1739 27760
1741 5460
1744 4040
1747 19800
1759 2900
1762 3960
1774 23880
1779 10660
1781 5360
1784 4860
1787 4620
1799 2140
1802 9480
1814 3760
1819 6360
1821 3560
1824 3960
1827 6020
1839 6780
1842 3640
1854 4520
1859 23360
1861 19800
1864 9480
1867 4440
1879 3220
1882 3340
1894 4560
1899 11600
1901 4620
1904 3640
1907 24200
1919 3660
1922 2500
1934 22420
1939 7560
1941 6020
1944 3340
1947 4460
1959 85500
1962 14200
1974 4260
1979 6340
1981 4440
1984 2500
1987 7180
1999 28540
2002 2680
2014 2900
2019 109380
2021 24200
2024 14200
2027 6540
2039 6020
2042 4400
2054 2140
2059 32300
2061 4460
2064 2680
2067 23960
2079 8580
2082 3660
2094 6780
2099 10540
2101 7180
2104 4400
2107 6620
2118 43240
2119 5100
2122 25840
2134 3220
2139 13140
2141 6540
2144 3660
2147 6200
2158 16900
2159 16740
2162 5340
2174 3660
2179 27520
2181 23960
2184 25840
2187 3880
2198 4040
2199 5460
2202 6400
2214 85500
2219 21000
2221 6620
2224 5340
2227 29140
2238 4860
2239 5360
2242 3460
2254 28540
2259 8360
2261 6200
2264 6400
2267 6260
2278 3960
2279 3560
2282 21220
2294 6020
2299 7500
2301 3880
2304 3460
2307 8280
2318 9480
2319 19800
2322 4820
2333 43240
2334 8580
2339 10340
2341 29140
2344 21220
2347 5580
2358 3640
2359 4620
2362 4340
2373 16900
2374 5100
2379 23020
2381 6260
2384 4820
2387 24420
2398 3340
2399 6020
2402 2680
2413 4040
2414 16740
2419 8280
2421 8280
2424 4340
2427 5740
2438 2500
2439 4440
2442 23880
2453 4860
2454 5460
2459 91520
2461 5580
2464 2680
2467 7460
2478 14200
2479 24200
2482 3760
2493 3960
2494 5360
2499 32980
2501 24420
2504 23880
2507 5040
2518 2680
2519 4460
2522 4520
2533 9480
2534 3560
2539 30220
2541 5740
2544 3760
2547 9180
2558 4400
2559 7180
2562 4560
2573 3640
2574 19800
2579 13040
2581 7460
2584 4520
2587 5140
2598 3660
2599 6540
2602 22420
2613 3340
2614 4620
2619 12280
2621 5040
2624 4560
2627 6380
2638 25840
2639 23960
2642 4260
2653 2500
2654 6020
2658 43240
2659 23280
2661 9180
2664 22420
2667 114340
2678 5340
2679 6620
2682 2900
2693 14200
2694 4440
2698 16900
2699 29420
2701 5140
2704 4260
2707 26100
2718 6400
2719 6200
2722 2140
2733 45920
2734 24200
2738 4040
2739 11980
2741 6380
2744 2900
2747 6000
2758 3460
2759 3880
2762 6780
2773 21300
2774 4460
2778 4860
2779 9760
2781 114340
2784 2140
2787 9080
2798 21220
2799 29140
2802 3220
2813 7700
2814 7180
2818 3960
2819 23680
2821 26100
2824 6780
2827 5860
2838 4820
2839 6260
2842 3660
2853 30700
2854 6540
2858 9480
2859 33760
2861 6000
2864 3220
2867 23580
2878 4340
2879 8280
2882 85500
2893 9300
2894 23960
2898 3640
2899 12280
2901 9080
2904 3660
2907 6480
2918 2680
2919 5580
2922 28540
2933 15880
2934 6620
2938 3340
2939 12720
2941 5860
2944 85500
2947 9400
2958 23880
2959 24420
2962 6020
2973 7100
2974 6200
2978 2500
