0 0
226 43240
266 16900
306 4040
346 4860
359 43240
363 43240
386 3960
399 16900
403 16900
426 9480
439 4040
443 4040
466 3640
479 4860
483 4860
506 3340
519 3960
523 3960
546 45740
559 9480
563 9480
586 31100
599 3640
603 3640
626 6720
639 3340
643 3340
666 9260
679 2500
683 2500
706 7620
719 14200
723 14200
746 35320
759 2680
763 2680
786 8980
799 4400
803 4400
826 9740
839 3660
843 3660
866 5960
879 25840
883 25840
906 35420
919 5340
923 5340
946 7500
959 6400
963 6400
986 8740
992 43240
999 3460
1003 3460
1026 6340
1032 16900
1039 21220
1043 21220
1066 49720
1072 4040
1079 4820
1083 4820
1101 43240
1106 9100
1112 4860
1119 4340
1123 4340
1141 16900
1146 10920
1152 3960
1159 2680
1163 2680
1181 4040
1186 8020
1192 9480
1199 23880
1203 23880
1221 48100
1226 43640
1232 3640
1239 3760
1243 3760
1261 20860
1266 9080
1272 3340
1279 4520
1283 4520
1301 13520
1306 7240
1312 2500
1319 4560
1323 4560
1341 8500
1346 4820
1352 14200
1359 22420
1363 22420
1381 7300
1386 30660
1392 2680
1399 4260
1403 4260
1421 11980
1426 6980
1432 4400
1439 2900
1443 2900
1461 17840
1466 8180
1472 3660
1479 2140
1483 2140
1501 6020
1506 90060
1512 25840
1519 6780
1523 6780
1541 6900
1546 50960
1552 5340
1559 3220
1563 3220
1581 17860
1586 10280
1592 6400
1599 3660
1603 3660
1621 28520
1626 11480
1632 3460
1639 85500
1643 85500
1661 9740
1666 7240
1672 21220
1679 28540
1683 28540
1701 10060
1706 23520
1712 4820
1719 6020
1723 6020
1741 29300
1746 8680
1752 4340
1759 8580
1763 8580
1781 26560
1786 9020
1792 2680
1799 5100
1803 5100
1821 11220
1826 89060
1832 23880
1839 16740
1843 16740
1861 7800
1866 48340
1872 3760
1879 5460
1883 5460
1901 23900
1906 10640
1912 4520
1919 5360
1923 5360
1941 28700
1946 14600
1952 4560
1959 3560
1963 3560
1972 43240
1981 8100
1986 9540
1992 22420
1999 19800
2003 19800
2012 16900
2021 7200
2026 40940
2032 4260
2039 4620
2043 4620
2052 4040
2061 28440
2066 9920
2072 2900
2079 6020
2083 6020
2092 4860
2101 26180
2106 12540
2112 2140
2119 4440
2123 4440
2131 43240
2132 3960
2141 8780
2146 10100
2152 6780
2159 24200
2163 24200
2171 16900
2172 9480
2181 7460
2186 43760
2192 3220
2199 4460
2203 4460
2211 4040
2212 3640
2221 24560
2226 11240
2232 3660
2239 7180
2243 7180
2251 4860
2252 3340
2261 11040
2266 12220
2272 85500
2279 6540
2283 6540
2291 3960
2292 2500
2301 6120
2306 8320
2312 28540
2319 23960
2323 23960
2331 9480
2332 14200
2341 5800
2346 53340
2352 6020
2359 6620
2363 6620
2371 3640
2372 2680
2381 92280
2386 10720
2392 8580
2399 6200
2403 6200
2411 3340
2412 4400
2421 31760
2426 15460
2432 5100
2439 3880
2443 3880
2451 2500
2452 3660
2461 9680
2466 12120
2472 16740
2479 29140
2483 29140
2491 14200
2492 25840
2501 94080
2506 48380
2512 5460
2519 6260
2523 6260
2531 2680
2532 5340
2541 33640
2546 12360
2552 5360
2559 8280
2563 8280
2571 4400
2572 6400
2581 22760
2586 13660
2592 3560
2599 5580
2603 5580
2611 3660
2612 3460
2621 14040
2626 8920
2632 19800
2639 24420
2643 24420
2651 25840
2652 21220
2661 10460
2666 38320
2672 4620
2679 5740
2683 5740
2691 5340
2692 4820
2701 20300
2706 11400
2712 6020
2719 7460
2723 7460
2731 6400
2732 4340
2741 25260
2746 14660
2752 4440
2759 5040
2763 5040
2771 3460
2772 2680
2781 9980
2786 119920
2792 24200
2799 9180
2803 9180
2811 21220
2812 23880
2821 9580
2826 50520
2832 4460
2839 5140
2843 5140
2851 4820
2852 3760
2861 24240
2866 11740
2872 7180
2879 6380
2883 6380
2891 4340
2892 4520
2901 28820
2906 16540
2912 6540
2919 114340
2923 114340
2931 2680
2932 4560
2941 10480
2946 10900
2952 23960
2959 26100
2963 26100
2971 23880
2972 22420
2981 2220
