0 0
345 43240
385 16900
425 4040
465 4860
505 3960
545 9480
551 43240
577 43240
585 3640
591 16900
617 16900
625 3340
631 4040
657 4040
665 2500
671 4860
697 4860
705 14200
711 3960
737 3960
745 2680
751 9480
777 9480
785 4400
791 3640
817 3640
825 3660
831 3340
857 3340
865 25840
871 2500
897 2500
905 5340
911 14200
935 43240
937 14200
945 6400
951 2680
975 16900
977 2680
985 3460
991 4400
1004 43240
1015 4040
1017 4400
1025 21220
1031 3660
1044 16900
1055 4860
1057 3660
1065 4820
1070 43240
1071 25840
1084 4040
1095 3960
1097 25840
1105 4340
1110 16900
1111 5340
1124 4860
1135 9480
1137 5340
1145 2680
1150 4040
1151 6400
1164 3960
1175 3640
1177 6400
1185 23880
1190 4860
1191 3460
1204 9480
1215 3340
1217 3460
1225 3760
1230 3960
1231 21220
1244 3640
1246 43240
1255 2500
1257 21220
1265 4520
1270 9480
1271 4820
1284 3340
1286 16900
1295 14200
1297 4820
1305 4560
1310 3640
1311 4340
1324 2500
1326 4040
1335 2680
1337 4340
1345 22420
1350 3340
1351 2680
1364 14200
1366 4860
1375 4400
1377 2680
1385 4260
1390 2500
1391 23880
1404 2680
1406 3960
1415 3660
1417 23880
1425 2900
1430 14200
1431 3760
1444 4400
1446 9480
1455 25840
1457 3760
1465 2140
1470 2680
1471 4520
1484 3660
1486 3640
1495 5340
1497 4520
1505 6780
1510 4400
1511 4560
1524 25840
1526 3340
1535 6400
1537 4560
1545 3220
1548 43240
1550 3660
1551 22420
1564 5340
1566 2500
1575 3460
1577 22420
1585 3660
1588 16900
1590 25840
1591 4260
1604 6400
1606 14200
1615 21220
1617 4260
1625 85500
1628 4040
1630 5340
1631 2900
1642 43240
1644 3460
1646 2680
1655 4820
1657 2900
1665 28540
1668 4860
1670 6400
1671 2140
1682 16900
1684 21220
1686 4400
1695 4340
1697 2140
1705 6020
1708 3960
1710 3460
1711 6780
1722 4040
1724 4820
1726 3660
1735 2680
1737 6780
1745 8580
1748 9480
1750 21220
1751 3220
1762 4860
1764 4340
1766 25840
1775 23880
1777 3220
1785 5100
1788 3640
1790 4820
1791 3660
1802 3960
1804 2680
1806 5340
1815 3760
1817 3660
1825 16740
1828 3340
1830 4340
1831 85500
1842 9480
1844 23880
1846 6400
1855 4520
1857 85500
1865 5460
1868 2500
1870 2680
1871 28540
1882 3640
1884 47000
1886 3460
1895 4560
1897 28540
1905 5360
1908 14200
1910 23880
1911 6020
1922 3340
1924 21420
1926 21220
1935 22420
1937 6020
1945 3560
1948 2680
1950 3760
1951 8580
1962 2500
1964 8600
1966 4820
1975 4260
1977 8580
1985 19800
1988 4400
1990 4520
1991 5100
2002 14200
2004 27280
2006 4340
2015 2900
2017 5100
2025 4620
2028 3660
2030 4560
2031 16740
2042 2680
2044 8220
2046 2680
2055 2140
2057 16740
2065 6020
2068 25840
2070 22420
2071 5460
2082 4400
2084 12380
2086 23880
2095 6780
2097 5460
2105 4440
2108 5340
2110 4260
2111 5360
2122 3660
2124 5780
2126 3760
2135 3220
2137 5360
2145 24200
2148 6400
2150 2900
2151 3560
2162 25840
2164 10120
2166 4520
2175 3660
2177 3560
2185 4460
2188 3460
2190 2140
2191 19800
2202 5340
2204 5720
2206 4560
2215 85500
2217 19800
2225 7180
2228 21220
2230 6780
2231 4620
2242 6400
2244 17860
2246 22420
2255 28540
2257 4620
2265 6540
2268 4820
2270 3220
2271 6020
2282 3460
2284 88180
2286 4260
2295 6020
2297 6020
2305 23960
2308 4340
2310 3660
2311 4440
2322 21220
2324 32940
2326 2900
2335 8580
2337 4440
2345 6620
2348 2680
2350 85500
2351 24200
2362 4820
2364 9680
2366 2140
2375 5100
2377 24200
2385 6200
2388 23880
2390 28540
2391 4460
2402 4340
2404 34420
2406 6780
2412 43240
2415 16740
2417 4460
2425 3880
2426 43240
2428 3760
2430 6020
2431 7180
2442 2680
2444 10440
2446 3220
2452 16900
2455 5460
2457 7180
2465 29140
2466 16900
2468 4520
2470 8580
2471 6540
2482 23880
2484 23140
2486 3660
2492 4040
2495 5360
2497 6540
2505 6260
2506 4040
2508 4560
2510 5100
2511 23960
2522 3760
2524 8920
2526 85500
2532 4860
2535 3560
2537 23960
2545 8280
2546 4860
2548 22420
2550 16740
2551 6620
2562 4520
2564 26580
2566 28540
2572 3960
2575 19800
2577 6620
2585 5580
2586 3960
2588 4260
2590 5460
2591 6200
2602 4560
2604 8380
2606 6020
2612 9480
2615 4620
2617 6200
2625 24420
2626 9480
2628 2900
2630 5360
2631 3880
2642 22420
2644 24140
2646 8580
2652 3640
2655 6020
2657 3880
2665 5740
2666 3640
2668 2140
2670 3560
2671 29140
2682 4260
2684 7300
2686 5100
2692 3340
2695 4440
2697 29140
2705 7460
2706 3340
2708 6780
2710 19800
2711 6260
2722 2900
2724 29900
2726 16740
2732 2500
2735 24200
2737 6260
2743 43240
2745 5040
2746 2500
2748 3220
2750 4620
2751 8280
2762 2140
2764 8200
2766 5460
2772 14200
2775 4460
2777 8280
2783 16900
2785 9180
2786 14200
2788 3660
2790 6020
2791 5580
2802 6780
2804 28720
2806 5360
2812 2680
2815 7180
2817 5580
2823 4040
2825 5140
2826 2680
2828 85500
2830 4440
2831 24420
2842 3220
2844 9020
2846 3560
2852 4400
2855 6540
2857 24420
2863 4860
2865 6380
2866 4400
2868 28540
2870 24200
2871 5740
2882 3660
2884 29600
2886 19800
2891 43240
2892 3660
2895 23960
2897 5740
2903 3960
2905 114340
2906 3660
2908 6020
2910 4460
2911 7460
2922 85500
2924 10800
2926 4620
2931 16900
2932 25840
2935 6620
2937 7460
2943 9480
2945 26100
2946 25840
2948 8580
2950 7180
2951 5040
2962 28540
2964 26860
2966 6020
2971 4040
2972 5340
2975 6200
2977 5040
2983 3640
2985 6000
2986 5340
2988 5100
2990 3270
