0 0
111 43240
151 16900
191 4040
231 4860
271 3960
280 43240
311 9480
320 16900
351 3640
360 4040
391 3340
400 4860
431 2500
440 3960
471 14200
480 9480
484 43240
511 2680
520 3640
524 16900
551 4400
560 3340
564 4040
591 3660
600 2500
604 4860
631 25840
640 14200
644 3960
671 5340
680 2680
684 9480
708 43240
711 6400
720 4400
724 3640
748 16900
751 3460
760 3660
764 3340
788 4040
791 21220
800 25840
804 2500
828 4860
831 4820
840 5340
844 14200
868 3960
871 4340
880 6400
884 2680
908 9480
911 2680
920 3460
924 4400
948 3640
951 23880
960 21220
964 3660
988 3340
991 3760
1000 4820
1004 25840
1028 2500
1031 4520
1040 4340
1044 5340
1068 14200
1071 4560
1080 2680
1084 6400
1106 43240
1108 2680
1111 22420
1120 23880
1124 3460
1146 16900
1148 4400
1151 4260
1160 3760
1164 21220
1186 4040
1188 3660
1191 2900
1200 4520
1204 4820
1226 4860
1228 25840
1231 2140
1240 4560
1243 43240
1244 4340
1266 3960
1268 5340
1271 6780
1280 22420
1283 16900
1284 2680
1306 9480
1308 6400
1311 3220
1320 4260
1323 4040
1324 23880
1346 3640
1348 3460
1351 3660
1360 2900
1363 4860
1364 3760
1386 3340
1388 21220
1391 85500
1400 2140
1403 3960
1404 4520
1426 2500
1428 4820
1431 28540
1440 6780
1443 9480
1444 4560
1466 14200
1468 4340
1471 6020
1480 3220
1483 3640
1484 22420
1486 43240
1506 2680
1508 2680
1511 8580
1520 3660
1523 3340
1524 4260
1526 16900
1546 4400
1548 23880
1551 5100
1560 85500
1563 2500
1564 2900
1566 4040
1586 3660
1588 3760
1589 43240
1591 16740
1600 28540
1603 14200
1604 2140
1606 4860
1609 43240
1625 43240
1626 25840
1628 4520
1629 16900
1631 5460
1640 6020
1643 2680
1644 6780
1646 3960
1649 16900
1665 16900
1666 5340
1668 4560
1669 4040
1670 43240
1671 5360
1680 8580
1683 4400
1684 3220
1686 9480
1689 4040
1705 4040
1706 6400
1708 22420
1709 4860
1710 16900
1711 3560
1720 5100
1723 3660
1724 3660
1726 3640
1729 4860
1745 4860
1746 3460
1748 4260
1749 3960
1750 4040
1751 19800
1760 16740
1763 25840
1764 85500
1766 3340
1769 3960
1785 3960
1786 21220
1788 2900
1789 9480
1790 4860
1791 4620
1800 5460
1803 5340
1804 28540
1806 2500
1809 9480
1825 9480
1826 4820
1828 2140
1829 3640
1830 3960
1831 6020
1840 5360
1843 6400
1844 6020
1846 14200
1849 3640
1865 3640
1866 4340
1868 6780
1869 46580
1870 9480
1871 4440
1880 3560
1883 3460
1884 8580
1886 2680
1889 3340
1905 3340
1906 2680
1908 3220
1909 19400
1910 3640
1911 24200
1920 19800
1923 21220
1924 5100
1926 4400
1929 2500
1945 2500
1946 23880
1948 3660
1949 18240
1950 3340
1951 4460
1960 4620
1963 4820
1964 16740
1966 3660
1969 14200
1985 14200
1986 3760
1988 85500
1989 7540
1990 2500
1991 7180
2000 6020
2003 4340
2004 5460
2006 25840
2009 2680
2025 2680
2026 4520
2028 28540
2029 8360
2030 14200
2031 6540
2040 4440
2043 2680
2044 5360
2046 5340
2049 4400
2065 4400
2066 4560
2068 6020
2069 13140
2070 2680
2071 23960
2080 24200
2083 23880
2084 3560
2086 6400
2089 3660
2105 3660
2106 22420
2108 8580
2109 29480
2110 4400
2111 6620
2120 4460
2123 3760
2124 19800
2126 3460
2129 25840
2145 25840
2146 4260
2148 5100
2149 8680
2150 3660
2151 6200
2160 7180
2163 4520
2164 4620
2166 21220
2169 5340
2185 5340
2186 2900
2188 16740
2189 8900
2190 25840
2191 3880
2200 6540
2203 4560
2204 6020
2206 4820
2209 6400
2225 6400
2226 2140
2228 5460
2229 17660
2230 5340
2231 29140
2240 23960
2243 22420
2244 4440
2246 4340
2249 3460
2260 43240
2265 3460
2266 6780
2268 5360
2269 23900
2270 6400
2271 6260
2280 6620
2283 4260
2284 24200
2286 2680
2289 21220
2300 16900
2305 21220
2306 3220
2308 3560
2309 9220
2310 3460
2311 8280
2320 6200
2323 2900
2324 4460
2326 23880
2329 4820
2340 4040
2345 4820
2346 3660
2348 19800
2349 8000
2350 21220
2351 5580
2360 3880
2363 2140
2364 7180
2366 3760
2369 4340
2380 4860
2385 4340
2386 85500
2388 4620
2389 28520
2390 4820
2391 24420
2400 29140
2403 6780
2404 6540
2406 4520
2409 2680
2420 3960
2425 2680
2426 28540
2428 6020
2429 29220
2430 4340
2431 5740
2440 6260
2443 3220
2444 23960
2446 4560
2449 23880
2460 9480
2465 23880
2466 6020
2468 4440
2469 10160
2470 2680
2471 7460
2480 8280
2483 3660
2484 6620
2486 22420
2489 3760
2500 3640
2505 3760
2506 8580
2508 24200
2509 7980
2510 23880
2511 5040
2520 5580
2523 85500
2524 6200
2526 4260
2529 4520
2540 3340
2545 4520
2546 5100
2548 4460
2549 25780
2550 3760
2551 9180
2560 24420
2563 28540
2564 3880
2566 2900
2569 4560
2580 2500
2585 4560
2586 16740
2588 7180
2589 27240
2590 4520
2591 5140
2600 5740
2603 6020
2604 29140
2606 2140
2609 22420
2620 14200
2625 22420
2626 5460
2628 6540
2629 8600
2630 4560
2631 6380
2640 7460
2643 8580
2644 6260
2646 6780
2649 4260
2660 2680
2665 4260
2666 5360
2668 23960
2669 5580
2670 22420
2671 114340
2680 5040
2683 5100
2684 8280
2686 3220
2689 2900
2700 4400
2705 2900
2706 3560
2708 6620
2709 26020
2710 4260
2711 26100
2720 9180
2723 16740
2724 5580
2726 3660
2729 2140
2740 3660
2745 2140
2746 19800
2748 6200
2749 10540
2750 2900
2751 6000
2760 5140
2763 5460
2764 24420
2766 85500
2769 6780
2780 25840
2785 6780
2786 4620
2788 3880
2789 7740
2790 2140
2791 9080
2800 6380
2803 5360
2804 5740
2806 28540
2809 3220
2820 5340
2825 3220
2826 6020
2828 29140
2829 8220
2830 6780
2831 5860
2840 114340
2843 3560
2844 7460
2846 6020
2849 3660
2860 6400
2865 3660
2866 4440
2868 6260
2869 107920
2870 3220
2871 23580
2880 26100
2883 19800
2884 5040
2886 8580
2889 85500
2900 3460
2905 85500
2906 24200
2908 8280
2909 32800
2910 3660
2911 6480
2920 6000
2923 4620
2924 9180
2926 5100
2929 28540
2940 21220
2945 28540
2946 4460
2948 5580
2949 8920
2950 85500
2951 9400
2960 9080
2963 6020
2964 5140
2966 16740
2969 6020
2980 4820
2985 6020
2986 7180
2988 24420
