0 0
121 43240
161 16900
201 4040
204 43240
241 4860
244 16900
281 3960
284 4040
321 9480
324 4860
361 3640
364 3960
401 3340
404 9480
441 2500
444 3640
481 14200
484 3340
521 2680
524 2500
561 4400
564 14200
601 3660
604 2680
641 25840
644 4400
647 43240
681 5340
684 3660
687 16900
721 6400
724 25840
727 4040
761 3460
764 5340
767 4860
801 21220
804 6400
807 3960
841 4820
844 3460
845 43240
847 9480
881 4340
884 21220
885 16900
887 3640
921 2680
924 4820
925 4040
927 3340
961 23880
964 4340
965 4860
967 2500
1001 3760
1004 2680
1005 3960
1007 14200
1041 4520
1044 23880
1045 9480
1047 2680
1081 4560
1084 3760
1085 3640
1087 4400
1121 22420
1124 4520
1125 3340
1127 3660
1149 43240
1161 4260
1164 4560
1165 2500
1167 25840
1189 16900
1201 2900
1204 22420
1205 14200
1207 5340
1229 4040
1241 2140
1244 4260
1245 2680
1247 6400
1269 4860
1281 6780
1284 2900
1285 4400
1287 3460
1309 3960
1321 3220
1324 2140
1325 3660
1327 21220
1349 9480
1360 43240
1361 3660
1364 6780
1365 25840
1367 4820
1389 3640
1400 16900
1401 85500
1404 3220
1405 5340
1407 4340
1429 3340
1438 43240
1440 4040
1441 28540
1444 3660
1445 6400
1447 2680
1469 2500
1478 16900
1480 4860
1481 6020
1484 85500
1485 3460
1487 23880
1509 14200
1518 4040
1520 3960
1521 8580
1524 28540
1525 21220
1527 3760
1549 2680
1558 4860
1560 9480
1561 5100
1564 6020
1565 4820
1567 4520
1589 4400
1598 3960
1600 3640
1601 16740
1604 8580
1605 4340
1607 4560
1629 3660
1638 9480
1640 3340
1641 5460
1644 5100
1645 2680
1647 22420
1658 43240
1669 25840
1678 3640
1680 2500
1681 5360
1684 16740
1685 23880
1687 4260
1698 16900
1709 5340
1718 3340
1720 14200
1721 3560
1724 5460
1725 3760
1727 2900
1738 4040
1749 6400
1758 2500
1760 2680
1761 19800
1764 5360
1765 4520
1767 2140
1778 4860
1789 3460
1798 14200
1800 4400
1801 4620
1804 3560
1805 4560
1807 6780
1818 3960
1829 21220
1838 2680
1840 3660
1841 6020
1844 19800
1845 22420
1847 3220
1858 9480
1869 4820
1878 4400
1880 25840
1881 4440
1884 4620
1885 4260
1887 3660
1898 3640
1909 4340
1918 3660
1920 5340
1921 24200
1924 6020
1925 2900
1927 85500
1938 3340
1949 2680
1958 25840
1960 6400
1961 4460
1964 4440
1965 2140
1967 28540
1978 2500
1989 23880
1998 5340
2000 3460
2001 7180
2004 24200
2005 6780
2007 6020
2018 14200
2029 3760
2038 6400
2040 21220
2041 6540
2044 4460
2045 3220
2047 8580
2058 45920
2069 4520
2078 3460
2080 4820
2081 23960
2084 7180
2085 3660
2087 5100
2098 21300
2109 4560
2118 21220
2120 4340
2121 6620
2124 6540
2125 85500
2127 16740
2138 7700
2149 22420
2158 4820
2160 2680
2161 6200
2164 23960
2165 28540
2167 5460
2168 43240
2178 30700
2185 43240
2189 4260
2198 4340
2200 23880
2201 3880
2204 6620
2205 6020
2207 5360
2208 16900
2218 9300
2225 16900
2229 2900
2238 2680
2240 3760
2241 29140
2244 6200
2245 8580
2247 3560
2248 4040
2258 15880
2265 4040
2269 2140
2278 23880
2280 4520
2281 6260
2284 3880
2285 5100
2287 19800
2288 4860
2291 43240
2298 7100
2305 4860
2309 6780
2318 3760
2320 4560
2321 8280
2324 29140
2325 16740
2327 4620
2328 3960
2331 16900
2338 24560
2345 3960
2349 3220
2358 4520
2360 22420
2361 5580
2364 6260
2365 5460
2367 6020
2368 9480
2371 4040
2378 7320
2385 9480
2389 3660
2398 4560
2400 4260
2401 24420
2404 8280
2405 5360
2407 4440
2408 3640
2411 4860
2418 18540
2425 3640
2429 85500
2438 22420
2440 2900
2441 5740
2444 5580
2445 3560
2447 24200
2448 3340
2451 3960
2458 5360
2465 3340
2469 28540
2478 4260
2480 2140
2481 7460
2484 24420
2485 19800
2487 4460
2488 2500
2491 9480
2498 28280
2505 2500
2509 6020
2518 2900
2520 6780
2521 5040
2524 5740
2525 4620
2527 7180
2528 14200
2530 43240
2531 3640
2538 7420
2545 14200
2549 8580
2558 2140
2560 3220
2561 9180
2564 7460
2565 6020
2567 6540
2568 2680
2570 16900
2571 3340
2578 30360
2585 2680
2589 5100
2598 6780
2600 3660
2601 5140
2604 5040
2605 4440
2607 23960
2608 4400
2610 4040
2611 2500
2618 9900
2625 4400
2629 16740
2638 3220
2640 85500
2641 6380
2644 9180
2645 24200
2647 6620
2648 3660
2650 4860
2651 14200
2658 28820
2665 3660
2669 5460
2678 3660
2680 28540
2681 114340
2684 5140
2685 4460
2687 6200
2688 25840
2690 3960
2691 2680
2698 7720
2705 25840
2709 5360
2718 85500
2720 6020
2721 26100
2724 6380
2725 7180
2727 3880
2728 5340
2730 9480
2731 4400
2738 24120
2745 5340
2749 3560
2758 28540
2760 8580
2761 6000
2764 114340
2765 6540
2767 29140
2768 6400
2770 3640
2771 3660
2778 6960
2785 6400
2789 19800
2798 6020
2800 5100
2801 9080
2804 26100
2805 23960
2807 6260
2808 3460
2810 3340
2811 25840
2818 11120
2825 3460
2829 4620
2838 8580
2840 16740
2841 5860
2844 6000
2845 6620
2847 8280
2848 21220
2850 2500
2851 5340
2858 5900
2865 21220
2869 6020
2878 5100
2880 5460
2881 23580
2884 9080
2885 6200
2887 5580
2888 4820
2890 14200
2891 6400
2898 27540
2905 4820
2909 4440
2918 16740
2920 5360
2921 6480
2924 5860
2925 3880
2927 24420
2928 4340
2930 2680
2931 3460
2938 89260
2945 4340
2949 24200
2958 5460
2960 3560
2961 9400
2964 23580
2965 29140
2967 5740
2968 2680
2970 4400
2971 21220
2978 13082
