0 0
145 43240
168 43240
185 16900
208 16900
225 4040
248 4040
265 4860
288 4860
305 3960
328 3960
345 9480
368 9480
385 3640
408 3640
425 3340
448 3340
465 2500
488 2500
505 14200
526 43240
528 14200
545 2680
565 43240
566 16900
568 2680
585 4400
605 16900
606 4040
608 4400
625 3660
645 4040
646 4860
648 3660
665 25840
685 4860
686 3960
688 25840
705 5340
725 3960
726 9480
728 5340
745 6400
765 9480
766 3640
768 6400
785 3460
805 3640
806 3340
808 3460
825 21220
845 3340
846 2500
848 21220
865 4820
885 2500
886 14200
888 4820
905 4340
925 14200
926 2680
928 4340
945 2680
965 2680
966 4400
968 2680
985 23880
1005 4400
1006 3660
1008 23880
1025 3760
1045 3660
1046 25840
1048 3760
1065 4520
1085 25840
1086 5340
1088 4520
1105 4560
1125 5340
1126 6400
1128 4560
1145 22420
1165 6400
1166 3460
1168 22420
1185 4260
1205 3460
1206 21220
1208 4260
1225 2900
1245 21220
1246 4820
1248 2900
1252 43240
1265 2140
1285 4820
1286 4340
1288 2140
1292 16900
1305 6780
1325 4340
1326 2680
1328 6780
1332 4040
1345 3220
1365 2680
1366 23880
1368 3220
1372 4860
1385 3660
1405 23880
1406 3760
1408 3660
1412 3960
1425 85500
1445 3760
1446 4520
1448 85500
1452 9480
1465 28540
1485 4520
1486 4560
1488 28540
1492 3640
1505 6020
1525 4560
1526 22420
1528 6020
1532 3340
1545 8580
1565 22420
1566 4260
1568 8580
1572 2500
1585 5100
1605 4260
1606 2900
1608 5100
1612 14200
1625 16740
1641 43240
1645 2900
1646 2140
1648 16740
1652 2680
1665 5460
1681 16900
1685 2140
1686 6780
1688 5460
1692 4400
1705 5360
1721 4040
1724 43240
1725 6780
1726 3220
1728 5360
1732 3660
1745 3560
1761 4860
1764 16900
1765 3220
1766 3660
1768 3560
1772 25840
1781 43240
1785 19800
1801 3960
1804 4040
1805 3660
1806 85500
1808 19800
1812 5340
1821 16900
1825 4620
1841 9480
1844 4860
1845 85500
1846 28540
1848 4620
1852 6400
1861 4040
1865 6020
1881 3640
1884 3960
1885 28540
1886 6020
1888 6020
1892 3460
1901 4860
1905 4440
1921 3340
1924 9480
1925 6020
1926 8580
1928 4440
1932 21220
1937 43240
1941 3960
1945 24200
1961 2500
1964 3640
1965 8580
1966 5100
1968 24200
1972 4820
1977 16900
1981 9480
1985 4460
2001 14200
2004 3340
2005 5100
2006 16740
2008 4460
2012 4340
2017 4040
2021 3640
2025 7180
2041 2680
2044 2500
2045 16740
2046 5460
2048 7180
2052 2680
2057 4860
2061 3340
2065 6540
2077 43240
2081 4400
2084 14200
2085 5460
2086 5360
2088 6540
2092 23880
2093 43240
2097 3960
2101 2500
2105 23960
2117 16900
2121 3660
2124 2680
2125 5360
2126 3560
2128 23960
2132 3760
2133 16900
2137 9480
2141 14200
2145 6620
2157 4040
2161 25840
2164 4400
2165 46800
2166 19800
2168 6620
2172 4520
2173 4040
2177 3640
2181 2680
2185 6200
2197 4860
2201 5340
2204 3660
2205 36700
2206 4620
2208 6200
2212 4560
2213 4860
2217 3340
2221 4400
2225 3880
2237 3960
2241 6400
2244 25840
2245 8660
2246 6020
2248 3880
2252 22420
2253 3960
2257 2500
2261 3660
2265 29140
2277 9480
2281 3460
2284 5340
2285 10880
2286 4440
2288 29140
2292 4260
2293 9480
2297 14200
2301 25840
2305 6260
2312 43240
2317 3640
2321 21220
2324 6400
2325 8400
2326 24200
2328 6260
2332 2900
2333 3640
2337 2680
2341 5340
2345 8280
2352 16900
2357 3340
2361 4820
2364 3460
2365 33680
2366 4460
2368 8280
2372 2140
2373 3340
2377 4400
2381 6400
2385 5580
2392 4040
2397 2500
2401 4340
2404 21220
2405 8100
2406 7180
2408 5580
2412 6780
2413 2500
2417 3660
2421 3460
2425 24420
2432 4860
2437 14200
2441 2680
2444 4820
2445 10520
2446 6540
2448 24420
2452 3220
2453 14200
2457 25840
2461 21220
2465 5740
2472 3960
2477 2680
2481 23880
2484 4340
2485 9040
2486 23960
2488 5740
2492 3660
2493 2680
2497 5340
2501 4820
2505 7460
2512 9480
2517 4400
2521 3760
2524 2680
2525 38160
2526 6620
2528 7460
2532 85500
2533 4400
2537 6400
2541 4340
2545 5040
2552 3640
2557 3660
2561 4520
2564 23880
2565 9300
2566 6200
2568 5040
2572 28540
2573 3660
2577 3460
2581 2680
2585 9180
2592 3340
2597 25840
2601 4560
2604 3760
2605 10600
2606 3880
2608 9180
2612 6020
2613 25840
2617 21220
2621 23880
2625 5140
2632 2500
2637 5340
2641 22420
2644 4520
2645 7540
2646 29140
2648 5140
2652 8580
2653 5340
2657 4820
2661 3760
2665 6380
2672 14200
2677 6400
2681 4260
2684 4560
2685 54980
2686 6260
2688 6380
2692 5100
2693 6400
2697 4340
2701 4520
2705 114340
2712 2680
2717 3460
2721 2900
2724 22420
2725 11600
2726 8280
2728 114340
2732 16740
2733 3460
2737 2680
2741 4560
2745 26100
2752 4400
2757 21220
2761 2140
2764 4260
2765 14680
2766 5580
2768 26100
2772 5460
2773 21220
2777 23880
2781 22420
2785 6000
2792 3660
2797 4820
2801 6780
2804 2900
2805 9040
2806 24420
2808 6000
2812 5360
2813 4820
2817 3760
2821 4260
2825 9080
2832 25840
2837 4340
2841 3220
2844 2140
2845 45640
2846 5740
2848 9080
2852 3560
2853 4340
2857 4520
2861 2900
2865 5860
2872 5340
2877 2680
2881 3660
2884 6780
2885 10560
2886 7460
2888 5860
2892 19800
2893 2680
2897 4560
2901 2140
2905 23580
2912 6400
2917 23880
2921 85500
2924 3220
2925 11800
2926 5040
2928 23580
2932 4620
2933 23880
2937 22420
2941 6780
2943 43240
2945 6480
2952 3460
2957 3760
2961 28540
2964 3660
2965 7720
2966 9180
2968 6480
2972 6020
2973 3760
2977 4260
2981 3220
2983 16900
