0 0
506 43240
546 16900
586 4040
626 4860
666 3960
693 43240
706 9480
733 16900
746 3640
773 4040
786 3340
803 43240
813 4860
826 2500
843 16900
853 3960
866 14200
883 4040
893 9480
906 2680
923 4860
933 3640
946 4400
963 3960
973 3340
986 3660
1003 9480
1013 2500
1026 25840
1043 3640
1053 14200
1066 5340
1083 3340
1093 2680
1106 6400
1123 2500
1133 4400
1146 3460
1151 43240
1163 14200
1173 3660
1186 21220
1191 16900
1203 2680
1213 25840
1226 4820
1231 4040
1243 4400
1253 5340
1263 43240
1266 4340
1271 4860
1283 3660
1293 6400
1303 16900
1306 2680
1311 3960
1323 25840
1333 3460
1342 43240
1343 4040
1346 23880
1351 9480
1363 5340
1373 21220
1382 16900
1383 4860
1386 3760
1391 3640
1402 43240
1403 6400
1413 4820
1422 4040
1423 3960
1426 4520
1431 3340
1442 16900
1443 3460
1453 4340
1462 4860
1463 9480
1466 4560
1471 2500
1482 4040
1483 21220
1493 2680
1502 3960
1503 3640
1506 22420
1511 14200
1522 4860
1523 4820
1533 23880
1542 9480
1543 3340
1546 4260
1551 2680
1562 3960
1563 4340
1573 3760
1582 3640
1583 2500
1586 2900
1591 4400
1602 9480
1603 2680
1613 4520
1622 3340
1623 14200
1624 43240
1626 2140
1631 3660
1642 3640
1643 23880
1652 43240
1653 4560
1662 2500
1663 2680
1664 16900
1666 6780
1671 25840
1682 3340
1683 3760
1692 16900
1693 22420
1702 14200
1703 4400
1704 4040
1706 3220
1711 5340
1722 2500
1723 4520
1732 4040
1733 4260
1742 2680
1743 3660
1744 4860
1746 3660
1751 6400
1762 14200
1763 4560
1772 4860
1773 2900
1782 4400
1783 25840
1784 3960
1786 85500
1791 3460
1802 2680
1803 22420
1812 3960
1813 2140
1822 3660
1823 5340
1824 9480
1826 28540
1831 21220
1842 4400
1843 4260
1852 9480
1853 6780
1862 25840
1863 6400
1864 3640
1866 6020
1871 4820
1882 3660
1883 2900
1892 3640
1893 3220
1902 5340
1903 3460
1904 3340
1906 8580
1911 4340
1922 25840
1923 2140
1932 3340
1933 3660
1942 6400
1943 21220
1944 2500
1946 5100
1951 2680
1956 43240
1962 5340
1963 6780
1972 2500
1973 85500
1982 3460
1983 4820
1984 14200
1986 16740
1991 23880
1996 16900
2002 6400
2003 3220
2012 14200
2013 28540
2022 21220
2023 4340
2024 2680
2026 5460
2031 3760
2036 4040
2042 3460
2043 3660
2052 2680
2053 6020
2062 4820
2063 2680
2064 4400
2066 5360
2071 4520
2076 4860
2082 21220
2083 85500
2092 4400
2093 8580
2102 4340
2103 23880
2104 3660
2106 3560
2111 4560
2116 3960
2122 4820
2123 28540
2132 3660
2133 5100
2142 2680
2143 3760
2144 25840
2146 19800
2151 22420
2156 9480
2162 4340
2163 6020
2172 25840
2173 16740
2182 23880
2183 4520
2184 5340
2186 4620
2191 4260
2196 3640
2202 2680
2203 8580
2212 5340
2213 5460
2222 3760
2223 4560
2224 6400
2226 6020
2231 2900
2236 3340
2242 23880
2243 5100
2252 6400
2253 48600
2262 4520
2263 22420
2264 3460
2266 4440
2271 2140
2276 2500
2282 3760
2283 16740
2292 3460
2293 20460
2302 4560
2303 4260
2304 21220
2306 24200
2311 6780
2316 14200
2322 4520
2323 5460
2332 21220
2333 23840
2342 22420
2343 2900
2344 4820
2346 4460
2351 3220
2356 2680
2362 4560
2363 5360
2372 4820
2373 9480
2374 43240
2382 4260
2383 2140
2384 4340
2386 7180
2391 3660
2396 4400
2402 22420
2403 3560
2412 4340
2413 9980
2414 16900
2422 2900
2423 6780
2424 2680
2426 6540
2431 85500
2436 3660
2442 4260
2443 19800
2452 2680
2453 13920
2454 4040
2462 2140
2463 3220
2464 23880
2466 23960
2471 28540
2476 25840
2482 2900
2483 4620
2492 23880
2493 27840
2494 4860
2502 6780
2503 3660
2504 3760
2506 6620
2511 6020
2516 5340
2522 2140
2523 6020
2532 47000
2533 7800
2534 3960
2542 3220
2543 85500
2544 4520
2546 6200
2551 8580
2556 6400
2562 6780
2563 4440
2572 21420
2573 9680
2574 9480
2582 3660
2583 28540
2584 4560
2586 3880
2591 5100
2596 3460
2602 3220
2603 24200
2612 8600
2613 20740
2614 3640
2622 85500
2623 6020
2624 22420
2626 29140
2631 16740
2636 21220
2642 3660
2643 4460
2652 27280
2653 26640
2654 3340
2662 28540
2663 8580
2664 4260
2666 6260
2671 5460
2676 4820
2682 85500
2683 7180
2692 8220
2693 11020
2694 2500
2702 6020
2703 5100
2704 2900
2706 8280
2711 5360
2716 4340
2722 28540
2723 6540
2732 12380
2733 9860
2734 14200
2741 43240
2742 8580
2743 16740
2744 2140
2746 5580
2751 3560
2756 2680
2762 6020
2763 23960
2772 5780
2773 29720
2774 2680
2781 16900
2782 5100
2783 5460
2784 6780
2786 24420
2791 19800
2796 23880
2802 8580
2803 6620
2812 10120
2813 34480
2814 4400
2821 4040
2822 16740
2823 5360
2824 3220
2826 5740
2831 4620
2836 3760
2842 5100
2843 6200
2852 5720
2853 12660
2854 3660
2861 4860
2862 5460
2863 3560
2864 3660
2866 7460
2871 6020
2876 4520
2882 16740
2883 3880
2892 17860
2893 11740
2894 25840
2901 3960
2902 5360
2903 19800
2904 85500
2906 5040
2911 4440
2916 4560
2922 5460
2923 29140
2932 88180
2933 26800
2934 5340
2941 9480
2942 3560
2943 4620
2944 28540
2946 9180
2951 24200
2956 22420
2962 5360
2963 6260
2972 32940
2973 29240
2974 6400
2981 3640
2982 19800
2983 6020
2984 6020
2986 5140
