0 0
291 43240
331 16900
371 4040
411 4860
451 3960
491 9480
531 3640
571 3340
587 43240
611 2500
627 16900
651 14200
667 4040
691 2680
697 43240
707 4860
731 4400
737 16900
747 3960
771 3660
777 4040
787 9480
811 25840
817 4860
827 3640
851 5340
857 3960
867 3340
870 43240
885 43240
891 6400
897 9480
907 2500
910 16900
925 16900
931 3460
937 3640
947 14200
950 4040
965 4040
971 21220
977 3340
987 2680
990 4860
1005 4860
1011 4820
1017 2500
1027 4400
1030 3960
1045 3960
1051 4340
1057 14200
1067 3660
1070 9480
1085 9480
1091 2680
1097 2680
1107 25840
1110 3640
1125 3640
1131 23880
1135 43240
1137 4400
1147 5340
1150 3340
1165 3340
1171 3760
1175 16900
1177 3660
1187 6400
1190 2500
1205 2500
1211 4520
1215 4040
1217 25840
1225 43240
1227 3460
1230 14200
1245 14200
1251 4560
1255 4860
1257 5340
1265 16900
1267 21220
1270 2680
1285 2680
1291 22420
1295 3960
1297 6400
1305 4040
1307 4820
1310 4400
1325 4400
1331 4260
1335 9480
1337 3460
1345 4860
1347 4340
1350 3660
1365 3660
1371 2900
1375 3640
1377 21220
1385 3960
1387 2680
1390 25840
1405 25840
1411 2140
1413 43240
1415 3340
1417 4820
1425 9480
1427 23880
1430 5340
1445 5340
1451 6780
1453 16900
1455 2500
1457 4340
1465 3640
1467 3760
1470 6400
1471 43240
1485 6400
1491 3220
1493 4040
1495 14200
1497 2680
1505 3340
1507 4520
1510 3460
1511 16900
1525 3460
1531 3660
1533 4860
1535 2680
1537 23880
1545 2500
1547 4560
1550 21220
1551 4040
1565 21220
1571 85500
1573 3960
1575 4400
1577 3760
1585 14200
1587 22420
1590 4820
1591 4860
1605 4820
1611 28540
1613 9480
1615 3660
1617 4520
1625 2680
1627 4260
1630 4340
1631 3960
1645 4340
1651 6020
1653 3640
1655 25840
1657 4560
1665 4400
1667 2900
1670 2680
1671 9480
1685 2680
1691 8580
1693 3340
1695 5340
1697 22420
1705 3660
1707 2140
1710 23880
1711 3640
1725 23880
1731 5100
1733 45740
1735 6400
1737 4260
1745 25840
1747 6780
1750 3760
1751 3340
1765 3760
1771 16740
1773 31100
1775 3460
1777 2900
1785 5340
1787 3220
1790 4520
1791 2500
1805 4520
1811 5460
1813 6720
1815 21220
1817 2140
1825 6400
1827 3660
1830 4560
1831 14200
1845 4560
1851 5360
1853 9260
1855 4820
1857 6780
1865 3460
1867 85500
1870 22420
1871 2680
1882 43240
1885 22420
1891 3560
1893 7620
1895 4340
1897 3220
1905 21220
1907 28540
1910 4260
1911 4400
1922 16900
1925 4260
1931 19800
1933 35320
1935 2680
1937 3660
1945 4820
1947 6020
1950 2900
1951 3660
1962 4040
1965 2900
1971 4620
1973 8980
1975 23880
1977 85500
1985 4340
1987 8580
1990 2140
1991 25840
2002 4860
2005 2140
2011 6020
2013 9740
2015 3760
2017 28540
2025 2680
2027 5100
2030 6780
2031 5340
2040 43240
2042 3960
2045 6780
2051 4440
2053 5960
2055 4520
2057 6020
2065 23880
2067 16740
2070 3220
2071 6400
2080 16900
2082 9480
2085 3220
2091 24200
2093 35420
2095 4560
2097 8580
2105 3760
2107 5460
2110 3660
2111 3460
2120 4040
2122 3640
2125 3660
2131 4460
2133 7500
2135 22420
2137 5100
2145 4520
2147 5360
2150 85500
2151 21220
2160 4860
2162 3340
2165 85500
2171 7180
2173 8740
2175 4260
2177 16740
2185 4560
2187 3560
2190 28540
2191 4820
2200 3960
2202 2500
2205 28540
2211 6540
2213 6340
2215 2900
2217 5460
2221 43240
2225 22420
2227 19800
2230 6020
2231 4340
2240 9480
2242 14200
2245 6020
2251 23960
2253 49720
2255 2140
2257 5360
2261 16900
2265 4260
2267 4620
2270 8580
2271 2680
2280 3640
2282 2680
2285 8580
2291 6620
2293 9100
2295 6780
2297 3560
2301 4040
2305 2900
2307 6020
2310 5100
2311 23880
2320 3340
2322 4400
2325 5100
2331 6200
2333 10920
2335 3220
2337 19800
2341 4860
2345 2140
2347 4440
2350 16740
2351 3760
2360 2500
2362 3660
2365 16740
2371 3880
2373 8020
2375 3660
2377 4620
2381 3960
2385 6780
2387 24200
2390 5460
2391 4520
2400 14200
2402 25840
2405 5460
2411 29140
2413 43640
2415 85500
2417 6020
2421 9480
2425 3220
2427 4460
2430 5360
2431 4560
2440 2680
2442 5340
2445 5360
2451 6260
2453 9080
2455 28540
2457 4440
2461 3640
2465 3660
2467 7180
2470 3560
2471 22420
2480 4400
2482 6400
2485 3560
2491 8280
2493 7240
2495 6020
2497 24200
2501 3340
2505 85500
2507 6540
2510 19800
2511 4260
2520 3660
2522 3460
2525 19800
2531 5580
2533 4820
2535 8580
2537 4460
2541 2500
2545 28540
2547 23960
2550 4620
2551 2900
2560 25840
2562 21220
2565 4620
2571 24420
2573 30660
2575 5100
2577 7180
2580 43240
2581 14200
2585 6020
2587 6620
2590 6020
2591 2140
2600 5340
2602 4820
2605 6020
2611 5740
2613 6980
2615 16740
2617 6540
2620 16900
2621 2680
2625 8580
2627 6200
2630 4440
2631 6780
2640 6400
2642 4340
2645 4440
2651 7460
2653 8180
2655 5460
2657 23960
2660 4040
2661 4400
2665 5100
2667 3880
2670 24200
2671 3220
2680 3460
2682 2680
2685 24200
2691 5040
2693 90060
2695 5360
2697 6620
2700 4860
2701 3660
2705 16740
2707 29140
2710 4460
2711 3660
2720 21220
2722 23880
2725 4460
2731 9180
2733 50960
2735 3560
2737 6200
2740 3960
2741 25840
2745 5460
2747 6260
2750 7180
2751 85500
2760 4820
2762 3760
2765 7180
2771 5140
2773 10280
2775 19800
2777 3880
2780 9480
2781 5340
2785 5360
2787 8280
2790 6540
2791 28540
2800 4340
2802 4520
2805 6540
2811 6380
2813 11480
2815 4620
2817 29140
2820 3640
2821 6400
2825 3560
2827 5580
2830 23960
2831 6020
2837 43240
2840 2680
2842 4560
2845 23960
2851 114340
2853 7240
2855 6020
2857 6260
2860 3340
2861 3460
2865 19800
2867 24420
2870 6620
2871 8580
2877 16900
2880 23880
2882 22420
2885 6620
2891 26100
2893 23520
2895 4440
2897 8280
2900 2500
2901 21220
2905 4620
2907 5740
2908 43240
2910 6200
2911 5100
2917 4040
2920 3760
2922 4260
2925 6200
2931 6000
2933 8680
2935 24200
2937 5580
2940 14200
2941 4820
2945 6020
2947 7460
2948 16900
2950 3880
2951 16740
2957 4860
2960 4520
2962 2900
2965 3880
2971 9080
2973 9020
2975 4460
2977 24420
2980 2680
