0 0
613 43240
653 16900
693 4040
733 4860
773 3960
813 9480
853 3640
893 3340
933 2500
973 14200
1013 2680
1040 43240
1053 4400
1080 16900
1093 3660
1120 4040
1133 25840
1160 4860
1173 5340
1200 3960
1213 6400
1240 9480
1253 3460
1280 3640
1293 21220
1320 3340
1333 4820
1360 2500
1373 4340
1400 14200
1413 2680
1440 2680
1453 67120
1480 4400
1493 20660
1520 3660
1533 8560
1560 25840
1573 9420
1600 5340
1613 26380
1640 6400
1653 13740
1680 3460
1693 6540
1720 21220
1733 5480
1760 4820
1773 9280
1800 4340
1813 17420
1823 43240
1840 2680
1853 6340
1863 16900
1880 23880
1893 89900
1903 4040
1920 3760
1933 32200
1943 4860
1960 4520
1973 31860
1983 3960
1993 43240
2000 4560
2013 13920
2014 43240
2023 52720
2030 43240
2033 16900
2040 22420
2053 11500
2054 16900
2063 20540
2070 16900
2073 4040
2080 4260
2093 20200
2094 4040
2103 7380
2110 4040
2113 4860
2120 2900
2133 26680
2134 4860
2143 7360
2150 4860
2153 3960
2160 2140
2173 10180
2174 3960
2183 18160
2188 43240
2190 3960
2193 9480
2200 6780
2213 7900
2214 9480
2223 12160
2228 16900
2230 9480
2233 3640
2240 3220
2253 22480
2254 3640
2263 8040
2268 4040
2270 3640
2273 3340
2280 3660
2293 28500
2294 3340
2303 7000
2308 4860
2310 3340
2313 2500
2320 85500
2333 9780
2334 2500
2343 28340
2348 3960
2350 2500
2353 14200
2360 28540
2373 8960
2374 14200
2383 19540
2388 9480
2390 14200
2393 2680
2400 6020
2413 28760
2414 2680
2423 9080
2428 3640
2430 2680
2433 4400
2440 8580
2453 26880
2454 4400
2463 7860
2468 3340
2470 4400
2473 3660
2480 5100
2493 11440
2494 3660
2503 24880
2508 2500
2510 3660
2513 25840
2520 16740
2533 9440
2534 69080
2543 30660
2548 14200
2550 25840
2553 5340
2560 5460
2573 26100
2574 22240
2583 9680
2588 2680
2590 5340
2593 6400
2600 5360
2613 13400
2614 10440
2623 9080
2628 4400
2630 6400
2633 3460
2640 3560
2653 9420
2654 8320
2663 27340
2668 3660
2670 3460
2673 21220
2680 19800
2693 7540
2694 25180
2703 24980
2708 25840
2710 21220
2713 4820
2720 4620
2733 114640
2734 14300
2743 9340
2748 5340
2750 4820
2753 4340
2760 6020
2773 34800
2774 7980
2783 8900
2788 6400
2790 4340
2793 2680
2800 4440
2813 14300
2814 6020
2823 25100
2828 3460
2830 2680
2833 23880
2840 24200
2853 14160
2854 26380
2863 28140
2868 21220
2870 23880
2873 3760
2880 4460
2893 29520
2894 17960
2903 6660
2908 4820
2910 3760
2913 47760
2920 7180
2933 22480
2934 7200
2943 6660
2948 4340
2950 4520
2953 21460
2960 6540
2973 12920
2974 8960
