0 0
250 43240
290 16900
330 4040
370 4860
380 43240
410 3960
420 16900
450 9480
460 4040
490 3640
498 43240
500 4860
530 3340
538 16900
540 3960
570 2500
578 4040
580 9480
610 14200
618 4860
620 3640
650 2680
658 3960
660 3340
690 4400
698 9480
700 2500
730 3660
738 3640
740 14200
756 43240
770 25840
778 3340
780 2680
796 16900
810 5340
818 2500
820 4400
836 4040
850 6400
858 14200
860 3660
876 4860
890 3460
898 2680
900 25840
916 3960
930 21220
938 4400
940 5340
956 9480
969 43240
970 4820
978 3660
980 6400
985 43240
996 3640
1009 16900
1010 4340
1018 25840
1020 3460
1025 16900
1036 3340
1049 4040
1050 2680
1058 5340
1060 21220
1065 4040
1076 2500
1089 4860
1090 23880
1098 6400
1100 4820
1105 4860
1116 14200
1129 3960
1130 3760
1138 3460
1140 4340
1145 3960
1156 2680
1169 9480
1170 4520
1178 21220
1180 2680
1185 9480
1196 4400
1206 43240
1209 3640
1210 4560
1218 4820
1220 23880
1225 3640
1236 3660
1241 43240
1246 16900
1249 3340
1250 22420
1258 4340
1260 3760
1265 3340
1276 25840
1281 16900
1286 4040
1289 2500
1290 47500
1298 2680
1300 4520
1305 2500
1316 5340
1321 4040
1326 4860
1329 14200
1330 19800
1338 23880
1340 4560
1345 14200
1356 6400
1361 4860
1366 3960
1369 2680
1370 6180
1378 3760
1380 22420
1385 2680
1396 3460
1401 3960
1406 9480
1409 4400
1410 11640
1418 4520
1420 4260
1425 4400
1436 21220
1441 9480
1446 3640
1449 3660
1450 7180
1458 4560
1460 2900
1465 3660
1476 4820
1481 3640
1486 3340
1489 25840
1490 13140
1498 22420
1500 2140
1505 25840
1516 4340
1521 3340
1526 2500
1529 5340
1530 89140
1538 4260
1540 6780
1545 5340
1556 2680
1561 2500
1566 14200
1569 6400
1570 31880
1578 2900
1580 3220
1585 6400
1596 23880
1601 14200
1606 2680
1609 3460
1610 8520
1618 2140
1620 3660
1625 46700
1636 3760
1641 2680
1646 4400
1649 21220
1650 22780
1658 6780
1660 85500
1665 38120
1676 4520
1681 4400
1686 3660
1689 4820
1690 7780
1698 3220
1700 28540
1705 8860
1716 4560
1721 3660
1726 25840
1729 4340
1730 21140
1738 3660
1740 6020
1745 9200
1756 22420
1761 25840
1766 5340
1769 2680
1770 9120
1778 85500
1780 8580
1785 6640
1796 4260
1801 5340
1806 6400
1809 23880
1810 31200
1818 28540
1820 5100
1825 33360
1836 2900
1841 6400
1846 3460
1849 3760
1850 8900
1858 6020
1860 16740
1865 7400
1876 2140
1881 3460
1886 21220
1889 4520
1890 26200
1898 8580
1900 5460
1905 7860
1916 6780
1921 21220
1926 4820
1929 4560
1930 8080
1938 5100
1940 5360
1945 7060
1956 3220
1961 4820
1966 4340
1969 22420
1970 27240
1978 16740
1980 3560
1985 36620
1996 3660
2001 4340
2006 2680
2009 4260
2010 9260
2018 5460
2020 19800
2025 6940
2036 85500
2041 2680
2046 23880
2049 2900
2050 28540
2058 5360
2060 4620
2065 7300
2076 28540
2081 23880
2086 3760
2089 2140
2090 7140
2098 3560
2100 6020
2105 5800
2116 6020
2121 3760
2126 4520
2129 6780
2130 31060
2138 19800
2140 4440
2145 32620
2156 8580
2161 4520
2166 4560
2169 3220
2170 10300
2178 4620
2180 24200
2185 8560
2196 5100
2201 4560
2206 22420
2209 3660
2210 28480
2218 6020
2220 4460
2225 10060
2236 16740
2241 22420
2246 4260
2249 85500
2250 11180
2258 4440
2260 7180
2265 88960
2276 5460
2281 4260
2286 2900
2289 28540
2290 28620
2298 24200
2300 6540
2305 49760
2316 5360
2321 2900
2326 2140
2329 6020
2330 8140
2338 4460
2340 23960
2345 10840
2356 3560
2361 2140
2366 6780
2369 8580
2370 32040
2378 7180
2380 6620
2385 12920
2396 19800
2401 6780
2406 3220
2409 5100
2410 8400
2418 6540
2420 6200
2425 7780
2436 4620
2441 3220
2446 3660
2449 16740
2450 15060
2458 23960
2460 3880
2465 40620
2476 6020
2481 3660
2486 85500
2489 5460
2490 8800
2498 6620
2500 29140
2505 9220
2516 4440
2521 85500
2526 28540
2529 5360
2530 28080
2538 6200
2540 6260
2545 9880
2556 24200
2561 28540
2566 6020
2569 3560
2570 91240
2578 3880
2580 8280
2585 8120
2596 4460
2601 6020
2606 8580
2609 19800
2610 36000
2618 29140
2620 5580
2625 42220
2636 7180
2641 8580
2646 5100
2649 4620
2650 11060
2658 6260
2660 24420
2665 8880
2676 6540
2681 5100
2686 16740
2689 6020
2690 17760
2698 8280
2700 5740
2705 8920
2716 23960
2721 16740
2726 5460
2729 4440
2730 10240
2738 5580
2740 7460
2745 6580
2756 6620
2761 5460
2766 5360
2769 24200
2770 23120
2778 24420
2780 5040
2785 30980
2796 6200
2801 5360
2806 3560
2809 4460
2810 119800
2818 5740
2820 9180
2825 7680
2836 3880
2841 3560
2846 19800
2849 7180
2850 31460
2858 7460
2860 5140
2865 10840
2876 29140
2881 19800
2886 4620
2889 6540
2890 9560
2898 5040
2900 6380
2905 92040
2916 6260
2921 4620
2926 6020
2929 23960
2930 28880
2938 9180
2940 114340
2945 52500
2956 8280
2961 6020
2966 4440
2969 6620
2970 10480
2978 5140
2980 26100
2985 5418
