0 0
292 43240
332 16900
372 4040
412 4860
452 3960
492 9480
532 3640
572 3340
612 2500
652 14200
692 2680
732 4400
772 3660
812 25840
852 5340
892 6400
927 43240
932 3460
967 16900
972 21220
1007 4040
1012 4820
1047 4860
1052 4340
1060 43240
1087 3960
1092 2680
1100 16900
1127 52720
1132 23880
1140 4040
1167 20540
1172 3760
1180 4860
1207 7380
1212 4520
1220 3960
1247 7360
1252 4560
1260 9480
1287 18160
1292 22420
1300 3640
1327 12160
1332 4260
1340 3340
1367 8040
1372 2900
1380 2500
1407 7000
1412 2140
1420 14200
1447 28340
1452 6780
1460 2680
1481 43240
1487 19540
1492 3220
1500 4400
1521 16900
1527 9080
1532 3660
1540 3660
1561 4040
1567 7860
1572 85500
1580 25840
1601 4860
1607 24880
1612 28540
1620 5340
1641 3960
1647 30660
1652 6020
1660 6400
1681 9480
1687 9680
1692 8580
1700 3460
1705 43240
1721 3640
1727 9080
1732 5100
1740 21220
1745 16900
1761 3340
1767 27340
1772 16740
1780 4820
1785 4040
1801 2500
1807 24980
1812 5460
1820 4340
1825 4860
1841 14200
1847 9340
1852 5360
1860 2680
1865 3960
1881 2680
1887 8900
1892 3560
1900 23880
1905 9480
1921 4400
1927 25100
1932 19800
1940 3760
1945 3640
1961 3660
1967 28140
1972 4620
1980 4520
1985 3340
2001 25840
2007 6660
2012 6020
2020 4560
2025 2500
2026 43240
2041 5340
2047 6660
2052 4440
2060 22420
2065 14200
2066 16900
2081 6400
2087 11340
2092 24200
2100 4260
2105 2680
2106 4040
2121 3460
2127 25640
2132 4460
2140 2900
2145 4400
2146 4860
2161 21220
2167 7920
2172 7180
2180 2140
2185 3660
2186 3960
2201 4820
2207 88400
2209 43240
2212 6540
2220 6780
2225 25840
2226 9480
2241 4340
2247 30680
2249 16900
2252 23960
2260 3220
2265 5340
2266 3640
2281 2680
2287 12800
2289 4040
2292 6620
2300 3660
2305 6400
2306 3340
2321 23880
2327 11800
2329 4860
2332 6200
2340 85500
2345 3460
2346 2500
2361 3760
2367 8760
2369 3960
2372 3880
2380 28540
2385 21220
2386 14200
2401 4520
2407 102240
2409 9480
2412 29140
2420 6020
2425 4820
2426 2680
2441 4560
2447 34000
2449 3640
2452 6260
2460 8580
2465 4340
2466 47640
2481 22420
2487 11380
2489 3340
2492 8280
2500 5100
2505 2680
2506 20560
2521 4260
2527 12140
2529 2500
2532 5580
2540 16740
2545 23880
2546 29880
2556 43240
2560 43240
2561 2900
2567 24900
2569 14200
2572 24420
2580 5460
2585 3760
2586 10200
2596 16900
2600 16900
2601 2140
2606 43240
2607 21360
2609 2680
2612 5740
2620 5360
2625 4520
2626 10360
2636 4040
2640 4040
2641 6780
2646 16900
2647 11480
2649 4400
2652 7460
2660 3560
2665 4560
2666 12940
2676 4860
2680 4860
2681 3220
2686 4040
2687 9800
2689 3660
2692 5040
2700 19800
2705 22420
2706 24860
2716 3960
2720 3960
2721 3660
2726 4860
2727 27760
2729 25840
2732 9180
2740 4620
2745 4260
2746 8160
2756 9480
2760 9480
2761 85500
2766 3960
2767 24260
2769 5340
2772 5140
2780 6020
2785 2900
2786 6840
2796 3640
2800 3640
2801 28540
2806 9480
2807 11800
2809 6400
2811 43240
2812 6380
2820 4440
2825 2140
2826 16880
2836 3340
2840 3340
2841 6020
2846 3640
2847 12560
2849 3460
2851 16900
2852 114340
2860 24200
2865 6780
2866 26560
2876 2500
2880 2500
2881 8580
2886 3340
2887 28400
2889 21220
2891 4040
2892 26100
2900 4460
2905 3220
2906 8160
2916 14200
2920 14200
2921 5100
2926 2500
2927 30820
2929 4820
2931 4860
2932 6000
2940 7180
2945 3660
2946 8180
2956 2680
2960 2680
2961 16740
2966 14200
2967 10660
2969 4340
2971 3960
2972 9080
2980 6540
2985 50005
