0 0
852 43240
892 16900
932 4040
972 4860
1012 3960
1052 9480
1092 3640
1132 3340
1172 2500
1198 43240
1212 14200
1238 16900
1252 2680
1278 4040
1292 4400
1318 4860
1332 3660
1358 3960
1372 25840
1398 9480
1412 5340
1438 3640
1452 6400
1478 3340
1492 3460
1518 2500
1532 21220
1558 14200
1572 4820
1598 2680
1612 4340
1638 4400
1652 2680
1678 3660
1692 23880
1718 25840
1732 3760
1743 43240
1758 5340
1772 4520
1783 16900
1798 6400
1812 4560
1823 4040
1838 3460
1852 22420
1863 4860
1878 21220
1892 4260
1903 3960
1912 43240
1918 4820
1932 2900
1943 9480
1952 60140
1958 4340
1972 2140
1980 43240
1983 3640
1992 20940
1998 2680
2012 6780
2020 16900
2023 3340
2032 8900
2038 23880
2052 3220
2060 4040
2063 2500
2072 8820
2078 3760
2092 3660
2100 4860
2103 14200
2112 13440
2118 4520
2132 85500
2140 3960
2143 2680
2152 13120
2158 4560
2172 28540
2180 9480
2183 4400
2192 6980
2198 22420
2212 6020
2220 3640
2223 3660
2232 5840
2238 4260
2252 8580
2260 3340
2263 25840
2272 16700
2278 2900
2292 5100
2300 2500
2303 5340
2312 16880
2318 2140
2332 16740
2334 43240
2340 14200
2343 6400
2352 7080
2358 6780
2372 5460
2374 16900
2380 2680
2383 3460
2392 8060
2398 3220
2412 5360
2414 4040
2420 4400
2423 21220
2432 29500
2438 3660
2452 3560
2454 4860
2460 3660
2463 4820
2472 31180
2478 85500
2492 19800
2494 3960
2500 25840
2503 4340
2512 11740
2518 28540
2532 4620
2534 9480
2540 5340
2543 2680
2552 9860
2558 6020
2572 6020
2574 3640
2580 6400
2583 23880
2592 24680
2598 8580
2612 4440
2614 3340
2620 3460
2623 3760
2632 26040
2638 5100
2652 24200
2654 2500
2660 21220
2663 4520
2672 9160
2678 16740
2692 4460
2694 14200
2700 4820
2703 4560
2712 7020
2718 5460
2732 7180
2734 2680
2740 4340
2743 22420
2752 26560
2758 5360
2772 6540
2774 4400
2780 2680
2781 43240
2783 4260
2792 27640
2798 3560
2812 23960
2814 3660
2820 23880
2821 16900
2823 2900
2832 8280
2838 19800
2852 6620
2854 25840
2860 3760
2861 4040
2863 2140
2872 9080
2878 4620
2892 6200
2894 5340
2900 4520
2901 4860
2903 6780
2912 26980
2918 6020
2932 3880
2934 6400
2940 4560
2941 3960
2943 3220
2952 26680
2958 4440
2972 29140
2974 3460
2980 22420
2981 9480
