0 0
209 43240
249 16900
289 4040
329 4860
344 43240
369 3960
384 16900
386 43240
409 9480
424 4040
426 16900
449 3640
464 4860
466 4040
489 3340
504 3960
506 4860
529 2500
535 43240
544 9480
546 3960
565 43240
569 14200
575 16900
584 3640
586 9480
605 16900
609 2680
615 4040
624 3340
626 3640
645 4040
649 4400
655 4860
664 2500
666 3340
685 4860
689 3660
695 3960
704 14200
706 2500
725 3960
729 25840
735 9480
744 2680
746 14200
765 9480
769 5340
775 3640
784 4400
786 2680
805 3640
809 6400
815 3340
824 3660
826 4400
845 3340
849 3460
855 2500
864 25840
866 3660
885 2500
889 21220
895 14200
904 5340
906 25840
925 14200
929 4820
935 2680
944 6400
946 5340
965 2680
969 4340
975 4400
984 3460
986 6400
1005 4400
1009 2680
1015 3660
1024 21220
1026 3460
1045 3660
1049 23880
1055 25840
1064 4820
1066 21220
1085 25840
1089 3760
1092 43240
1095 5340
1104 4340
1106 4820
1125 5340
1129 4520
1132 16900
1135 6400
1144 2680
1146 4340
1165 6400
1169 4560
1172 4040
1175 3460
1184 23880
1186 2680
1205 3460
1209 22420
1212 4860
1215 21220
1224 3760
1226 23880
1245 21220
1249 4260
1252 3960
1255 4820
1264 4520
1266 3760
1285 4820
1289 2900
1292 9480
1295 4340
1304 4560
1306 4520
1325 4340
1329 2140
1332 3640
1335 2680
1344 22420
1346 4560
1365 2680
1369 6780
1372 3340
1375 23880
1384 4260
1386 22420
1405 23880
1409 3220
1412 2500
1415 3760
1424 2900
1426 4260
1445 3760
1449 3660
1452 14200
1455 4520
1464 2140
1466 2900
1485 4520
1489 85500
1492 2680
1495 4560
1504 6780
1506 2140
1525 4560
1529 28540
1530 43240
1532 4400
1535 22420
1544 3220
1546 6780
1565 22420
1569 6020
1570 16900
1572 3660
1575 4260
1584 3660
1586 3220
1605 4260
1609 8580
1610 4040
1612 25840
1615 2900
1624 85500
1626 3660
1645 2900
1649 5100
1650 4860
1652 5340
1655 2140
1661 43240
1664 28540
1666 85500
1685 2140
1689 16740
1690 3960
1692 6400
1695 6780
1701 16900
1704 6020
1706 28540
1725 6780
1729 5460
1730 9480
1732 3460
1735 3220
1741 4040
1744 8580
1746 6020
1765 3220
1769 5360
1770 3640
1772 21220
1775 3660
1781 4860
1784 5100
1786 8580
1796 43240
1805 3660
1809 3560
1810 3340
1812 4820
1815 85500
1821 3960
1824 16740
1826 5100
1836 16900
1845 85500
1849 19800
1850 2500
1852 4340
1855 28540
1861 9480
1864 5460
1866 16740
1876 4040
1885 28540
1889 4620
1890 14200
1892 2680
1895 6020
1901 3640
1904 5360
1906 5460
1916 4860
1925 6020
1929 6020
1930 2680
1932 23880
1935 8580
1941 3340
1944 3560
1946 5360
1956 3960
1965 8580
1969 4440
1970 4400
1972 3760
1975 5100
1981 2500
1984 19800
1986 3560
1996 9480
2005 5100
2009 24200
2010 3660
2012 4520
2015 16740
2021 14200
2024 4620
2026 19800
2036 3640
2045 16740
2049 4460
2050 25840
2052 4560
2055 5460
2061 2680
2064 6020
2066 4620
2076 3340
2085 5460
2089 7180
2090 48580
2092 22420
2095 5360
2101 4400
2104 4440
2106 6020
2116 2500
2125 5360
2129 6540
2130 23300
2132 4260
2135 3560
2141 3660
2144 24200
2146 4440
2156 14200
2165 3560
2169 23960
2170 7500
2172 2900
2175 19800
2181 25840
2184 4460
2186 24200
2196 2680
2205 19800
2209 6620
2210 26080
2212 2140
2215 4620
2221 5340
2224 7180
2226 4460
2236 4400
2245 4620
2249 6200
2250 8780
2252 6780
2255 6020
2261 6400
2264 6540
2266 7180
2276 3660
2285 6020
2289 3880
2290 13820
2292 3220
2295 4440
2301 3460
2304 23960
2306 6540
2316 25840
2325 4440
2329 29140
2330 6320
2332 3660
2335 24200
2341 21220
2344 6620
2346 23960
2356 5340
2365 24200
2369 6260
2370 27220
2372 85500
2375 4460
2381 4820
2384 6200
2386 6620
2396 6400
2405 4460
2409 8280
2410 6260
2412 28540
2415 7180
2421 4340
2424 3880
2426 6200
2436 3460
2442 43240
2445 7180
2449 5580
2450 18720
2452 6020
2455 6540
2461 2680
2464 29140
2466 3880
2476 21220
2482 16900
2485 6540
2489 24420
2490 7240
2492 8580
2495 23960
2501 23880
2504 6260
2506 29140
2516 4820
2522 4040
2525 23960
2529 5740
2530 26820
2532 5100
2535 6620
2541 3760
2544 8280
2546 6260
2556 4340
2562 4860
2565 6620
2569 7460
2570 7920
2572 16740
2575 6200
2581 4520
2584 5580
2586 8280
2596 2680
2602 3960
2605 6200
2609 5040
2610 28740
2612 5460
2615 3880
2621 4560
2624 24420
2626 5580
2636 23880
2642 9480
2645 3880
2649 9180
2650 7480
2652 5360
2655 29140
2661 22420
2664 5740
2666 24420
2676 3760
2682 3640
2685 29140
2689 5140
2690 13180
2692 3560
2695 6260
2701 4260
2704 7460
2706 5740
2716 4520
2722 3340
2725 6260
2729 6380
2730 6680
2732 19800
2735 8280
2741 2900
2744 5040
2746 7460
2749 43240
2756 4560
2762 2500
2765 8280
2769 114340
2770 24880
2772 4620
2775 5580
2781 2140
2784 9180
2786 5040
2789 16900
2796 22420
2802 14200
2805 5580
2809 26100
2810 90320
2812 6020
2815 24420
2821 6780
2824 5140
2826 9180
2829 4040
2836 4260
2842 2680
2845 24420
2849 6000
2850 32880
2852 4440
2855 5740
2861 3220
2864 6380
2866 5140
2869 4860
2876 2900
2882 4400
2885 5740
2889 9080
2890 8700
2892 24200
2895 7460
2901 3660
2904 114340
2906 6380
2909 3960
2916 2140
2922 3660
2925 7460
2929 5860
2930 32460
2932 4460
2935 5040
2941 85500
2944 26100
2946 114340
2949 9480
2956 6780
2962 25840
2965 5040
2969 23580
2970 8860
2972 7180
