0 0
152 43240
192 16900
232 4040
272 4860
312 3960
352 9480
392 3640
432 3340
472 2500
512 14200
552 2680
592 4400
632 3660
672 25840
712 5340
752 6400
792 3460
832 21220
872 4820
912 4340
952 2680
992 23880
1032 3760
1072 4520
1078 43240
1112 4560
1118 16900
1152 22420
1158 4040
1192 4260
1198 4860
1232 2900
1238 3960
1246 43240
1272 2140
1278 9480
1286 16900
1312 6780
1318 3640
1326 4040
1352 3220
1358 3340
1366 4860
1392 3660
1398 2500
1406 3960
1432 85500
1438 14200
1446 9480
1472 28540
1478 2680
1486 3640
1512 6020
1518 4400
1526 3340
1552 8580
1558 3660
1566 2500
1592 5100
1597 43240
1598 25840
1606 14200
1632 16740
1637 16900
1638 5340
1646 2680
1672 5460
1677 4040
1678 6400
1686 4400
1712 5360
1717 4860
1718 3460
1726 3660
1752 3560
1757 3960
1758 21220
1766 25840
1792 19800
1797 9480
1798 4820
1806 5340
1832 4620
1837 3640
1838 4340
1846 6400
1872 6020
1877 3340
1878 2680
1886 3460
1912 4440
1917 2500
1918 23880
1926 21220
1952 24200
1957 14200
1958 3760
1966 4820
1992 4460
1997 2680
1998 4520
2006 4340
2014 43240
2032 7180
2037 4400
2038 4560
2046 2680
2054 16900
2072 6540
2077 3660
2078 22420
2086 23880
2094 4040
2112 23960
2117 25840
2118 4260
2126 3760
2133 43240
2134 4860
2152 6620
2157 5340
2158 2900
2166 4520
2173 16900
2174 3960
2192 6200
2197 6400
2198 45380
2206 4560
2213 4040
2214 9480
2232 3880
2237 3460
2238 23680
2246 22420
2253 4860
2254 3640
2272 29140
2277 21220
2278 7260
2286 4260
2293 3960
2294 3340
2312 6260
2317 4820
2318 8520
2326 2900
2333 9480
2334 2500
2352 8280
2357 4340
2358 89460
2366 2140
2373 3640
2374 14200
2392 5580
2397 2680
2398 38020
2406 6780
2413 3340
2414 2680
2422 43240
2432 24420
2437 23880
2438 9660
2446 3220
2453 2500
2454 4400
2462 16900
2472 5740
2477 3760
2478 11920
2486 3660
2493 14200
2494 3660
2502 4040
2512 7460
2517 4520
2518 50840
2526 85500
2529 43240
2533 2680
2534 25840
2542 4860
2552 5040
2557 4560
2558 47840
2566 28540
2569 16900
2573 4400
2574 5340
2582 3960
2592 9180
2597 22420
2598 12180
2606 6020
2609 4040
2613 3660
2614 6400
2622 9480
2632 5140
2637 4260
2638 14620
2646 8580
2649 4860
2653 25840
2654 3460
2655 43240
2662 3640
2670 43240
2672 6380
2677 2900
2678 11180
2686 5100
2689 3960
2693 5340
2694 21220
2695 16900
2702 3340
2710 16900
2712 114340
2717 2140
2718 55120
2726 16740
2729 9480
2733 6400
2734 4820
2735 4040
2742 2500
2750 4040
2752 26100
2757 6780
2758 13600
2766 5460
2767 43240
2769 3640
2773 3460
2774 4340
2775 4860
2782 14200
2790 4860
2792 6000
2797 3220
2798 15760
2806 5360
2807 16900
2809 3340
2813 21220
2814 2680
2815 3960
2822 2680
2830 3960
2832 9080
2837 3660
2838 10400
2846 3560
2847 4040
2849 2500
2853 4820
2854 23880
2855 9480
2862 4400
2870 9480
2872 5860
2877 85500
2878 59620
2886 19800
2887 4860
2889 14200
2893 4340
2894 3760
2895 3640
2902 3660
2910 3640
2912 23580
2917 28540
2918 11960
2926 4620
2927 3960
2929 2680
2933 2680
2934 4520
2935 3340
2942 25840
2950 3340
2952 6480
2957 6020
2958 15920
2966 6020
2967 9480
2969 4400
2973 23880
2974 4560
2975 2500
2982 5340
2990 2500
2992 9400
2997 4719
