0 0
359 43240
399 16900
429 43240
439 4040
469 16900
479 4860
481 43240
509 4040
519 3960
521 16900
549 4860
559 9480
561 4040
589 3960
599 3640
601 4860
629 9480
639 3340
641 3960
669 3640
679 2500
681 9480
709 3340
719 14200
721 3640
749 2500
759 2680
761 3340
789 14200
799 4400
801 2500
829 2680
839 3660
841 14200
869 4400
879 25840
881 2680
909 3660
919 5340
921 4400
949 25840
959 6400
961 3660
989 5340
996 43240
999 3460
1001 25840
1029 6400
1036 16900
1039 21220
1041 5340
1069 3460
1076 4040
1079 4820
1081 6400
1107 43240
1109 21220
1116 4860
1119 4340
1121 3460
1147 16900
1149 4820
1156 3960
1159 2680
1161 21220
1187 4040
1189 4340
1196 9480
1199 23880
1201 4820
1207 43240
1227 4860
1229 2680
1236 3640
1239 3760
1241 4340
1247 16900
1267 3960
1269 23880
1276 3340
1279 4520
1281 2680
1287 4040
1307 9480
1309 3760
1316 2500
1319 4560
1321 23880
1327 4860
1347 3640
1349 4520
1356 14200
1359 22420
1361 3760
1367 3960
1387 3340
1389 4560
1396 2680
1399 4260
1401 4520
1407 9480
1427 2500
1429 22420
1436 4400
1439 2900
1441 4560
1447 3640
1467 14200
1469 4260
1476 3660
1479 2140
1481 22420
1487 3340
1507 2680
1509 2900
1516 25840
1519 6780
1521 4260
1527 2500
1547 4400
1549 2140
1556 5340
1559 3220
1561 2900
1567 14200
1570 43240
1587 3660
1589 6780
1596 6400
1599 3660
1601 2140
1607 2680
1610 16900
1627 25840
1629 3220
1636 3460
1639 85500
1641 6780
1647 4400
1650 4040
1667 5340
1669 3660
1676 21220
1679 28540
1681 3220
1687 3660
1690 4860
1707 6400
1709 85500
1716 4820
1719 6020
1721 3660
1727 25840
1730 3960
1747 3460
1749 28540
1756 4340
1759 8580
1761 85500
1767 5340
1770 9480
1787 21220
1789 6020
1796 2680
1799 5100
1801 28540
1807 6400
1810 3640
1813 43240
1827 4820
1829 8580
1836 23880
1839 16740
1841 6020
1847 3460
1850 3340
1853 16900
1867 4340
1869 5100
1876 3760
1879 5460
1881 8580
1887 21220
1890 2500
1893 4040
1907 2680
1909 16740
1916 4520
1919 5360
1921 5100
1927 4820
1930 14200
1933 4860
1947 23880
1949 5460
1956 4560
1959 3560
1961 16740
1967 4340
1970 2680
1973 3960
1987 3760
1989 5360
1996 22420
1999 19800
2001 5460
2007 2680
2010 4400
2013 9480
2027 4520
2029 3560
2036 4260
2039 4620
2041 5360
2047 23880
2050 3660
2053 3640
2067 4560
2069 19800
2076 2900
2079 6020
2081 3560
2087 3760
2090 25840
2093 3340
2107 22420
2109 4620
2116 2140
2119 4440
2121 19800
2127 4520
2130 5340
2133 2500
2147 4260
2149 6020
2156 6780
2159 24200
2161 4620
2167 4560
2170 6400
2173 14200
2187 2900
2189 4440
2196 3220
2199 4460
2201 6020
2207 22420
2210 3460
2213 2680
2223 43240
2227 2140
2229 24200
2236 3660
2239 7180
2241 4440
2247 4260
2250 21220
2253 4400
2263 16900
2267 6780
2269 4460
2276 85500
2279 6540
2281 24200
2287 2900
2290 4820
2293 3660
2303 4040
2307 3220
2309 7180
2316 28540
2318 43240
2319 23960
2321 4460
2327 2140
2330 4340
2333 25840
2343 4860
2347 3660
2349 6540
2356 6020
2358 16900
2359 6620
2361 7180
2367 6780
2370 2680
2373 5340
2383 3960
2387 85500
2389 23960
2396 8580
2398 4040
2399 6200
2401 6540
2407 3220
2410 23880
2413 6400
2423 9480
2427 28540
2429 6620
2436 5100
2438 4860
2439 3880
2441 23960
2447 3660
2450 3760
2453 3460
2463 3640
2467 6020
2469 6200
2476 16740
2478 3960
2479 29140
2481 6620
2487 85500
2490 4520
2493 21220
2503 3340
2507 8580
2509 3880
2516 5460
2518 9480
2519 6260
2521 6200
2527 28540
2530 4560
2533 4820
2543 2500
2547 5100
2549 29140
2556 5360
2558 3640
2559 8280
2561 3880
2567 6020
2570 22420
2573 4340
2583 14200
2587 16740
2589 6260
2596 3560
2598 3340
2599 5580
2601 29140
2607 8580
2610 4260
2613 2680
2623 2680
2627 5460
2629 8280
2636 19800
2638 2500
2639 24420
2641 6260
2647 5100
2650 2900
2653 23880
2663 4400
2667 5360
2669 5580
2676 4620
2678 14200
2679 5740
2681 8280
2687 16740
2690 2140
2693 3760
2694 43240
2703 3660
2707 3560
2709 24420
2716 6020
2718 2680
2719 7460
2721 5580
2727 5460
2730 6780
2733 4520
2734 16900
2743 25840
2747 19800
2749 5740
2756 4440
2758 4400
2759 5040
2761 24420
2767 5360
2770 3220
2773 4560
2774 4040
2783 5340
2787 4620
2789 7460
2796 24200
2798 3660
2799 9180
2801 5740
2807 3560
2810 3660
2813 22420
2814 4860
2823 6400
2827 6020
2829 5040
2836 4460
2838 25840
2839 5140
2841 7460
2847 19800
2850 85500
2853 4260
2854 3960
2863 3460
2867 4440
2869 9180
2876 7180
2878 5340
2879 6380
2881 5040
2887 4620
2890 28540
2893 2900
2894 9480
2903 21220
2907 24200
2909 5140
2910 43240
2916 6540
2918 6400
2919 114340
2921 9180
2927 6020
2930 6020
2933 2140
2934 3640
2943 4820
2947 4460
2949 6380
2950 16900
2956 23960
2958 3460
2959 26100
2961 5140
2967 4440
2970 8580
2973 6780
2974 3340
2983 4340
2987 7180
2989 114340
2990 4040
