0 0
149 43240
189 16900
214 43240
229 4040
254 16900
269 4860
294 4040
309 3960
334 4860
349 9480
374 3960
389 3640
414 9480
429 3340
431 43240
454 3640
469 2500
471 16900
494 3340
509 14200
511 4040
527 43240
534 2500
549 2680
551 4860
567 16900
574 14200
589 4400
591 3960
607 4040
614 2680
629 3660
631 9480
647 4860
654 4400
669 25840
671 3640
687 3960
694 3660
709 5340
711 3340
727 9480
734 25840
749 6400
751 2500
767 3640
774 5340
789 3460
791 14200
807 46580
809 43240
814 6400
829 21220
831 2680
847 19400
849 16900
854 3460
869 4820
871 4400
887 18240
889 4040
894 21220
909 4340
911 3660
927 7540
929 4860
934 4820
949 2680
951 25840
967 8360
969 3960
974 4340
989 23880
991 5340
1007 13140
1009 9480
1014 2680
1029 3760
1031 6400
1047 29480
1049 3640
1054 23880
1069 4520
1071 3460
1087 8680
1089 3340
1094 3760
1109 4560
1111 21220
1127 8900
1129 2500
1134 4520
1149 22420
1151 4820
1167 17660
1169 14200
1174 4560
1189 4260
1191 4340
1207 23900
1209 2680
1214 22420
1229 2900
1231 2680
1247 9220
1249 4400
1254 4260
1269 2140
1271 23880
1287 8000
1289 3660
1294 2900
1309 6780
1311 3760
1327 28520
1329 25840
1334 2140
1349 3220
1351 4520
1367 29220
1369 5340
1374 6780
1389 3660
1391 4560
1407 10160
1409 6400
1414 3220
1429 85500
1431 22420
1447 7980
1449 3460
1454 3660
1469 28540
1471 4260
1487 25780
1489 21220
1494 85500
1509 6020
1511 2900
1527 27240
1529 4820
1534 28540
1549 8580
1551 2140
1567 8600
1569 4340
1574 6020
1589 5100
1591 6780
1607 5580
1609 2680
1614 8580
1629 16740
1631 3220
1647 26020
1649 23880
1654 5100
1664 43240
1669 5460
1671 3660
1687 10540
1689 47000
1694 16740
1704 16900
1709 5360
1711 85500
1722 43240
1727 7740
1729 21420
1734 5460
1744 4040
1749 3560
1751 28540
1762 16900
1767 8220
1769 8600
1774 5360
1784 4860
1789 19800
1791 6020
1802 4040
1807 107920
1809 27280
1814 3560
1824 3960
1829 4620
1831 8580
1842 4860
1847 32800
1849 8220
1854 19800
1864 9480
1869 6020
1871 5100
1882 3960
1887 8920
1889 12380
1894 4620
1904 3640
1909 4440
1911 16740
1921 43240
1922 9480
1927 10720
1929 5780
1934 6020
1944 3340
1949 24200
1951 5460
1961 16900
1962 3640
1967 11880
1969 10120
1974 4440
1984 2500
1989 4460
1991 5360
2001 4040
2002 3340
2007 19960
2009 5720
2014 24200
2024 14200
2029 7180
2031 3560
2041 4860
2042 2500
2047 9120
2049 17860
2054 4460
2064 2680
2069 6540
2071 19800
2081 3960
2082 14200
2087 90860
2089 88180
2094 7180
2104 4400
2109 23960
2111 4620
2121 9480
2122 2680
2127 32100
2129 32940
2134 6540
2144 3660
2149 6620
2151 6020
2161 3640
2162 4400
2167 25820
2169 9680
2174 23960
2184 25840
2189 6200
2191 4440
2201 3340
2202 3660
2207 13200
2209 34420
2214 6620
2224 5340
2229 3880
2231 24200
2241 2500
2242 25840
2247 11120
2249 10440
2254 6200
2264 6400
2269 29140
2271 4460
2281 14200
2282 5340
2287 21180
2289 23140
2294 3880
2304 3460
2309 6260
2311 7180
2321 2680
2322 6400
2327 29660
2329 8920
2334 29140
2344 21220
2346 43240
2349 51520
2351 6540
2361 4400
2362 3460
2367 9820
2369 26580
2374 6260
2384 4820
2386 16900
2389 22480
2391 23960
2401 3660
2402 21220
2407 10740
2409 8380
2414 8280
2424 4340
2426 4040
2429 28460
2431 6620
2441 25840
2442 4820
2447 26340
2449 24140
2454 5580
2464 2680
2466 4860
2469 10600
2471 6200
2481 5340
2482 4340
2487 28580
2489 7300
2494 24420
2504 23880
2506 3960
2509 11420
2511 3880
2521 6400
2522 2680
2527 12640
2529 29900
2534 5740
2544 3760
2546 9480
2549 14520
2551 29140
2561 3460
2562 23880
2567 10640
2569 8200
2574 7460
2584 4520
2586 3640
2589 12820
2591 6260
2601 21220
2602 3760
2607 28080
2609 28720
2614 5040
2624 4560
2626 3340
2629 8480
2631 8280
2641 4820
2642 4520
2643 43240
2647 33600
2649 9020
2654 9180
2664 22420
2666 2500
2669 8880
2671 5580
2681 4340
2682 4560
2683 16900
2687 13440
2689 29600
2694 5140
2704 4260
2706 14200
2709 128540
2710 43240
2711 24420
2721 2680
2722 22420
2723 4040
2727 14820
2729 10800
2734 6380
2744 2900
2746 2680
2749 28780
2750 16900
2751 5740
2761 23880
2762 4260
2763 4860
2767 29540
2769 26860
2774 114340
2784 2140
2786 4400
2789 10400
2790 4040
2791 7460
2801 3760
2802 2900
2803 3960
2807 31040
2809 8760
2814 26100
2817 43240
2824 6780
2826 3660
2829 12740
2830 4860
2831 5040
2841 4520
2842 2140
2843 9480
2847 11940
2849 12980
2854 6000
2857 60140
2864 3220
2866 25840
2869 31700
2870 3960
2871 9180
2881 4560
2882 6780
2883 3640
2887 11340
2889 7100
2894 9080
2897 20940
2904 3660
2906 5340
2909 28920
2910 9480
2911 5140
2921 22420
2922 3220
2923 3340
2927 34180
2929 32800
2934 5860
2937 8900
2944 85500
2946 6400
2949 12880
2950 3640
2951 6380
2961 4260
2962 3660
2963 2500
2967 15440
2969 91760
2974 23580
2977 8820
2984 28540
2986 3460
2989 4230
