0 0
383 43240
423 16900
463 4040
503 4860
543 3960
583 9480
623 3640
663 3340
703 2500
724 43240
743 14200
764 16900
783 2680
804 4040
809 43240
823 4400
844 4860
849 16900
863 3660
884 3960
889 4040
903 25840
924 9480
929 4860
943 5340
964 3640
969 3960
983 6400
1004 3340
1009 9480
1023 3460
1044 2500
1049 3640
1063 21220
1084 14200
1089 3340
1103 4820
1124 2680
1129 2500
1143 4340
1164 4400
1169 14200
1183 2680
1204 3660
1209 2680
1223 23880
1244 25840
1249 4400
1263 3760
1284 5340
1289 3660
1303 4520
1324 6400
1329 25840
1343 4560
1364 3460
1369 5340
1383 22420
1404 21220
1409 6400
1423 4260
1429 43240
1444 4820
1449 3460
1463 2900
1469 16900
1484 4340
1489 21220
1503 2140
1509 4040
1524 2680
1529 4820
1537 43240
1543 6780
1549 4860
1564 23880
1569 4340
1577 16900
1583 3220
1589 3960
1604 3760
1609 2680
1617 4040
1623 3660
1629 9480
1644 4520
1649 23880
1657 4860
1663 85500
1669 3640
1684 4560
1689 3760
1697 3960
1703 28540
1709 3340
1724 22420
1729 4520
1737 9480
1743 6020
1749 2500
1764 4260
1769 4560
1777 3640
1783 8580
1789 14200
1804 2900
1809 22420
1817 3340
1823 5100
1829 2680
1844 2140
1849 4260
1857 2500
1863 16740
1869 4400
1884 6780
1889 2900
1897 14200
1903 5460
1904 43240
1909 3660
1924 3220
1929 2140
1937 2680
1943 5360
1944 16900
1949 25840
1964 3660
1969 6780
1977 4400
1983 3560
1984 4040
1989 5340
2004 85500
2009 3220
2017 3660
2023 19800
2024 4860
2029 6400
2044 28540
2049 3660
2057 25840
2063 4620
2064 3960
2069 3460
2084 6020
2089 85500
2097 5340
2103 6020
2104 9480
2109 21220
2124 8580
2129 28540
2137 6400
2143 4440
2144 3640
2149 4820
2164 5100
2169 6020
2175 43240
2177 3460
2183 24200
2184 3340
2189 4340
2204 16740
2206 43240
2209 8580
2215 16900
2217 21220
2223 4460
2224 2500
2229 2680
2244 5460
2246 16900
2249 5100
2255 4040
2257 4820
2263 7180
2264 14200
2269 23880
2284 5360
2286 4040
2289 16740
2295 4860
2297 4340
2303 6540
2304 2680
2309 3760
2324 3560
2326 4860
2329 5460
2335 3960
2337 2680
2343 23960
2344 4400
2349 4520
2364 19800
2366 3960
2369 5360
2375 9480
2377 23880
2383 6620
2384 3660
2389 4560
2404 4620
2406 9480
2409 3560
2415 3640
2417 3760
2423 6200
2424 25840
2429 22420
2444 6020
2446 3640
2449 19800
2455 3340
2457 4520
2463 3880
2464 5340
2469 4260
2484 4440
2486 3340
2489 4620
2495 2500
2497 4560
2503 29140
2504 6400
2505 43240
2509 2900
2524 24200
2526 2500
2529 6020
2535 14200
2537 22420
2543 6260
2544 3460
2545 16900
2549 2140
2564 4460
2566 14200
2569 4440
2575 2680
2577 4260
2583 8280
2584 21220
2585 4040
2589 6780
2604 7180
2606 2680
2609 24200
2615 4400
2617 2900
2623 5580
2624 4820
2625 4860
2629 3220
2644 6540
2646 4400
2649 4460
2655 3660
2657 2140
2663 24420
2664 4340
2665 3960
2669 3660
2676 43240
2684 23960
2686 3660
2689 7180
2695 25840
2697 6780
2703 5740
2704 2680
2705 52720
2709 85500
2716 16900
2724 6620
2726 25840
2729 6540
2735 5340
2737 3220
2743 7460
2744 23880
2745 20540
2749 28540
2756 4040
2764 6200
2766 5340
2769 23960
2775 6400
2777 3660
2783 5040
2784 3760
2785 7380
2789 6020
2796 4860
2804 3880
2806 6400
2809 6620
2815 3460
2817 85500
2823 9180
2824 4520
2825 7360
2829 8580
2836 3960
2844 29140
2846 3460
2849 6200
2855 21220
2857 28540
2863 5140
2864 4560
2865 18160
2867 43240
2869 5100
2876 9480
2884 6260
2886 21220
2889 3880
2895 4820
2897 6020
2903 6380
2904 22420
2905 12160
2907 16900
2909 16740
2916 3640
2924 8280
2926 4820
2929 29140
2935 4340
2937 8580
2943 114340
2944 4260
2945 8040
2947 4040
2949 5460
2956 3340
2964 5580
2966 4340
2969 6260
2975 2680
2977 5100
2983 26100
2984 2900
2985 7000
2987 3888
