0 0
117 43240
157 16900
183 43240
197 4040
223 16900
237 4860
263 4040
277 3960
303 4860
317 9480
343 3960
357 3640
383 9480
397 3340
423 3640
437 2500
463 3340
477 14200
503 2500
517 2680
543 14200
557 4400
583 2680
597 3660
623 4400
634 43240
637 25840
663 3660
674 16900
677 5340
703 25840
714 4040
717 6400
743 5340
754 4860
757 3460
783 6400
794 3960
797 21220
823 3460
831 43240
834 9480
837 4820
863 21220
871 16900
874 3640
877 4340
903 4820
911 4040
914 3340
917 2680
943 4340
951 4860
954 2500
957 23880
983 2680
991 3960
994 14200
997 3760
1023 23880
1031 9480
1034 2680
1037 4520
1050 43240
1063 3760
1071 3640
1074 4400
1077 4560
1090 16900
1103 4520
1111 3340
1114 3660
1117 22420
1130 4040
1143 4560
1151 2500
1154 25840
1157 4260
1170 4860
1176 43240
1183 22420
1191 14200
1194 5340
1197 2900
1210 3960
1216 16900
1223 4260
1231 2680
1234 6400
1237 2140
1250 9480
1256 4040
1263 2900
1271 4400
1274 3460
1277 6780
1290 3640
1296 4860
1303 2140
1311 3660
1314 21220
1317 3220
1330 3340
1336 3960
1343 6780
1351 25840
1354 4820
1357 3660
1370 2500
1376 9480
1383 3220
1391 5340
1394 4340
1397 85500
1410 14200
1416 3640
1423 3660
1431 6400
1434 2680
1437 28540
1450 2680
1456 3340
1463 85500
1471 3460
1474 23880
1477 6020
1490 4400
1496 2500
1503 28540
1511 21220
1514 3760
1517 8580
1530 3660
1536 14200
1543 6020
1551 4820
1554 4520
1557 5100
1570 25840
1576 2680
1583 8580
1591 4340
1594 4560
1597 16740
1610 5340
1616 4400
1623 5100
1631 2680
1634 22420
1637 5460
1650 49640
1656 3660
1663 16740
1671 23880
1674 4260
1677 5360
1690 20360
1696 25840
1703 5460
1711 3760
1714 2900
1717 3560
1730 25260
1736 5340
1743 5360
1751 4520
1754 2140
1757 19800
1770 9680
1776 6400
1780 43240
1783 3560
1791 4560
1794 6780
1797 4620
1810 8300
1816 3460
1820 16900
1823 19800
1831 22420
1834 3220
1837 6020
1850 12160
1856 21220
1860 4040
1863 4620
1871 4260
1874 3660
1877 4440
1890 27520
1896 4820
1900 4860
1903 6020
1911 2900
1914 85500
1917 24200
1930 7100
1936 4340
1940 3960
1943 4440
1951 2140
1954 28540
1957 4460
1970 50260
1976 2680
1980 9480
1983 24200
1991 6780
1994 6020
1997 7180
2010 35660
2016 23880
2020 3640
2023 4460
2031 3220
2034 8580
2037 6540
2050 29140
2056 3760
2060 3340
2063 7180
2071 3660
2074 5100
2077 23960
2090 13520
2096 4520
2100 2500
2103 6540
2111 85500
2114 16740
2117 6620
2130 10520
2136 4560
2140 14200
2143 23960
2148 43240
2151 28540
2154 5460
2157 6200
2170 37460
2176 22420
2180 2680
2183 6620
2188 16900
2191 6020
2194 5360
2197 3880
2210 15760
2216 4260
2220 4400
2223 6200
2228 4040
2231 8580
2234 3560
2237 29140
2250 12960
2256 2900
2260 3660
2263 3880
2268 4860
2271 5100
2274 19800
2277 6260
2290 9620
2296 2140
2300 25840
2303 29140
2308 3960
2311 16740
2314 4620
2317 8280
2330 120920
2336 6780
2340 5340
2343 6260
2348 9480
2351 5460
2354 6020
2357 5580
2370 36040
2376 3220
2380 6400
2383 8280
2388 3640
2391 5360
2394 4440
2397 24420
2410 14760
2416 3660
2420 3460
2423 5580
2428 3340
2431 3560
2434 24200
2437 5740
2450 14920
2456 85500
2460 21220
2463 24420
2468 2500
2471 19800
2474 4460
2477 7460
2490 54820
2496 28540
2500 4820
2503 5740
2508 14200
2511 4620
2514 7180
2517 5040
2530 25840
2536 6020
2540 4340
2543 7460
2548 2680
2551 6020
2554 6540
2557 9180
2570 16380
2576 8580
2580 2680
2583 5040
2588 4400
2591 4440
2594 23960
2597 5140
2610 13380
2616 5100
2620 23880
2623 9180
2628 3660
2631 24200
2634 6620
2637 6380
2650 47200
2656 16740
2660 3760
2663 5140
2668 25840
2671 4460
2674 6200
2677 114340
2690 28880
2696 5460
2700 4520
2703 6380
2708 5340
2711 7180
2714 3880
2717 26100
2730 11860
2736 5360
2740 4560
2743 114340
2748 6400
2751 6540
2754 29140
2757 6000
2763 43240
2770 10840
2776 3560
2780 22420
2783 26100
2788 3460
2791 23960
2794 6260
2797 9080
2803 16900
2810 35100
2816 19800
2820 4260
2823 6000
2828 21220
2831 6620
2834 8280
2837 5860
2843 4040
2850 31180
2856 4620
2860 2900
2863 9080
2868 4820
2871 6200
2873 43240
2874 5580
2877 23580
2883 4860
2890 12640
2896 6020
2900 2140
2903 5860
2908 4340
2911 3880
2913 16900
2914 24420
2917 6480
2923 3960
2930 97240
2936 4440
2940 6780
2943 23580
2948 2680
2951 29140
2953 4040
2954 5740
2957 9400
2963 9480
2970 57500
2976 24200
2980 3220
