0 0
355 43240
395 16900
435 4040
442 43240
444 43240
475 4860
482 16900
484 16900
515 3960
522 4040
524 4040
555 9480
562 4860
564 4860
595 3640
602 3960
604 3960
635 3340
642 9480
644 9480
675 2500
682 3640
684 3640
715 14200
722 3340
724 3340
744 43240
755 2680
762 2500
764 2500
773 43240
784 60140
795 4400
802 14200
804 14200
813 16900
824 20940
831 43240
835 3660
842 2680
844 2680
853 4040
864 8900
871 16900
875 25840
882 4400
884 4400
893 4860
904 8820
907 43240
911 4040
915 5340
922 3660
924 3660
933 3960
944 13440
947 16900
951 4860
955 6400
962 25840
964 25840
973 9480
984 13120
987 4040
991 3960
995 3460
1002 5340
1004 5340
1013 3640
1024 6980
1027 4860
1031 9480
1035 21220
1042 6400
1044 6400
1053 3340
1064 5840
1067 3960
1071 3640
1075 4820
1082 3460
1084 3460
1093 2500
1104 16700
1107 9480
1111 46580
1115 4340
1122 21220
1124 21220
1133 14200
1144 16880
1147 3640
1151 19400
1155 2680
1162 4820
1164 4820
1173 2680
1184 7080
1187 3340
1191 18240
1195 23880
1202 4340
1204 4340
1213 4400
1224 8060
1227 2500
1231 7540
1232 43240
1235 3760
1242 2680
1244 2680
1253 3660
1264 29500
1267 14200
1271 8360
1272 16900
1275 4520
1282 23880
1284 23880
1293 25840
1304 31180
1307 2680
1311 13140
1312 4040
1315 4560
1322 3760
1324 3760
1333 5340
1344 11740
1347 4400
1351 29480
1352 4860
1355 22420
1362 4520
1364 4520
1373 6400
1384 9860
1387 3660
1391 8680
1392 3960
1395 4260
1402 4560
1404 4560
1413 3460
1424 24680
1427 25840
1431 8900
1432 9480
1435 2900
1442 22420
1444 22420
1453 21220
1464 26040
1467 5340
1471 17660
1472 3640
1475 2140
1482 4260
1484 4260
1493 4820
1504 9160
1507 6400
1511 23900
1512 3340
1515 6780
1522 2900
1524 2900
1533 4340
1544 7020
1547 3460
1551 9220
1552 2500
1555 3220
1562 2140
1564 2140
1573 2680
1584 26560
1587 21220
1591 8000
1592 14200
1595 3660
1602 6780
1604 6780
1613 23880
1624 27640
1627 4820
1631 28520
1632 2680
1635 85500
1642 3220
1644 3220
1653 3760
1664 8280
1667 4340
1671 29220
1672 4400
1675 28540
1682 3660
1684 3660
1693 4520
1704 9080
1707 2680
1711 10160
1712 3660
1715 6020
1722 85500
1724 85500
1733 4560
1744 26980
1747 23880
1751 7980
1752 25840
1755 8580
1762 28540
1764 28540
1773 22420
1784 26680
1787 3760
1791 25780
1792 5340
1795 5100
1802 6020
1804 49260
1813 4260
1824 7160
1827 4520
1831 27240
1832 6400
1835 16740
1842 8580
1844 25480
1853 2900
1864 5040
1867 4560
1871 8600
1872 3460
1875 5460
1882 5100
1884 9140
1893 2140
1904 8920
1907 22420
1911 5580
1912 21220
1915 5360
1922 16740
1924 21600
1933 6780
1944 10000
1947 4260
1951 26020
1952 4820
1955 3560
1962 5460
1964 9420
1973 3220
1984 6880
1987 2900
1991 10540
1992 4340
1995 19800
2002 5360
2004 14840
2013 3660
2024 89160
2027 2140
2031 7740
2032 2680
2035 4620
2042 3560
2044 7200
2053 85500
2064 114040
2067 6780
2071 8220
2072 23880
2075 6020
2082 19800
2084 23140
2093 28540
2104 34560
2107 3220
2111 107920
2112 3760
2115 4440
2122 4620
2124 7120
2133 6020
2144 14600
2147 3660
2151 32800
2152 4520
2155 24200
2162 6020
2164 20220
2173 8580
2184 13680
2187 85500
2191 8920
2192 4560
2195 4460
2202 4440
2204 7120
2213 5100
2218 43240
2224 21840
2227 28540
2231 10720
2232 22420
2235 7180
2242 24200
2244 28600
2253 16740
2258 16900
2264 22200
2267 6020
2271 11880
2272 4260
2275 6540
2282 4460
2284 8120
2293 5460
2298 4040
2304 10820
2307 8580
2311 19960
2312 2900
2315 23960
2322 7180
2324 33020
2333 5360
2338 4860
2344 8920
2347 5100
2351 9120
2352 2140
2355 6620
2362 6540
2364 11880
2373 3560
2378 3960
2384 23360
2387 16740
2391 90860
2392 6780
2395 6200
2402 23960
2404 30360
2413 19800
2418 9480
2424 24420
2427 5460
2431 32100
2432 3220
2435 3880
2442 6620
2444 10080
2453 4620
2458 3640
2464 10640
2467 5360
2471 25820
2472 3660
2475 29140
2482 6200
2484 27420
2493 6020
2498 3340
2504 10460
2507 3560
2511 13200
2512 85500
2515 6260
2522 3880
2524 8700
2533 4440
2538 2500
2544 28640
2547 19800
2551 11120
2552 28540
2555 8280
2562 29140
2564 33480
2565 43240
2573 24200
2578 14200
2584 28660
2587 4620
2591 21180
2592 6020
2595 5580
2602 6260
2604 8940
2605 16900
2613 4460
2618 2680
2624 11640
2627 6020
2631 29660
2632 8580
2635 24420
2642 8280
2644 32160
2645 4040
2653 7180
2658 4400
2664 13720
2667 4440
2671 9820
2672 5100
2675 5740
2682 5580
2684 9340
2685 4860
2693 6540
2698 3660
2704 30500
2707 24200
2711 10740
2712 16740
2715 7460
2722 24420
2724 28940
2725 3960
2733 23960
2738 25840
2744 30580
2747 4460
2751 26340
2752 5460
2755 5040
2759 43240
2762 5740
2764 10300
2765 9480
2773 6620
2778 5340
2784 12820
2787 7180
2791 28580
2792 5360
2795 9180
2799 16900
2802 7460
2804 29880
2805 3640
2813 6200
2818 6400
2824 10080
2827 6540
2831 12640
2832 3560
2835 5140
2839 4040
2842 5040
2844 9300
2845 3340
2853 3880
2858 3460
2864 33020
2867 23960
2871 10640
2872 19800
2875 6380
2879 4860
2882 9180
2884 12080
2885 2500
2893 29140
2898 21220
2904 35400
2907 6620
2911 28080
2912 4620
2915 114340
2919 3960
2922 5140
2924 7280
2925 14200
2933 6260
2938 4820
2944 14540
2947 6200
2951 33600
2952 6020
2955 26100
2959 9480
2962 6380
2964 13160
2965 2680
2973 8280
2978 4340
2984 13860
2987 3880
2991 13440
2992 1110
