0 0
143 43240
183 16900
223 4040
263 4860
272 43240
303 3960
312 16900
343 9480
346 43240
352 4040
383 3640
386 16900
392 48100
423 3340
426 4040
432 20860
463 2500
466 4860
472 13520
503 14200
506 3960
512 8500
543 2680
546 9480
552 7300
583 4400
586 3640
592 11980
623 3660
626 3340
632 17840
663 25840
666 2500
672 6020
703 5340
706 14200
712 6900
743 6400
746 2680
752 17860
783 3460
786 4400
792 28520
823 21220
826 3660
832 9740
863 4820
866 25840
872 10060
903 4340
906 5340
912 29300
943 2680
946 6400
952 26560
983 23880
986 3460
992 54460
1023 3760
1026 21220
1032 24700
1063 4520
1066 4820
1072 27940
1103 4560
1106 4340
1112 33560
1143 22420
1146 2680
1152 12060
1183 4260
1186 23880
1192 16680
1223 2900
1226 3760
1232 32080
1242 43240
1263 2140
1266 4520
1272 29520
1282 16900
1303 6780
1306 4560
1312 11280
1322 4040
1343 3220
1346 22420
1352 21660
1362 4860
1383 3660
1386 4260
1392 27240
1402 3960
1423 85500
1426 2900
1432 15440
1442 9480
1463 28540
1466 2140
1472 9780
1482 3640
1503 6020
1506 6780
1512 31640
1522 3340
1543 8580
1546 3220
1552 97620
1562 2500
1583 5100
1586 3660
1592 38160
1602 14200
1623 16740
1626 85500
1632 13140
1642 2680
1663 5460
1666 28540
1672 115300
1682 4400
1703 5360
1706 6020
1712 38460
1722 3660
1743 3560
1746 8580
1752 27100
1762 25840
1783 19800
1786 5100
1792 16720
1802 5340
1823 4620
1826 16740
1832 34340
1842 6400
1863 6020
1866 5460
1872 24060
1882 3460
1903 4440
1906 5360
1912 29780
1922 21220
1943 24200
1946 3560
1952 14540
1962 4820
1983 4460
1986 19800
1992 32000
2002 4340
2023 7180
2026 4620
2032 28500
2042 2680
2063 6540
2066 6020
2072 31720
2082 23880
2103 23960
2106 4440
2112 12620
2122 3760
2143 6620
2146 24200
2152 18400
2162 4520
2183 6200
2186 4460
2192 33960
2202 4560
2223 3880
2226 7180
2232 32080
2242 22420
2263 29140
2266 6540
2272 99300
2282 4260
2303 6260
2306 23960
2312 41280
2322 2900
2343 8280
2346 6620
2352 33860
2362 2140
2383 5580
2386 6200
2392 44340
2402 6780
2423 24420
2426 3880
2432 17560
2442 3220
2463 5740
2466 29140
2472 28900
2481 43240
2482 3660
2503 7460
2506 6260
2512 40180
2521 16900
2522 85500
2543 5040
2546 8280
2552 36040
2561 4040
2562 28540
2583 9180
2586 5580
2587 43240
2592 17580
2593 43240
2600 43240
2601 4860
2602 6020
2623 5140
2626 24420
2627 16900
2632 32840
2633 16900
2640 16900
2641 3960
2642 8580
2663 6380
2666 5740
2667 4040
2672 34080
2673 4040
2680 4040
2681 9480
2682 5100
2703 114340
2706 7460
2707 4860
2712 20940
2713 4860
2720 4860
2721 3640
2722 16740
2743 26100
2746 5040
2747 3960
2752 17040
2753 3960
2760 3960
2761 3340
2762 5460
2783 6000
2786 9180
2787 9480
2792 35620
2793 9480
2800 9480
2801 2500
2802 5360
2823 9080
2826 5140
2827 3640
2832 127980
2833 3640
2840 3640
2841 14200
2842 3560
2863 5860
2866 6380
2867 3340
2872 38420
2873 3340
2880 3340
2881 2680
2882 19800
2903 23580
2906 114340
2907 2500
2912 18920
2913 2500
2920 2500
2921 4400
2922 4620
2938 43240
2943 6480
2946 26100
2947 14200
2952 147380
2953 14200
2960 14200
2961 3660
2962 6020
2978 16900
2983 9400
2986 6000
2987 2680
