0 0
439 43240
479 16900
519 4040
535 43240
559 4860
575 16900
599 3960
615 4040
639 9480
655 4860
679 3640
695 3960
719 3340
735 9480
759 2500
775 3640
799 14200
815 3340
839 2680
855 2500
879 4400
895 14200
919 3660
935 2680
959 25840
975 4400
999 5340
1015 3660
1039 6400
1055 25840
1079 3460
1095 5340
1119 21220
1135 6400
1159 4820
1175 3460
1199 4340
1215 21220
1239 2680
1255 4820
1279 23880
1294 43240
1295 4340
1317 43240
1319 3760
1334 16900
1335 2680
1351 43240
1357 16900
1359 4520
1374 4040
1375 23880
1391 16900
1397 4040
1399 4560
1414 4860
1415 3760
1431 4040
1437 4860
1439 22420
1454 3960
1455 4520
1471 4860
1477 3960
1479 4260
1494 9480
1495 4560
1511 3960
1517 9480
1519 2900
1534 3640
1535 22420
1551 9480
1557 3640
1559 2140
1574 3340
1575 4260
1591 3640
1597 46580
1599 6780
1614 2500
1615 2900
1631 3340
1637 19400
1639 3220
1654 14200
1655 2140
1671 2500
1677 18240
1679 3660
1694 2680
1695 6780
1711 14200
1717 7540
1719 85500
1724 43240
1734 90880
1735 3220
1751 2680
1757 8360
1759 28540
1764 16900
1774 37460
1775 3660
1791 4400
1797 13140
1799 6020
1804 4040
1814 33920
1815 85500
1831 3660
1837 29480
1839 8580
1844 4860
1854 15060
1855 28540
1871 25840
1877 8680
1879 5100
1884 3960
1894 14320
1895 6020
1911 5340
1917 8900
1919 16740
1924 9480
1934 22420
1935 8580
1951 6400
1957 17660
1959 5460
1964 3640
1974 28500
1975 5100
1991 3460
1997 23900
1999 5360
2004 3340
2014 11500
2015 16740
2031 21220
2037 9220
2039 3560
2044 2500
2054 9340
2055 5460
2071 4820
2077 8000
2079 19800
2084 14200
2094 31080
2095 5360
2111 4340
2117 28520
2119 4620
2124 2680
2134 29240
2135 3560
2151 2680
2157 29220
2159 6020
2164 4400
2174 12560
2175 19800
2191 23880
2197 10160
2199 4440
2204 3660
2214 11840
2215 4620
2231 3760
2237 7980
2239 24200
2244 25840
2254 56240
2255 6020
2271 4520
2277 25780
2279 4460
2284 5340
2294 33100
2295 4440
2311 4560
2317 27240
2319 7180
2324 6400
2334 17060
2335 67440
2351 22420
2357 8600
2359 6540
2364 3460
2374 9820
2375 21360
2391 4260
2397 5580
2399 23960
2404 21220
2414 44580
2415 11220
2431 2900
2437 26020
2439 6620
2444 4820
2454 16420
2455 11400
2471 2140
2477 10540
2479 6200
2484 4340
2494 11900
2495 27920
2511 6780
2517 7740
2519 3880
2524 2680
2534 9020
2535 16100
2551 3220
2557 8220
2559 29140
2564 23880
2574 133260
2575 9840
2591 3660
2597 107920
2599 6260
2604 3760
2614 36060
2615 7220
2631 85500
2637 32800
2639 8280
2640 43240
2644 4520
2654 15060
2655 31640
2671 28540
2677 8920
2679 5580
2680 16900
2684 4560
2694 17700
2695 63700
2711 6020
2717 10720
2719 24420
2720 4040
2724 22420
2734 49940
2735 27860
2751 8580
2757 11880
2759 5740
2760 4860
2764 4260
2774 25260
2775 14020
2791 5100
2797 19960
2799 7460
2800 3960
2804 2900
2814 11260
2815 32940
2831 16740
2837 9120
2839 5040
2840 9480
2844 2140
2854 9640
2855 35540
2871 5460
2877 90860
2879 9180
2880 3640
2884 6780
2894 17120
2895 22280
2911 5360
2917 32100
2919 5140
2920 3340
2924 3220
2934 26240
2935 15080
2951 3560
2957 25820
2959 6380
2960 2500
2964 3660
2974 11940
2975 15980
