0 0
101 43240
141 16900
181 4040
221 4860
261 3960
301 9480
341 3640
381 3340
421 2500
461 14200
501 2680
541 4400
581 3660
621 25840
661 5340
701 6400
741 3460
781 21220
821 4820
861 4340
901 2680
941 23880
960 43240
981 3760
1000 16900
1021 4520
1040 4040
1061 4560
1080 4860
1090 43240
1101 22420
1120 3960
1126 43240
1130 16900
1141 4260
1160 9480
1166 16900
1170 4040
1181 2900
1200 3640
1206 4040
1210 4860
1221 2140
1240 3340
1246 4860
1250 3960
1261 6780
1280 2500
1286 3960
1290 9480
1301 3220
1320 14200
1326 9480
1330 3640
1341 3660
1360 2680
1366 3640
1370 3340
1381 85500
1400 4400
1406 3340
1410 2500
1421 28540
1440 3660
1446 2500
1450 14200
1461 6020
1480 25840
1486 14200
1490 2680
1501 8580
1520 5340
1526 2680
1530 4400
1541 5100
1560 6400
1566 4400
1570 3660
1581 16740
1599 43240
1600 3460
1606 3660
1610 25840
1621 5460
1639 16900
1640 21220
1646 25840
1650 5340
1661 5360
1679 4040
1680 4820
1686 5340
1690 6400
1701 3560
1719 4860
1720 4340
1726 6400
1730 3460
1741 19800
1759 3960
1760 2680
1766 3460
1770 21220
1781 4620
1795 43240
1799 9480
1800 23880
1806 21220
1810 4820
1821 6020
1835 16900
1839 3640
1840 3760
1846 4820
1850 4340
1856 43240
1861 4440
1875 4040
1879 3340
1880 4520
1886 4340
1890 2680
1896 16900
1901 24200
1915 4860
1919 2500
1920 4560
1926 2680
1930 23880
1936 4040
1941 4460
1955 3960
1959 14200
1960 22420
1966 23880
1970 3760
1976 4860
1981 7180
1995 9480
1999 2680
2000 4260
2006 3760
2010 4520
2016 3960
2021 6540
2035 3640
2039 4400
2040 2900
2046 4520
2050 4560
2056 9480
2061 23960
2075 3340
2079 3660
2080 2140
2086 4560
2088 43240
2090 22420
2096 3640
2101 6620
2115 2500
2118 43240
2119 25840
2120 6780
2126 22420
2128 16900
2130 4260
2136 3340
2141 6200
2155 14200
2158 16900
2159 5340
2160 3220
2166 4260
2168 4040
2170 2900
2176 2500
2181 3880
2195 2680
2198 4040
2199 6400
2200 3660
2206 2900
2208 4860
2210 2140
2216 14200
2221 29140
2235 4400
2238 4860
2239 3460
2240 85500
2246 2140
2248 3960
2250 6780
2256 2680
2261 6260
2275 3660
2278 3960
2279 21220
2280 28540
2286 6780
2288 9480
2290 3220
2296 4400
2301 8280
2315 25840
2318 9480
2319 4820
2320 6020
2326 3220
2328 3640
2330 3660
2336 3660
2341 5580
2355 5340
2358 3640
2359 4340
2360 8580
2366 3660
2368 3340
2370 85500
2376 25840
2381 24420
2395 6400
2398 3340
2399 2680
2400 5100
2406 85500
2408 2500
2410 28540
2416 5340
2421 5740
2435 3460
2438 2500
2439 23880
2440 16740
2446 28540
2448 14200
2450 6020
2456 6400
2461 7460
2475 21220
2478 14200
2479 3760
2480 5460
2486 6020
2488 2680
2490 8580
2496 3460
2501 5040
2515 4820
2518 2680
2519 4520
2520 5360
2526 8580
2528 4400
2530 5100
2536 21220
2541 9180
2555 4340
2558 4400
2559 4560
2560 3560
2566 5100
2568 3660
2570 16740
2576 4820
2581 5140
2595 2680
2598 3660
2599 22420
2600 19800
2606 16740
2608 25840
2610 5460
2616 4340
2621 6380
2632 43240
2635 23880
2638 25840
2639 4260
2640 4620
2646 5460
2648 5340
2650 5360
2656 2680
2661 114340
2672 16900
2675 3760
2678 5340
2679 2900
2680 6020
2686 5360
2688 6400
2690 3560
2696 23880
2701 26100
2712 4040
2715 4520
2718 6400
2719 2140
2720 4440
2726 3560
2728 3460
2730 19800
2736 3760
2741 6000
2752 4860
2755 4560
2758 3460
2759 6780
2760 24200
2766 19800
2768 21220
2770 4620
2776 4520
2781 9080
2792 3960
2795 22420
2798 21220
2799 3220
2800 4460
2806 4620
2808 4820
2810 6020
2816 4560
2821 5860
2832 9480
2835 4260
2838 4820
2839 3660
2840 7180
2846 6020
2848 4340
2850 4440
2856 22420
2861 23580
2872 3640
2875 2900
2878 4340
2879 85500
2880 6540
2886 4440
2888 2680
2890 24200
2896 4260
2901 6480
2912 3340
2915 2140
2918 2680
2919 28540
2920 23960
2926 24200
2928 23880
2930 4460
2936 2900
2941 9400
2952 2500
2955 6780
2958 23880
2959 6020
2960 6620
2966 4460
2968 3760
2970 2513
