0 0
916 43240
918 43240
956 16900
958 16900
996 4040
998 4040
1036 4860
1038 4860
1076 3960
1078 3960
1116 9480
1118 9480
1156 3640
1158 3640
1196 3340
1198 3340
1236 2500
1238 2500
1276 14200
1278 14200
1316 2680
1318 2680
1356 4400
1358 4400
1396 3660
1398 3660
1436 25840
1438 25840
1476 5340
1478 5340
1516 6400
1518 6400
1556 3460
1558 3460
1596 21220
1598 21220
1636 4820
1638 4820
1676 4340
1678 4340
1716 2680
1718 2680
1732 43240
1756 23880
1758 23880
1772 16900
1796 3760
1798 3760
1812 4040
1836 4520
1838 4520
1852 4860
1876 4560
1878 4560
1892 3960
1903 43240
1916 22420
1918 22420
1932 9480
1943 16900
1956 4260
1958 4260
1972 3640
1983 4040
1996 2900
1998 2900
2012 3340
2023 4860
2036 2140
2038 2140
2052 2500
2063 3960
2076 6780
2078 6780
2092 14200
2103 9480
2105 43240
2116 3220
2118 3220
2132 2680
2143 3640
2145 16900
2156 3660
2158 3660
2161 43240
2167 43240
2172 4400
2183 3340
2185 4040
2196 85500
2198 85500
2201 16900
2207 16900
2212 3660
2223 2500
2225 4860
2236 28540
2238 28540
2241 4040
2247 4040
2252 25840
2263 14200
2265 3960
2276 6020
2278 6020
2281 4860
2287 4860
2290 43240
2292 5340
2303 2680
2305 9480
2316 8580
2318 8580
2321 3960
2327 3960
2330 16900
2332 6400
2343 4400
2345 3640
2356 5100
2358 5100
2361 9480
2367 9480
2370 4040
2372 3460
2383 3660
2385 3340
2396 16740
2398 16740
2401 3640
2407 3640
2410 4860
2412 21220
2423 25840
2425 2500
2436 5460
2438 5460
2441 3340
2447 3340
2450 3960
2452 4820
2463 5340
2465 14200
2476 5360
2478 5360
2481 2500
2485 43240
2487 2500
2490 9480
2492 4340
2503 6400
2505 45920
2508 43240
2516 3560
2517 43240
2518 3560
2521 14200
2525 16900
2527 14200
2530 3640
2532 2680
2542 43240
2543 3460
2545 21300
2548 16900
2556 19800
2557 16900
2558 19800
2561 2680
2565 4040
2567 2680
2570 3340
2572 23880
2582 16900
2583 21220
2585 7700
2588 4040
2596 4620
2597 4040
2598 4620
2601 4400
2605 4860
2607 4400
2610 2500
2612 3760
2622 4040
2623 4820
2625 30700
2628 4860
2636 6020
2637 4860
2638 6020
2641 3660
2645 3960
2647 3660
2650 14200
2652 4520
2662 4860
2663 4340
2665 9300
2668 3960
2676 4440
2677 3960
2678 4440
2681 25840
2685 9480
2687 25840
2690 2680
2692 4560
2702 3960
2703 2680
2705 15880
2708 9480
2716 24200
2717 9480
2718 24200
2721 5340
2725 3640
2727 5340
2730 4400
2732 22420
2742 9480
2743 23880
2745 7100
2748 3640
2756 4460
2757 3640
2758 4460
2761 6400
2765 3340
2767 6400
2770 3660
2772 4260
2782 3640
2783 3760
2785 24560
2788 3340
2796 7180
2797 3340
2798 7180
2801 3460
2805 2500
2807 3460
2810 25840
2812 2900
2822 3340
2823 4520
2825 7320
2828 2500
2836 6540
2837 2500
2838 6540
2841 21220
2845 14200
2847 21220
2850 5340
2852 2140
2862 2500
2863 4560
2865 18540
2868 14200
2876 23960
2877 14200
2878 23960
2881 4820
2885 2680
2887 4820
2890 6400
2892 6780
2902 14200
2903 22420
2905 5360
2908 2680
2916 6620
2917 2680
2918 6620
2921 4340
2925 4400
2927 4340
2930 3460
2932 3220
2942 2680
2943 4260
2945 28280
2948 4400
2956 6200
2957 4400
2958 6200
2961 2680
2965 3660
2967 2680
2970 21220
2972 3660
2982 4400
2983 2900
2985 7420
2988 915
