0 0
375 43240
415 16900
455 4040
495 4860
535 3960
575 9480
587 43240
615 3640
627 16900
655 3340
667 4040
695 2500
707 4860
735 14200
747 3960
775 2680
787 9480
815 4400
827 3640
855 3660
867 3340
895 25840
907 2500
935 5340
947 14200
975 6400
987 2680
1015 3460
1026 43240
1027 4400
1055 21220
1066 16900
1067 3660
1095 4820
1106 4040
1107 25840
1135 4340
1146 4860
1147 5340
1171 43240
1175 2680
1186 3960
1187 6400
1211 16900
1215 23880
1226 9480
1227 3460
1251 4040
1255 3760
1266 3640
1267 21220
1291 4860
1295 4520
1306 3340
1307 4820
1331 3960
1335 4560
1346 2500
1347 4340
1370 43240
1371 9480
1375 22420
1386 14200
1387 2680
1410 16900
1411 3640
1415 4260
1426 2680
1427 23880
1450 4040
1451 3340
1455 2900
1466 4400
1467 3760
1490 4860
1491 2500
1495 2140
1506 3660
1507 4520
1530 3960
1531 14200
1535 6780
1546 25840
1547 4560
1570 9480
1571 2680
1572 43240
1575 3220
1576 43240
1586 5340
1587 22420
1610 3640
1611 4400
1612 16900
1615 3660
1616 16900
1626 6400
1627 4260
1650 3340
1651 3660
1652 4040
1655 85500
1656 4040
1666 3460
1667 2900
1690 2500
1691 25840
1692 4860
1695 28540
1696 4860
1706 21220
1707 2140
1730 14200
1731 5340
1732 3960
1735 6020
1736 3960
1746 4820
1747 6780
1757 43240
1770 2680
1771 6400
1772 9480
1775 8580
1776 9480
1786 4340
1787 3220
1797 16900
1810 4400
1811 3460
1812 3640
1815 5100
1816 3640
1826 2680
1827 3660
1837 4040
1850 3660
1851 21220
1852 3340
1855 16740
1856 3340
1866 23880
1867 85500
1877 4860
1881 43240
1890 25840
1891 4820
1892 2500
1895 5460
1896 2500
1906 3760
1907 28540
1917 3960
1921 16900
1930 5340
1931 4340
1932 14200
1935 5360
1936 14200
1946 4520
1947 6020
1957 9480
1961 4040
1970 6400
1971 2680
1972 2680
1975 3560
1976 2680
1986 4560
1987 8580
1997 3640
2001 4860
2010 3460
2011 23880
2012 4400
2015 19800
2016 4400
2026 22420
2027 5100
2037 3340
2041 3960
2050 21220
2051 3760
2052 3660
2055 4620
2056 3660
2066 4260
2067 16740
2077 2500
2081 9480
2090 4820
2091 4520
2092 25840
2095 6020
2096 25840
2106 2900
2107 5460
2117 14200
2121 3640
2130 4340
2131 4560
2132 5340
2135 4440
2136 5340
2146 2140
2147 5360
2157 2680
2161 3340
2170 2680
2171 22420
2172 49640
2175 24200
2176 6400
2186 6780
2187 3560
2197 4400
2201 2500
2210 23880
2211 4260
2212 20360
2215 4460
2216 3460
2226 3220
2227 19800
2237 3660
2241 14200
2250 3760
2251 2900
2252 25260
2255 7180
2256 21220
2266 3660
2267 4620
2277 25840
2281 2680
2290 4520
2291 2140
2292 9680
2295 6540
2296 4820
2306 85500
2307 6020
2317 5340
2321 4400
2330 4560
2331 6780
2332 8300
2335 23960
2336 4340
2346 28540
2347 4440
2357 6400
2361 3660
2370 22420
2371 3220
2372 12160
2375 6620
2376 2680
2386 6020
2387 24200
2397 3460
2401 25840
2410 4260
2411 3660
2412 27520
2415 6200
2416 23880
2426 8580
2427 4460
2437 21220
2441 5340
2450 2900
2451 85500
2452 7100
2455 3880
2456 3760
2466 5100
2467 7180
2477 4820
2481 6400
2490 2140
2491 28540
2492 7020
2495 29140
2496 4520
2506 16740
2507 6540
2517 4340
2521 3460
2530 6780
2531 6020
2532 18760
2535 6260
2536 4560
2546 5460
2547 23960
2557 2680
2561 21220
2570 3220
2571 8580
2572 25100
2575 8280
2576 22420
2586 5360
2587 6620
2597 23880
2601 4820
2610 3660
2611 5100
2612 8660
2615 5580
2616 4260
2626 3560
2627 6200
2637 3760
2641 4340
2650 85500
2651 16740
2652 6560
2655 24420
2656 2900
2666 19800
2667 3880
2677 4520
2681 2680
2690 28540
2691 5460
2692 27980
2695 5740
2696 2140
2706 4620
2707 29140
2717 4560
2721 23880
2730 6020
2731 5360
2732 12120
2735 7460
2736 6780
2746 6020
2747 6260
2757 22420
2761 3760
2770 8580
2771 3560
2772 9620
2775 5040
2776 3220
2786 4440
2787 8280
2797 4260
2801 4520
2810 5100
2811 19800
2812 7120
2815 9180
2816 3660
2820 43240
2826 24200
2827 5580
2837 2900
2841 4560
2850 16740
2851 4620
2852 106720
2855 5140
2856 85500
2860 16900
2866 4460
2867 24420
2877 2140
2881 22420
2890 5460
2891 6020
2892 33360
2895 6380
2896 28540
2900 4040
2906 7180
2907 5740
2917 6780
2921 4260
2930 5360
2931 4440
2932 10360
2935 114340
2936 6020
2940 4860
2946 6540
2947 7460
2957 3220
2961 2900
2970 3560
2971 24200
2972 11260
2975 26100
2976 8580
2980 3960
2986 23960
2987 2016
