0 0
620 43240
624 43240
660 16900
664 16900
700 4040
704 4040
705 43240
740 4860
744 4860
745 16900
780 3960
784 3960
785 4040
820 9480
824 9480
825 4860
860 3640
864 3640
865 3960
900 3340
904 3340
905 9480
940 2500
944 2500
945 3640
980 14200
984 14200
985 3340
1004 43240
1020 2680
1024 2680
1025 2500
1044 16900
1060 4400
1064 4400
1065 14200
1084 4040
1100 3660
1104 3660
1105 2680
1124 4860
1140 25840
1144 25840
1145 4400
1164 3960
1180 5340
1184 5340
1185 3660
1204 9480
1220 6400
1224 6400
1225 25840
1244 3640
1260 3460
1264 3460
1265 5340
1276 43240
1284 3340
1300 21220
1304 21220
1305 6400
1316 16900
1324 2500
1340 4820
1344 4820
1345 3460
1356 4040
1364 14200
1380 4340
1384 4340
1385 21220
1396 4860
1404 2680
1420 2680
1424 2680
1425 4820
1436 3960
1444 4400
1460 23880
1464 23880
1465 4340
1476 9480
1484 3660
1500 3760
1504 3760
1505 2680
1516 3640
1524 25840
1540 4520
1544 4520
1545 23880
1556 3340
1564 5340
1580 4560
1584 4560
1585 3760
1596 2500
1604 6400
1620 22420
1624 22420
1625 4520
1636 14200
1644 3460
1660 4260
1664 4260
1665 4560
1666 43240
1676 2680
1684 21220
1700 2900
1704 2900
1705 22420
1706 16900
1716 4400
1724 4820
1740 2140
1744 2140
1745 4260
1746 4040
1756 3660
1764 4340
1780 6780
1784 6780
1785 2900
1786 4860
1796 25840
1804 2680
1820 3220
1824 3220
1825 2140
1826 3960
1836 5340
1844 23880
1860 3660
1864 3660
1865 6780
1866 9480
1876 6400
1884 3760
1900 85500
1904 85500
1905 3220
1906 3640
1916 3460
1924 4520
1940 28540
1944 28540
1945 3660
1946 3340
1956 21220
1964 4560
1980 6020
1984 6020
1985 85500
1986 2500
1996 4820
1997 43240
2004 22420
2020 8580
2024 8580
2025 28540
2026 14200
2036 4340
2037 16900
2044 4260
2060 5100
2064 5100
2065 6020
2066 2680
2076 2680
2077 4040
2084 2900
2100 16740
2104 16740
2105 8580
2106 4400
2116 23880
2117 4860
2124 2140
2140 5460
2144 5460
2145 5100
2146 3660
2156 3760
2157 3960
2164 6780
2180 5360
2184 5360
2185 16740
2186 25840
2196 4520
2197 9480
2204 3220
2220 3560
2224 3560
2225 5460
2226 5340
2236 4560
2237 3640
2244 3660
2260 19800
2264 19800
2265 5360
2266 6400
2276 22420
2277 3340
2284 85500
2291 43240
2300 4620
2304 4620
2305 3560
2306 3460
2316 4260
2317 2500
2324 28540
2331 16900
2340 6020
2344 6020
2345 19800
2346 21220
2356 2900
2357 14200
2364 6020
2371 4040
2380 4440
2384 4440
2385 4620
2386 4820
2396 2140
2397 2680
2404 8580
2411 4860
2420 24200
2424 24200
2425 6020
2426 4340
2436 6780
2437 4400
2444 5100
2451 3960
2460 4460
2464 4460
2465 4440
2466 2680
2476 3220
2477 3660
2484 16740
2491 9480
2500 7180
2504 7180
2505 24200
2506 23880
2516 3660
2517 25840
2524 5460
2531 3640
2540 6540
2544 6540
2545 4460
2546 3760
2556 85500
2557 5340
2564 5360
2571 3340
2580 23960
2584 23960
2585 7180
2586 4520
2596 28540
2597 6400
2604 3560
2611 2500
2620 49860
2624 6620
2625 6540
2626 4560
2636 6020
2637 3460
2644 19800
2651 14200
2660 23100
2664 6200
2665 23960
2666 22420
2676 8580
2677 21220
2684 4620
2691 2680
2700 7920
2704 3880
2705 6620
2706 4260
2716 5100
2717 4820
2724 6020
2731 4400
2740 34000
2744 29140
2745 6200
2746 2900
2756 16740
2757 4340
2764 4440
2771 3660
2780 10220
2784 6260
2785 3880
2786 2140
2796 5460
2797 2680
2804 24200
2811 25840
2820 17760
2824 8280
2825 29140
2826 6780
2836 5360
2837 23880
2844 4460
2851 5340
2860 9220
2864 5580
2865 6260
2866 3220
2876 3560
2877 3760
2884 7180
2891 6400
2900 27760
2904 24420
2905 8280
2906 3660
2916 19800
2917 4520
2924 6540
2931 3460
2940 8240
2944 5740
2945 5580
2946 85500
2956 4620
2957 4560
2964 23960
2971 21220
2980 21660
2984 7460
2985 67660
2986 21405
