0 0
156 43240
196 16900
236 4040
276 4860
316 3960
356 52720
396 20540
436 7380
476 7360
516 18160
556 12160
596 8040
636 7000
676 28340
716 19540
756 9080
796 7860
829 43240
836 24880
869 16900
876 30660
897 43240
909 4040
916 9680
937 16900
949 4860
956 9080
977 4040
989 3960
996 27340
1017 4860
1029 9480
1036 24980
1057 3960
1069 3640
1076 9340
1097 9480
1109 3340
1116 8900
1137 3640
1149 2500
1156 25100
1177 3340
1189 14200
1196 28140
1217 2500
1229 2680
1236 6660
1257 14200
1269 4400
1276 6660
1297 2680
1309 3660
1316 11340
1337 4400
1349 25840
1356 25640
1377 3660
1389 5340
1396 7920
1417 25840
1429 6400
1436 88400
1457 5340
1469 3460
1476 30680
1497 6400
1509 21220
1516 12800
1537 3460
1549 4820
1556 11800
1577 21220
1589 4340
1593 43240
1596 8760
1617 4820
1629 2680
1633 16900
1636 102240
1657 4340
1669 23880
1673 4040
1676 77240
1697 2680
1709 3760
1713 4860
1716 28280
1737 23880
1749 4520
1753 3960
1756 16180
1777 3760
1789 4560
1793 9480
1796 29760
1817 4520
1829 22420
1833 3640
1836 25320
1857 4560
1869 4260
1873 3340
1876 20960
1897 22420
1909 2900
1913 2500
1916 13440
1937 4260
1949 2140
1953 14200
1956 31100
1977 2900
1989 6780
1993 2680
1996 26760
1998 43240
2017 2140
2029 3220
2033 4400
2036 26000
2038 16900
2057 6780
2069 3660
2073 3660
2076 15240
2078 4040
2097 3220
2109 85500
2113 25840
2116 32800
2118 4860
2137 3660
2149 28540
2153 5340
2156 34480
2158 3960
2177 85500
2189 6020
2193 6400
2196 36500
2198 9480
2217 28540
2229 8580
2233 3460
2236 16400
2238 3640
2257 6020
2269 5100
2273 21220
2276 42080
2278 3340
2297 8580
2309 16740
2313 4820
2316 33680
2318 2500
2337 5100
2349 5460
2353 4340
2356 36120
2358 14200
2377 16740
2389 5360
2393 2680
2396 16600
2398 2680
2417 5460
2429 3560
2433 23880
2436 32640
2438 4400
2457 5360
2469 19800
2473 3760
2476 37560
2478 3660
2497 3560
2509 4620
2513 4520
2516 37600
2518 25840
2537 19800
2549 6020
2553 4560
2556 17080
2558 5340
2577 4620
2589 4440
2593 22420
2596 19280
2598 6400
2617 6020
2629 24200
2633 4260
2636 34120
2638 3460
2657 4440
2669 4460
2673 2900
2676 34540
2678 21220
2697 24200
2709 7180
2713 45380
2716 126060
2718 4820
2737 4460
2749 6540
2753 23680
2756 34040
2758 4340
2777 7180
2780 43240
2789 23960
2793 7260
2796 17320
2798 2680
2817 6540
2820 16900
2829 6620
2833 8520
2836 21000
2838 23880
2857 23960
2860 4040
2869 6200
2873 89460
2876 15460
2878 3760
2897 6620
2900 4860
2909 3880
2913 38020
2916 141580
2918 4520
2937 6200
2940 3960
2949 29140
2953 9660
2956 118080
2958 4560
2977 3880
2980 9480
2989 6260
2993 11920
