0 0
489 43240
529 16900
569 4040
609 4860
649 3960
652 43240
677 43240
689 9480
692 16900
717 16900
729 3640
732 4040
757 4040
769 3340
772 4860
797 4860
809 2500
812 3960
837 3960
849 14200
852 9480
877 9480
889 2680
892 3640
917 3640
929 4400
932 3340
957 3340
969 3660
972 2500
997 2500
1009 25840
1012 14200
1037 14200
1049 5340
1052 2680
1077 2680
1089 6400
1092 4400
1117 4400
1129 3460
1132 3660
1157 3660
1169 21220
1172 25840
1197 25840
1209 4820
1212 5340
1237 5340
1242 43240
1249 4340
1252 6400
1277 6400
1282 16900
1289 2680
1292 3460
1317 3460
1322 4040
1329 23880
1332 21220
1346 43240
1357 21220
1362 4860
1369 3760
1372 4820
1386 16900
1397 4820
1402 3960
1409 4520
1412 4340
1426 4040
1437 4340
1442 9480
1449 4560
1452 2680
1466 4860
1477 2680
1482 3640
1489 22420
1492 23880
1506 3960
1517 23880
1522 3340
1529 4260
1532 3760
1546 9480
1557 3760
1562 2500
1569 2900
1572 4520
1586 3640
1597 4520
1602 14200
1609 2140
1611 43240
1612 4560
1626 3340
1637 4560
1642 2680
1649 6780
1651 16900
1652 22420
1666 2500
1677 22420
1682 4400
1689 3220
1691 4040
1692 4260
1706 14200
1717 4260
1722 3660
1729 3660
1731 4860
1732 2900
1746 2680
1757 2900
1762 25840
1769 85500
1771 3960
1772 2140
1786 4400
1797 2140
1802 5340
1809 28540
1811 9480
1812 6780
1826 3660
1837 6780
1842 6400
1849 6020
1851 3640
1852 3220
1866 25840
1877 3220
1882 3460
1889 8580
1891 3340
1892 3660
1906 5340
1917 3660
1922 21220
1929 5100
1931 2500
1932 85500
1943 43240
1946 6400
1957 85500
1962 4820
1969 16740
1971 14200
1972 28540
1983 16900
1986 3460
1997 28540
2002 4340
2009 5460
2011 2680
2012 6020
2023 4040
2026 21220
2037 6020
2042 2680
2049 5360
2051 4400
2052 8580
2063 4860
2066 4820
2077 8580
2082 23880
2089 3560
2091 3660
2092 5100
2103 3960
2106 4340
2117 5100
2122 3760
2129 19800
2131 25840
2132 16740
2143 9480
2146 2680
2156 43240
2157 16740
2162 4520
2169 4620
2171 5340
2172 5460
2183 3640
2186 23880
2196 16900
2197 5460
2202 4560
2209 6020
2211 6400
2212 5360
2223 3340
2226 3760
2236 4040
2237 5360
2242 22420
2249 4440
2251 3460
2252 3560
2263 2500
2266 4520
2276 4860
2277 3560
2282 4260
2289 24200
2291 21220
2292 19800
2303 14200
2306 4560
2316 3960
2317 19800
2322 2900
2329 4460
2331 4820
2332 4620
2343 2680
2346 22420
2356 9480
2357 4620
2362 2140
2369 7180
2371 4340
2372 6020
2383 4400
2386 4260
2396 3640
2397 6020
2402 6780
2409 6540
2411 2680
2412 4440
2423 3660
2426 2900
2436 3340
2437 4440
2442 3220
2449 23960
2451 23880
2452 24200
2463 25840
2466 2140
2476 2500
2477 24200
2482 3660
2489 6620
2491 3760
2492 4460
2503 5340
2506 6780
2516 14200
2517 4460
2522 85500
2529 6200
2531 4520
2532 7180
2543 6400
2546 3220
2556 2680
2557 7180
2562 28540
2569 3880
2571 4560
2572 6540
2583 3460
2586 3660
2596 4400
2597 6540
2602 6020
2609 29140
2611 22420
2612 23960
2623 21220
2626 85500
2636 3660
2637 23960
2642 8580
2649 6260
2651 4260
2652 6620
2663 4820
2666 28540
2676 25840
2677 6620
2682 5100
2689 8280
2691 2900
2692 6200
2703 4340
2706 6020
2716 5340
2717 6200
2722 16740
2729 5580
2731 2140
2732 3880
2743 2680
2746 8580
2756 6400
2757 3880
2762 5460
2769 24420
2771 6780
2772 29140
2783 23880
2786 5100
2796 3460
2797 29140
2802 5360
2809 5740
2811 3220
2812 6260
2815 43240
2823 3760
2826 16740
2835 43240
2836 21220
2837 6260
2842 3560
2849 7460
2851 3660
2852 8280
2855 16900
2863 4520
2866 5460
2875 16900
2876 4820
2877 8280
2882 19800
2889 5040
2891 85500
2892 5580
2895 4040
2903 4560
2906 5360
2915 4040
2916 4340
2917 5580
2922 4620
2929 9180
2931 28540
2932 24420
2935 4860
2943 22420
2946 3560
2955 4860
2956 2680
2957 24420
2962 6020
2969 5140
2971 6020
2972 5740
2975 3960
2983 4260
2986 19800
