0 0
253 43240
293 16900
333 4040
373 4860
413 3960
453 9480
493 3640
533 3340
573 2500
613 14200
653 2680
693 4400
733 3660
773 25840
778 43240
813 5340
818 16900
853 6400
858 4040
893 3460
898 4860
933 21220
938 3960
973 4820
976 43240
978 9480
1013 4340
1016 16900
1018 3640
1053 2680
1056 4040
1058 3340
1081 43240
1093 23880
1096 4860
1098 2500
1121 16900
1133 3760
1136 3960
1138 14200
1161 4040
1165 43240
1173 4520
1176 9480
1178 2680
1201 4860
1205 16900
1213 4560
1216 3640
1218 4400
1241 3960
1245 4040
1253 22420
1256 3340
1258 3660
1281 9480
1285 4860
1293 4260
1296 2500
1298 25840
1321 3640
1325 47200
1333 2900
1336 14200
1338 5340
1344 43240
1361 3340
1365 26380
1373 2140
1376 2680
1378 6400
1384 16900
1401 2500
1405 7680
1413 6780
1416 4400
1418 3460
1424 4040
1441 14200
1445 8200
1453 3220
1456 3660
1458 21220
1464 4860
1481 2680
1485 6460
1493 3660
1496 25840
1498 4820
1504 3960
1521 4400
1525 23680
1533 85500
1536 5340
1538 4340
1544 9480
1561 3660
1565 6320
1573 28540
1576 6400
1578 2680
1584 3640
1601 25840
1605 7740
1613 6020
1616 3460
1618 23880
1624 3340
1632 43240
1641 5340
1645 6160
1653 8580
1656 21220
1658 3760
1664 2500
1672 16900
1681 6400
1685 40040
1693 5100
1696 4820
1698 4520
1704 14200
1712 4040
1721 3460
1725 8020
1733 16740
1736 4340
1738 4560
1744 2680
1752 4860
1761 21220
1765 10800
1773 5460
1776 2680
1778 22420
1784 4400
1792 3960
1801 4820
1805 7120
1813 5360
1816 23880
1818 4260
1824 3660
1832 9480
1841 4340
1845 47060
1853 3560
1856 3760
1858 2900
1864 25840
1872 3640
1881 2680
1885 10160
1893 19800
1896 4520
1898 2140
1904 5340
1912 3340
1921 23880
1925 10740
1933 4620
1936 4560
1938 6780
1944 6400
1952 2500
1961 3760
1965 6140
1973 6020
1976 22420
1978 3220
1984 3460
1992 14200
2001 4520
2005 45100
2013 4440
2016 4260
2018 3660
2024 21220
2032 2680
2041 4560
2045 8580
2053 24200
2056 2900
2058 85500
2064 4820
2072 4400
2081 22420
2085 8860
2093 4460
2096 2140
2098 28540
2104 4340
2112 3660
2121 4260
2125 7240
2133 7180
2136 6780
2138 6020
2144 2680
2152 25840
2161 2900
2165 46300
2173 6540
2176 3220
2178 8580
2184 23880
2192 5340
2201 2140
2205 8020
2213 23960
2216 3660
2218 5100
2224 3760
2232 6400
2241 6780
2245 7420
2253 6620
2256 85500
2258 16740
2264 4520
2272 3460
2281 3220
2285 6700
2293 6200
2296 28540
2298 5460
2304 4560
2312 21220
2321 3660
2325 29200
2333 3880
2336 6020
2338 5360
2344 22420
2352 4820
2361 85500
2365 7480
2373 29140
2376 8580
2378 3560
2384 4260
2391 43240
2392 4340
2401 28540
2405 6560
2413 6260
2416 5100
2418 19800
2424 2900
2431 16900
2432 2680
2441 6020
2445 87640
2453 8280
2456 16740
2458 4620
2464 2140
2471 4040
2472 23880
2481 8580
2485 35320
2493 5580
2496 5460
2498 6020
2504 6780
2511 4860
2512 3760
2521 5100
2525 9240
2533 24420
2536 5360
2538 4440
2544 3220
2551 3960
2552 4520
2561 16740
2565 12240
2573 5740
2576 3560
2578 24200
2584 3660
2591 9480
2592 4560
2601 5460
2605 90600
2613 7460
2616 19800
2618 4460
2624 85500
2631 3640
2632 22420
2641 5360
2645 45280
2653 5040
2656 4620
2658 7180
2664 28540
2671 3340
2672 4260
2681 3560
2685 11480
2693 9180
2696 6020
2698 6540
2704 6020
2711 2500
2712 2900
2721 19800
2725 13940
2733 5140
2736 4440
2738 23960
2744 8580
2751 14200
2752 2140
2761 4620
2765 8660
2773 6380
2776 24200
2778 6620
2784 5100
2791 2680
2792 6780
2801 6020
2805 36540
2813 114340
2816 4460
2818 6200
2824 16740
2831 4400
2832 3220
2841 4440
2845 10080
2853 26100
2856 7180
2858 3880
2864 5460
2871 3660
2872 3660
2881 24200
2885 11380
2893 6000
2896 6540
2898 29140
2904 5360
2911 25840
2912 85500
2921 4460
2925 8000
2933 9080
2936 23960
2938 6260
2944 3560
2951 5340
2952 28540
2961 7180
2965 44000
2973 5860
