0 0
450 43240
490 16900
530 4040
570 4860
576 43240
610 3960
616 16900
647 43240
650 9480
656 4040
687 16900
690 3640
696 4860
727 4040
730 3340
736 3960
767 4860
770 2500
776 9480
807 3960
810 14200
816 3640
847 9480
850 2680
856 3340
887 3640
890 4400
896 2500
918 43240
927 3340
930 3660
936 14200
958 16900
967 2500
970 25840
976 2680
998 4040
1007 14200
1010 5340
1016 4400
1038 4860
1047 2680
1050 6400
1056 3660
1078 3960
1087 4400
1090 3460
1096 25840
1118 9480
1127 3660
1130 21220
1136 5340
1158 3640
1167 25840
1170 4820
1176 6400
1198 3340
1207 5340
1210 4340
1216 3460
1238 2500
1247 6400
1250 2680
1256 21220
1278 14200
1287 3460
1290 23880
1296 4820
1318 2680
1327 21220
1330 3760
1336 4340
1357 43240
1358 4400
1367 4820
1370 4520
1376 2680
1397 16900
1398 3660
1407 4340
1410 4560
1416 23880
1437 4040
1438 25840
1447 2680
1450 22420
1456 3760
1477 4860
1478 5340
1487 23880
1490 4260
1496 4520
1517 3960
1518 6400
1527 3760
1530 2900
1536 4560
1557 9480
1558 3460
1567 4520
1570 2140
1576 22420
1597 3640
1598 21220
1607 4560
1610 6780
1616 4260
1621 43240
1637 3340
1638 4820
1647 22420
1650 3220
1656 2900
1661 16900
1677 2500
1678 4340
1687 4260
1690 3660
1696 2140
1701 4040
1717 14200
1718 2680
1727 2900
1730 85500
1736 6780
1741 4860
1757 2680
1758 23880
1767 2140
1770 28540
1776 3220
1781 3960
1797 4400
1798 3760
1807 6780
1810 6020
1816 3660
1821 9480
1837 3660
1838 4520
1847 3220
1850 8580
1856 85500
1861 3640
1877 25840
1878 4560
1887 3660
1890 5100
1896 28540
1901 3340
1917 5340
1918 22420
1927 85500
1930 16740
1936 6020
1941 2500
1957 6400
1958 4260
1967 28540
1970 5460
1976 8580
1981 14200
1997 3460
1998 2900
2007 6020
2010 5360
2016 5100
2021 2680
2037 21220
2038 2140
2047 8580
2050 3560
2056 16740
2061 4400
2077 4820
2078 6780
2087 5100
2090 19800
2096 5460
2101 3660
2117 4340
2118 3220
2127 16740
2130 4620
2136 5360
2141 25840
2157 2680
2158 3660
2167 5460
2170 6020
2176 3560
2181 5340
2197 23880
2198 85500
2207 5360
2210 4440
2216 19800
2221 6400
2237 3760
2238 28540
2247 3560
2250 24200
2256 4620
2261 3460
2277 4520
2278 6020
2287 19800
2290 4460
2296 6020
2301 21220
2317 4560
2318 8580
2327 4620
2330 7180
2336 4440
2341 4820
2357 22420
2358 5100
2367 6020
2370 6540
2376 24200
2381 4340
2397 4260
2398 16740
2407 4440
2410 23960
2416 4460
2421 2680
2437 2900
2438 5460
2447 24200
2450 6620
2456 7180
2461 23880
2477 2140
2478 5360
2487 4460
2490 6200
2496 6540
2501 3760
2517 6780
2518 3560
2523 43240
2527 7180
2530 3880
2536 23960
2541 4520
2555 43240
2557 3220
2558 19800
2563 16900
2567 6540
2570 29140
2576 6620
2581 4560
2595 16900
2597 3660
2598 4620
2603 4040
2607 23960
2610 6260
2616 6200
2621 22420
2635 4040
2637 85500
2638 6020
2643 4860
2647 6620
2650 8280
2656 3880
2661 4260
2675 4860
2676 43240
2677 28540
2678 4440
2681 43240
2683 3960
2687 6200
2690 5580
2696 29140
2701 2900
2704 43240
2715 3960
2716 16900
2717 6020
2718 24200
2721 16900
2723 9480
2727 3880
2730 24420
2736 6260
2741 2140
2744 16900
2755 9480
2756 4040
2757 8580
2758 4460
2761 4040
2763 3640
2767 29140
2770 5740
2776 8280
2781 6780
2784 4040
2795 3640
2796 4860
2797 5100
2798 7180
2801 4860
2803 3340
2807 6260
2810 7460
2816 5580
2821 3220
2824 4860
2835 3340
2836 3960
2837 16740
2838 6540
2841 3960
2843 2500
2847 8280
2850 5040
2856 24420
2861 3660
2864 3960
2875 2500
2876 9480
2877 5460
2878 23960
2881 9480
2883 14200
2887 5580
2890 9180
2896 5740
2901 85500
2904 9480
2915 14200
2916 3640
2917 5360
2918 6620
2921 3640
2923 2680
2924 43240
2927 24420
2930 5140
2936 7460
2941 28540
2944 3640
2955 2680
2956 3340
2957 3560
2958 6200
2961 3340
2963 4400
2964 16900
2967 5740
2970 6380
2976 5040
2981 6020
2984 3340
2995 4400
2996 2500
2997 19800
