0 0
348 43240
388 16900
428 4040
468 4860
508 3960
548 9480
588 3640
628 3340
668 2500
677 43240
708 14200
717 16900
748 2680
757 4040
788 4400
797 4860
828 3660
837 3960
868 25840
877 9480
906 43240
908 5340
917 3640
946 16900
948 6400
957 3340
986 4040
988 3460
997 2500
1026 4860
1028 21220
1037 14200
1066 3960
1068 4820
1077 2680
1106 9480
1108 4340
1117 4400
1146 3640
1148 2680
1157 3660
1186 3340
1188 23880
1193 43240
1197 25840
1226 2500
1228 3760
1231 43240
1233 16900
1237 5340
1266 14200
1268 4520
1271 16900
1273 4040
1277 6400
1306 2680
1308 4560
1311 4040
1313 4860
1317 3460
1346 4400
1348 22420
1351 4860
1353 3960
1357 21220
1358 43240
1386 3660
1388 4260
1391 3960
1393 9480
1397 4820
1398 16900
1426 25840
1428 2900
1431 9480
1433 3640
1437 4340
1438 4040
1466 5340
1468 2140
1471 3640
1473 3340
1477 2680
1478 48100
1506 6400
1508 6780
1511 3340
1513 2500
1517 23880
1518 20860
1546 3460
1548 3220
1551 2500
1553 14200
1557 3760
1558 13520
1586 21220
1588 3660
1591 14200
1593 2680
1597 4520
1598 8500
1620 43240
1626 4820
1628 85500
1631 2680
1633 4400
1637 4560
1638 7300
1660 16900
1666 4340
1668 28540
1671 4400
1673 3660
1677 22420
1678 11980
1681 43240
1700 4040
1706 2680
1708 6020
1711 3660
1713 25840
1717 4260
1718 17840
1721 16900
1739 43240
1740 4860
1746 23880
1748 8580
1751 25840
1753 5340
1757 2900
1758 6020
1761 4040
1779 16900
1780 3960
1786 3760
1788 5100
1791 5340
1793 6400
1797 2140
1798 6900
1801 4860
1819 4040
1820 9480
1826 4520
1828 16740
1831 6400
1833 3460
1837 6780
1838 17860
1841 3960
1859 4860
1860 3640
1866 4560
1868 5460
1871 3460
1873 21220
1877 3220
1878 28520
1881 9480
1899 3960
1900 3340
1906 22420
1908 5360
1911 21220
1913 4820
1917 3660
1918 9740
1921 3640
1939 9480
1940 2500
1946 4260
1948 3560
1951 4820
1953 4340
1957 85500
1958 10060
1961 3340
1979 3640
1980 14200
1986 2900
1988 19800
1991 4340
1993 2680
1997 28540
1998 29300
2001 2500
2019 3340
2020 2680
2026 2140
2028 4620
2031 2680
2033 23880
2037 6020
2038 26560
2041 14200
2059 2500
2060 4400
2066 6780
2068 6020
2071 23880
2073 3760
2077 8580
2078 11220
2081 2680
2099 14200
2100 3660
2106 3220
2108 4440
2111 3760
2113 4520
2117 5100
2118 7800
2121 4400
2139 2680
2140 25840
2146 3660
2148 24200
2151 4520
2153 4560
2157 16740
2158 23900
2161 3660
2179 4400
2180 5340
2186 85500
2188 4460
2191 4560
2193 22420
2197 5460
2198 28700
2201 25840
2219 3660
2220 6400
2226 28540
2228 7180
2231 22420
2233 4260
2237 5360
2238 8100
2241 5340
2259 25840
2260 3460
2266 6020
2268 6540
2271 4260
2273 2900
2277 3560
2278 7200
2281 6400
2299 5340
2300 21220
2306 8580
2308 23960
2311 2900
2313 2140
2315 43240
2317 19800
2318 28440
2321 3460
2339 6400
2340 4820
2346 5100
2348 6620
2351 2140
2353 6780
2355 16900
2357 4620
2358 26180
2361 21220
2376 43240
2379 3460
2380 4340
2386 16740
2388 6200
2391 6780
2393 3220
2395 4040
2397 6020
2398 8780
2401 4820
2416 16900
2419 21220
2420 2680
2426 5460
2428 3880
2431 3220
2433 3660
2435 4860
2437 4440
2438 7460
2441 4340
2456 4040
2459 4820
2460 23880
2466 5360
2468 29140
2471 3660
2473 85500
2475 3960
2477 24200
2478 24560
2481 2680
2496 4860
2499 4340
2500 3760
2502 43240
2506 3560
2508 6260
2511 85500
2513 28540
2515 9480
2517 4460
2518 11040
2521 23880
2536 47200
2539 2680
2540 4520
2542 16900
2546 19800
2548 8280
2551 28540
2553 6020
2555 3640
2557 7180
2558 6120
2561 3760
2576 26380
2579 23880
2580 4560
2582 4040
2586 4620
2588 5580
2591 6020
2593 8580
2595 3340
2597 6540
2598 5800
2601 4520
2616 7680
2619 3760
2620 22420
2622 4860
2626 6020
2628 24420
2631 8580
2633 5100
2635 2500
2637 23960
2638 92280
2641 4560
2656 8200
2659 4520
2660 4260
2662 3960
2666 4440
2668 5740
2671 5100
2673 16740
2675 14200
2677 6620
2678 31760
2681 22420
2696 6460
2699 4560
2700 2900
2702 9480
2706 24200
2708 7460
2711 16740
2713 5460
2715 2680
2717 6200
2718 9680
2721 4260
2736 23680
2739 22420
2740 2140
2742 3640
2746 4460
2748 5040
2751 5460
2753 5360
2755 4400
2757 3880
2758 94080
2761 2900
2776 6320
2779 4260
2780 6780
2782 3340
2786 7180
2788 9180
2791 5360
2793 3560
2795 3660
2797 29140
2798 33640
2801 2140
2816 7740
2819 2900
2820 3220
2822 2500
2826 6540
2828 5140
2831 3560
2833 19800
2835 25840
2837 6260
2838 22760
2841 6780
2848 43240
2856 6160
2859 2140
2860 3660
2862 14200
2866 23960
2868 6380
2871 19800
2873 4620
2875 5340
2877 8280
2878 14040
2881 3220
2888 16900
2896 40040
2899 6780
2900 85500
2902 2680
2906 6620
2908 114340
2911 4620
2913 6020
2915 6400
2917 5580
2918 10460
2921 3660
2928 4040
2936 8020
2939 3220
2940 28540
2942 4400
2946 6200
2948 26100
2951 6020
2953 4440
2955 3460
2957 24420
2958 20300
2961 85500
2968 4860
2976 10800
2979 3660
2980 6020
2982 3660
2986 3880
2988 3600
