0 0
365 43240
405 16900
445 4040
485 4860
525 3960
565 9480
605 3640
645 3340
649 43240
678 43240
685 2500
689 16900
718 16900
725 14200
729 4040
758 4040
765 2680
769 4860
798 4860
805 4400
809 3960
838 3960
845 3660
849 9480
878 9480
885 25840
889 3640
918 3640
925 5340
929 3340
958 3340
965 6400
969 2500
998 2500
1000 43240
1005 3460
1007 43240
1009 14200
1038 14200
1040 16900
1045 21220
1047 16900
1049 2680
1078 2680
1080 4040
1085 4820
1087 4040
1089 4400
1118 4400
1120 4860
1125 4340
1127 4860
1129 3660
1158 3660
1160 3960
1165 2680
1167 3960
1169 25840
1198 25840
1200 9480
1205 23880
1207 9480
1209 5340
1238 5340
1240 3640
1245 3760
1247 3640
1249 6400
1278 6400
1280 3340
1285 4520
1287 3340
1289 3460
1318 3460
1320 2500
1325 4560
1327 2500
1329 21220
1358 21220
1360 14200
1365 22420
1367 14200
1369 4820
1398 4820
1400 2680
1405 4260
1407 2680
1409 4340
1438 4340
1440 4400
1445 2900
1447 4400
1449 2680
1478 2680
1480 3660
1485 2140
1487 3660
1489 23880
1518 23880
1520 25840
1525 6780
1527 25840
1529 3760
1558 3760
1560 5340
1565 3220
1567 5340
1569 4520
1598 4520
1600 6400
1605 3660
1607 6400
1609 4560
1638 4560
1640 3460
1645 85500
1647 3460
1649 22420
1678 22420
1680 21220
1685 28540
1687 21220
1689 4260
1718 4260
1720 4820
1725 6020
1727 4820
1729 2900
1758 2900
1760 4340
1765 8580
1767 4340
1769 2140
1798 2140
1800 2680
1805 5100
1807 2680
1809 6780
1838 6780
1840 23880
1845 16740
1846 43240
1847 23880
1849 3220
1878 3220
1880 3760
1885 5460
1886 16900
1887 3760
1889 3660
1918 3660
1920 4520
1925 5360
1926 4040
1927 4520
1929 85500
1958 85500
1960 4560
1965 3560
1966 4860
1967 4560
1969 28540
1998 28540
2000 22420
2005 19800
2006 3960
2007 22420
2009 6020
2017 43240
2038 6020
2040 4260
2045 4620
2046 9480
2047 4260
2049 8580
2057 16900
2078 8580
2080 2900
2085 6020
2086 3640
2087 2900
2089 5100
2097 4040
2118 5100
2120 2140
2125 4440
2126 3340
2127 2140
2129 16740
2137 4860
2158 16740
2160 6780
2165 24200
2166 2500
2167 6780
2169 5460
2177 3960
2198 5460
2200 3220
2201 43240
2204 43240
2205 4460
2206 14200
2207 3220
2209 5360
2217 9480
2238 5360
2240 3660
2241 16900
2244 16900
2245 7180
2246 2680
2247 3660
2249 3560
2257 3640
2278 3560
2280 85500
2281 4040
2284 4040
2285 49780
2286 4400
2287 85500
2289 19800
2297 3340
2318 19800
2320 28540
2321 4860
2324 4860
2325 40860
2326 3660
2327 28540
2329 4620
2337 2500
2358 4620
2360 6020
2361 3960
2364 3960
2365 10660
2366 25840
2367 6020
2369 6020
2377 14200
2398 6020
2400 51820
2401 9480
2404 9480
2405 11060
2406 5340
2407 8580
2409 4440
2417 2680
2438 4440
2440 22000
2441 3640
2444 3640
2445 7840
2446 49640
2447 5100
2449 24200
2457 4400
2478 24200
2480 20780
2481 3340
2484 3340
2485 38620
2486 20360
2487 16740
2489 4460
2497 3660
2518 4460
2520 10320
2521 2500
2524 2500
2525 9900
2526 25260
2527 5460
2529 7180
2537 25840
2558 7180
2560 9320
2561 14200
2564 14200
2565 11620
2566 9680
2567 5360
2569 6540
2577 5340
2598 6540
2600 13040
2601 2680
2604 2680
2605 8080
2606 8300
2607 3560
2609 23960
2617 6400
2638 23960
2640 23440
2641 4400
2644 4400
2645 38620
2646 12160
2647 19800
2649 6620
2657 3460
2678 6620
2680 7960
2681 3660
2684 3660
2685 8420
2686 27520
2687 4620
2689 6200
2697 21220
2718 6200
2720 8520
2721 25840
2724 25840
2725 11860
2726 7100
2727 6020
2729 3880
2737 4820
2758 3880
2760 18640
2761 5340
2764 5340
2765 8700
2766 7020
2767 4440
2769 29140
2777 4340
2798 29140
2800 26880
2801 6400
2804 6400
2805 35020
2806 18760
2807 24200
2809 6260
2817 2680
2838 6260
2840 8860
2841 3460
2844 3460
2845 10480
2846 25100
2847 4460
2849 8280
2857 23880
2878 8280
2880 10840
2881 21220
2884 21220
2885 12780
2886 8660
2887 7180
2889 5580
2897 3760
2914 43240
2918 5580
2920 32380
2921 4820
2924 4820
2925 117800
2926 6560
2927 6540
2929 24420
2937 4520
2954 16900
2958 24420
2960 29300
2961 4340
2964 4340
2965 47320
2966 24104
