0 0
253 43240
271 43240
293 16900
311 16900
333 4040
351 4040
373 4860
391 4860
413 3960
431 3960
453 9480
471 9480
493 3640
511 3640
533 3340
551 3340
573 2500
591 2500
592 43240
613 14200
631 14200
632 16900
653 2680
671 2680
672 4040
693 4400
711 4400
712 4860
733 3660
751 3660
752 3960
754 43240
773 25840
791 25840
792 9480
794 16900
813 5340
831 5340
832 3640
834 4040
853 6400
871 6400
872 3340
874 4860
893 3460
911 3460
912 2500
914 3960
933 21220
951 21220
952 14200
954 9480
973 4820
991 4820
992 2680
994 3640
1013 4340
1031 4340
1032 4400
1034 3340
1053 2680
1071 2680
1072 3660
1074 2500
1093 23880
1111 23880
1112 25840
1114 14200
1133 3760
1151 3760
1152 5340
1154 2680
1173 4520
1176 43240
1191 4520
1192 6400
1194 4400
1213 4560
1216 16900
1231 4560
1232 3460
1234 3660
1253 22420
1256 4040
1271 22420
1272 21220
1274 25840
1293 4260
1296 4860
1311 4260
1312 4820
1314 5340
1333 2900
1336 3960
1351 2900
1352 4340
1354 6400
1373 2140
1376 9480
1391 2140
1392 2680
1394 3460
1413 6780
1416 3640
1431 6780
1432 23880
1434 21220
1453 3220
1456 3340
1471 3220
1472 3760
1473 43240
1474 4820
1493 3660
1496 2500
1498 43240
1511 3660
1512 4520
1513 16900
1514 4340
1533 85500
1536 14200
1538 16900
1551 85500
1552 4560
1553 4040
1554 2680
1573 28540
1576 2680
1578 4040
1591 28540
1592 22420
1593 4860
1594 23880
1613 6020
1616 4400
1618 4860
1631 6020
1632 4260
1633 3960
1634 3760
1653 8580
1656 3660
1658 3960
1670 43240
1671 8580
1672 2900
1673 9480
1674 4520
1693 5100
1696 25840
1698 9480
1710 16900
1711 5100
1712 2140
1713 3640
1714 4560
1729 43240
1733 16740
1736 5340
1738 3640
1750 4040
1751 16740
1752 6780
1753 3340
1754 22420
1769 16900
1773 5460
1776 6400
1778 3340
1790 4860
1791 5460
1792 3220
1793 2500
1794 4260
1809 4040
1813 5360
1816 3460
1818 2500
1830 3960
1831 5360
1832 3660
1833 14200
1834 2900
1849 4860
1853 3560
1856 21220
1858 14200
1870 9480
1871 3560
1872 85500
1873 2680
1874 2140
1889 3960
1893 19800
1896 4820
1898 2680
1910 3640
1911 19800
1912 28540
1913 4400
1914 6780
1929 9480
1933 4620
1936 4340
1938 4400
1950 3340
1951 4620
1952 6020
1953 3660
1954 3220
1969 3640
1973 6020
1976 2680
1978 3660
1990 2500
1991 6020
1992 8580
1993 25840
1994 3660
2009 3340
2013 4440
2016 23880
2018 25840
2030 14200
2031 4440
2032 5100
2033 5340
2034 85500
2049 2500
2053 24200
2056 3760
2058 5340
2070 2680
2071 24200
2072 16740
2073 6400
2074 28540
2089 14200
2093 4460
2096 4520
2098 6400
2110 4400
2111 4460
2112 5460
2113 3460
2114 6020
2129 2680
2133 7180
2136 4560
2138 3460
2150 3660
2151 7180
2152 5360
2153 21220
2154 8580
2169 4400
2173 6540
2176 22420
2178 21220
2190 25840
2191 6540
2192 3560
2193 4820
2194 5100
2209 3660
2213 23960
2216 4260
2218 4820
2230 5340
2231 23960
2232 19800
2233 4340
2234 16740
2249 25840
2253 6620
2256 2900
2258 4340
2270 6400
2271 6620
2272 4620
2273 2680
2274 5460
2289 5340
2293 6200
2296 2140
2298 2680
2310 3460
2311 6200
2312 6020
2313 23880
2314 5360
2329 6400
2333 3880
2336 6780
2338 23880
2350 21220
2351 3880
2352 4440
2353 3760
2354 3560
2369 3460
2373 29140
2376 3220
2378 3760
2390 4820
2391 29140
2392 24200
2393 4520
2394 19800
2409 21220
2413 6260
2416 3660
2418 4520
2430 4340
2431 6260
2432 4460
2433 4560
2434 4620
2449 4820
2453 8280
2456 85500
2458 4560
2470 2680
2471 8280
2472 7180
2473 22420
2474 6020
2489 4340
2493 5580
2496 28540
2498 22420
2510 23880
2511 5580
2512 6540
2513 4260
2514 4440
2529 2680
2533 24420
2536 6020
2538 4260
2550 3760
2551 24420
2552 23960
2553 2900
2554 24200
2569 23880
2573 5740
2576 8580
2578 2900
2590 4520
2591 5740
2592 6620
2593 2140
2594 4460
2609 3760
2613 7460
2616 5100
2618 2140
2630 4560
2631 7460
2632 6200
2633 6780
2634 7180
2649 4520
2653 5040
2656 16740
2658 6780
2670 22420
2671 5040
2672 3880
2673 3220
2674 6540
2686 43240
2689 4560
2693 9180
2696 5460
2698 3220
2710 4260
2711 9180
2712 29140
2713 3660
2714 23960
2726 16900
2729 22420
2733 5140
2736 5360
2738 3660
2750 2900
2751 5140
2752 6260
2753 85500
2754 6620
2766 4040
2769 4260
2773 6380
2776 3560
2778 85500
2790 2140
2791 6380
2792 8280
2793 28540
2794 6200
2806 4860
2809 2900
2813 114340
2816 19800
2818 28540
2830 6780
2831 114340
2832 5580
2833 6020
2834 3880
2846 3960
2849 2140
2853 26100
2856 4620
2858 6020
2870 3220
2871 26100
2872 24420
2873 8580
2874 29140
2886 9480
2889 6780
2893 6000
2896 6020
2898 8580
2910 3660
2911 6000
2912 5740
2913 5100
2914 6260
2926 3640
2929 3220
2933 9080
2936 4440
2938 5100
2950 85500
2951 9080
2952 7460
2953 16740
2954 8280
2966 3340
2969 3660
2973 5860
2976 24200
2978 16740
2990 28540
2991 5860
2992 5040
2993 1092
