0 0
792 43240
832 16900
872 4040
902 43240
912 4860
942 16900
952 3960
982 4040
992 9480
1022 4860
1032 3640
1062 3960
1072 3340
1102 9480
1112 2500
1142 3640
1152 14200
1182 3340
1192 2680
1203 43240
1222 2500
1232 4400
1243 16900
1262 14200
1272 3660
1283 4040
1302 2680
1312 25840
1320 43240
1323 4860
1342 4400
1352 5340
1360 16900
1363 3960
1382 3660
1392 6400
1400 4040
1403 9480
1408 43240
1422 25840
1432 3460
1440 4860
1443 3640
1448 16900
1462 5340
1472 21220
1480 3960
1483 3340
1488 4040
1490 43240
1502 6400
1512 4820
1520 9480
1523 2500
1528 4860
1530 16900
1542 3460
1552 4340
1560 3640
1563 14200
1568 3960
1570 4040
1582 21220
1592 2680
1600 3340
1603 2680
1608 9480
1610 4860
1622 4820
1632 23880
1640 2500
1643 4400
1648 3640
1650 3960
1662 4340
1672 3760
1680 14200
1683 3660
1688 3340
1690 9480
1702 2680
1712 4520
1720 2680
1723 25840
1728 2500
1730 3640
1742 23880
1752 4560
1760 4400
1763 5340
1768 14200
1770 3340
1782 3760
1792 22420
1800 3660
1803 6400
1808 2680
1810 2500
1822 4520
1832 4260
1840 25840
1843 3460
1848 4400
1850 14200
1862 4560
1872 2900
1880 5340
1883 21220
1888 3660
1890 2680
1902 22420
1912 2140
1920 6400
1923 4820
1928 25840
1930 4400
1942 4260
1952 6780
1960 3460
1963 4340
1968 5340
1970 3660
1982 2900
1992 3220
2000 21220
2003 2680
2008 6400
2010 25840
2022 2140
2032 3660
2040 4820
2043 23880
2048 3460
2050 5340
2062 6780
2072 85500
2080 4340
2083 3760
2088 21220
2090 6400
2102 3220
2112 28540
2120 2680
2123 4520
2128 4820
2130 3460
2142 46900
2152 6020
2160 23880
2163 4560
2168 4340
2170 21220
2182 102400
2192 8580
2200 3760
2203 22420
2208 2680
2210 4820
2222 32580
2232 5100
2240 4520
2242 43240
2243 4260
2248 23880
2250 4340
2262 10880
2272 16740
2280 4560
2282 16900
2283 2900
2288 3760
2290 2680
2299 43240
2302 12540
2312 5460
2320 22420
2322 4040
2323 2140
2328 4520
2330 23880
2339 16900
2342 14580
2352 5360
2360 4260
2362 4860
2363 50020
2368 4560
2370 3760
2379 4040
2382 20380
2392 3560
2400 2900
2402 3960
2403 20120
2408 22420
2410 4520
2419 4860
2422 8800
2432 19800
2440 2140
2442 9480
2443 7700
2448 4260
2450 4560
2459 3960
2462 7860
2472 4620
2480 6780
2482 3640
2483 90360
2488 2900
2490 22420
2499 9480
2502 17760
2512 6020
2520 3220
2522 3340
2523 32500
2528 2140
2530 4260
2539 3640
2542 22480
2552 4440
2560 3660
2562 2500
2563 15500
2568 6780
2570 2900
2579 3340
2582 9020
2592 24200
2600 85500
2602 14200
2603 12220
2608 3220
2610 2140
2619 2500
2622 9680
2632 4460
2640 28540
2642 2680
2643 8440
2648 3660
2650 6780
2659 14200
2662 30280
2672 7180
2680 6020
2682 4400
2683 19240
2688 85500
2690 3220
2699 2680
2702 29540
2712 6540
2720 8580
2722 3660
2723 19660
2728 28540
2730 3660
2739 4400
2742 10860
2752 23960
2760 5100
2762 25840
2763 8040
2768 6020
2770 85500
2779 3660
2782 10640
2792 6620
2800 16740
2802 5340
2803 7960
2808 8580
2810 28540
2819 25840
2822 27760
2832 6200
2840 5460
2842 6400
2843 23460
2845 43240
2848 5100
2850 6020
2853 43240
2859 5340
2862 28780
2872 3880
2880 5360
2882 3460
2883 30460
2885 16900
2888 16740
2890 8580
2893 16900
2899 6400
2902 10960
2912 29140
2920 3560
2922 21220
2923 11360
2925 4040
2928 5460
2930 5100
2933 4040
2939 3460
2942 8880
2952 6260
2960 19800
2962 4820
2963 10840
2965 4860
2968 5360
2970 16740
2973 4860
2979 21220
2982 27760
2992 1656
