0 0
322 43240
330 43240
362 16900
370 16900
402 4040
410 4040
442 4860
450 4860
482 3960
490 3960
522 9480
530 9480
562 3640
570 3640
598 43240
602 3340
610 3340
638 16900
642 2500
650 2500
678 4040
682 14200
690 14200
718 4860
722 2680
730 2680
758 3960
762 4400
770 4400
798 9480
802 3660
810 3660
838 3640
842 25840
850 25840
857 43240
878 3340
882 5340
890 5340
897 16900
918 2500
922 6400
930 6400
937 4040
958 14200
962 3460
970 3460
977 4860
998 2680
1002 21220
1010 21220
1017 3960
1038 4400
1042 4820
1050 4820
1057 9480
1078 3660
1082 4340
1090 4340
1097 3640
1118 25840
1122 2680
1130 2680
1137 3340
1158 5340
1162 23880
1170 23880
1177 2500
1196 43240
1198 6400
1202 3760
1210 3760
1217 14200
1236 16900
1238 3460
1242 4520
1250 4520
1257 2680
1276 4040
1278 21220
1282 4560
1290 4560
1297 4400
1316 4860
1318 4820
1322 22420
1330 22420
1337 3660
1356 3960
1358 4340
1362 4260
1370 4260
1377 25840
1396 9480
1398 2680
1402 2900
1410 2900
1417 5340
1436 3640
1438 23880
1442 2140
1450 2140
1457 6400
1476 3340
1478 3760
1482 6780
1490 6780
1497 3460
1512 43240
1516 2500
1518 4520
1522 3220
1525 43240
1530 3220
1537 21220
1552 16900
1556 14200
1558 4560
1562 3660
1565 16900
1570 3660
1577 4820
1579 43240
1592 4040
1596 2680
1598 22420
1602 85500
1605 4040
1610 85500
1617 4340
1619 16900
1632 4860
1636 4400
1638 4260
1642 28540
1645 4860
1650 28540
1657 2680
1659 4040
1672 3960
1676 3660
1678 2900
1682 6020
1685 3960
1690 6020
1697 23880
1699 4860
1712 9480
1716 25840
1718 2140
1722 8580
1725 9480
1730 8580
1737 3760
1739 3960
1752 3640
1756 5340
1758 6780
1762 5100
1765 3640
1770 5100
1777 4520
1779 9480
1792 3340
1796 6400
1798 3220
1802 16740
1805 3340
1810 16740
1817 4560
1819 3640
1832 2500
1836 3460
1838 3660
1842 5460
1845 2500
1850 5460
1857 22420
1859 3340
1872 14200
1876 21220
1878 85500
1882 5360
1885 14200
1890 5360
1897 4260
1899 2500
1912 2680
1916 4820
1918 28540
1922 3560
1925 2680
1930 3560
1937 2900
1939 14200
1952 4400
1956 4340
1958 6020
1962 19800
1965 4400
1970 19800
1977 2140
1979 2680
1992 3660
1996 2680
1998 8580
2002 4620
2005 3660
2010 4620
2017 6780
2019 4400
2032 25840
2036 23880
2038 5100
2042 6020
2045 25840
2050 6020
2057 3220
2059 3660
2072 5340
2076 3760
2078 16740
2082 4440
2085 5340
2090 4440
2097 3660
2099 69080
2112 6400
2116 4520
2118 5460
2122 24200
2125 6400
2130 24200
2137 85500
2139 22240
2152 3460
2156 4560
2158 5360
2162 4460
2165 3460
2170 4460
2177 28540
2179 10440
2192 21220
2196 22420
2198 3560
2202 7180
2205 21220
2210 7180
2217 49260
2219 8320
2232 4820
2236 4260
2238 19800
2242 6540
2245 4820
2250 6540
2257 25480
2259 25180
2272 4340
2276 2900
2278 4620
2282 23960
2285 4340
2290 23960
2297 9140
2299 14300
2312 2680
2316 2140
2318 6020
2322 6620
2325 2680
2330 6620
2337 21600
2339 7980
2352 23880
2356 6780
2358 4440
2362 6200
2365 23880
2370 6200
2377 9420
2379 6020
2392 3760
2396 3220
2398 24200
2402 3880
2405 3760
2410 3880
2417 14840
2419 26380
2432 4520
2436 3660
2438 4460
2442 29140
2445 4520
2450 29140
2457 7200
2459 17960
2472 4560
2476 85500
2478 7180
2482 6260
2485 4560
2490 6260
2497 23140
2499 7200
2512 22420
2516 28540
2518 6540
2522 8280
2525 22420
2530 8280
2537 7120
2539 8960
2552 4260
2556 6020
2558 23960
2562 5580
2565 4260
2570 5580
2577 20220
2579 26080
2592 2900
2596 8580
2598 6620
2602 24420
2605 2900
2610 24420
2617 7120
2619 30100
2632 2140
2636 5100
2638 6200
2642 5740
2645 2140
2650 5740
2657 28600
2659 8240
2672 6780
2676 16740
2678 3880
2682 7460
2685 6780
2690 7460
2697 8120
2699 8540
2712 3220
2716 5460
2718 29140
2722 5040
2725 3220
2730 5040
2737 33020
2739 10240
2752 3660
2756 5360
2758 6260
2762 9180
2765 3660
2770 9180
2777 11880
2779 24440
2792 85500
2796 3560
2798 8280
2802 5140
2805 85500
2810 5140
2817 30360
2819 8480
2832 28540
2836 19800
2838 5580
2842 6380
2845 28540
2850 6380
2857 10080
2859 89840
2872 6020
2876 4620
2878 24420
2882 114340
2885 6020
2890 114340
2897 27420
2899 31220
2912 8580
2916 6020
2918 5740
2922 26100
2925 8580
2930 26100
2937 8700
2939 29900
2952 5100
2956 4440
2958 7460
2962 6000
2965 5100
2970 6000
2977 33480
2979 1287
