0 0
111 43240
151 16900
191 4040
231 4860
271 47200
311 26380
351 7680
391 8200
431 6460
439 43240
471 23680
479 16900
511 6320
519 4040
551 7740
559 4860
591 6160
599 3960
601 43240
631 40040
639 9480
641 16900
671 8020
679 3640
681 4040
702 43240
711 10800
719 3340
721 4860
731 43240
742 16900
751 7120
759 2500
761 3960
771 16900
782 4040
791 47060
799 14200
801 9480
811 4040
822 4860
831 10160
839 2680
841 3640
851 4860
862 3960
868 43240
871 10740
879 4400
881 3340
891 3960
902 9480
908 16900
911 6140
919 3660
921 2500
931 9480
939 43240
942 3640
948 4040
951 45100
959 25840
961 14200
971 3640
979 16900
982 3340
988 4860
991 8580
999 5340
1001 2680
1011 3340
1019 4040
1022 2500
1028 3960
1031 8860
1039 6400
1041 4400
1051 2500
1059 4860
1062 14200
1068 9480
1071 7240
1075 43240
1079 3460
1081 3660
1091 14200
1099 3960
1102 2680
1108 3640
1111 46300
1115 16900
1119 21220
1121 25840
1131 2680
1139 9480
1142 4400
1148 3340
1151 8020
1155 4040
1159 4820
1161 5340
1171 4400
1179 3640
1182 3660
1188 2500
1191 7420
1195 4860
1199 4340
1201 6400
1211 3660
1219 3340
1222 25840
1228 14200
1231 6700
1235 3960
1239 2680
1241 3460
1251 25840
1259 2500
1262 5340
1268 2680
1271 29200
1275 9480
1279 23880
1281 21220
1291 5340
1299 14200
1302 6400
1308 4400
1311 7480
1315 3640
1319 3760
1321 4820
1331 6400
1339 2680
1342 3460
1348 3660
1351 6560
1355 3340
1359 4520
1361 4340
1371 3460
1379 4400
1382 21220
1388 25840
1391 87640
1395 2500
1399 4560
1401 2680
1411 21220
1419 3660
1422 4820
1428 5340
1431 35320
1435 14200
1439 22420
1441 23880
1451 4820
1459 25840
1462 4340
1468 6400
1471 9240
1475 2680
1479 4260
1481 3760
1491 4340
1499 5340
1502 2680
1508 3460
1511 12240
1515 4400
1519 2900
1521 4520
1531 2680
1539 6400
1542 23880
1548 21220
1551 90600
1555 3660
1559 2140
1561 4560
1571 23880
1579 3460
1582 3760
1588 4820
1591 45280
1595 69080
1599 6780
1601 22420
1611 3760
1619 21220
1622 4520
1628 4340
1631 11480
1635 22240
1638 43240
1639 3220
1641 4260
1651 4520
1659 4820
1662 4560
1668 2680
1671 13940
1675 10440
1678 16900
1679 3660
1681 2900
1691 4560
1699 4340
1702 22420
1708 23880
1711 8660
1715 8320
1718 4040
1719 85500
1721 2140
1731 22420
1739 2680
1742 4260
1748 3760
1751 36540
1755 25180
1758 4860
1759 28540
1761 6780
1771 4260
1779 23880
1782 2900
1788 4520
1791 10080
1795 14300
1798 3960
1799 6020
1801 3220
1811 2900
1819 3760
1822 2140
1828 4560
1831 11380
1835 7980
1838 9480
1839 8580
1841 46900
1851 2140
1859 4520
1862 6780
1868 22420
1871 8000
1875 6020
1878 3640
1879 5100
1881 102400
1891 6780
1899 4560
1902 3220
1908 4260
1911 44000
1915 26380
1918 3340
1919 16740
1921 32580
1931 3220
1934 43240
1939 22420
1942 3660
1948 2900
1951 52320
1955 17960
1958 2500
1959 5460
1961 10880
1971 3660
1974 16900
1979 4260
1982 85500
1988 2140
1991 30100
1995 7200
1998 14200
1999 5360
2001 12540
2011 85500
2014 4040
2019 2900
2022 28540
2028 6780
2031 15020
2035 8960
2038 2680
2039 3560
2041 14580
2051 28540
2054 4860
2059 2140
2062 6020
2068 3220
2071 53020
2075 26080
2078 4400
2079 19800
2081 20380
2091 6020
2094 3960
2099 6780
2102 8580
2108 3660
2111 15040
2115 30100
2118 3660
2119 4620
2121 8800
2131 8580
2134 9480
2139 3220
2142 5100
2148 85500
2151 22860
2155 8240
2158 25840
2159 6020
2161 7860
2171 5100
2174 3640
2179 3660
2182 16740
2188 28540
2191 14060
2195 8540
2198 5340
2199 4440
2201 17760
2211 16740
2214 3340
2219 85500
2222 5460
2228 6020
2231 56440
2235 10240
2238 6400
2239 24200
2241 22480
2251 5460
2254 2500
2259 28540
2262 5360
2268 8580
2271 15380
2275 24440
2278 3460
2279 4460
2281 9020
2291 5360
2294 14200
2299 6020
2302 3560
2308 5100
2311 28680
2315 8480
2318 21220
2319 7180
2321 9680
2331 3560
2334 2680
2339 8580
2342 19800
2348 16740
2351 12140
2355 89840
2358 4820
2359 6540
2361 30280
2371 19800
2374 4400
2379 5100
2382 4620
2388 5460
2391 57960
2395 31220
2398 4340
2399 23960
2401 29540
2411 4620
2414 3660
2419 16740
2422 6020
2428 5360
2431 15660
2435 29900
2438 2680
2439 6620
2441 10860
2451 6020
2454 25840
2459 5460
2462 4440
2468 3560
2471 41580
2475 12340
2478 23880
2479 6200
2481 10640
2491 4440
2494 5340
2499 5360
2502 24200
2508 19800
2511 15960
2515 9620
2518 3760
2519 3880
2521 27760
2531 24200
2534 6400
2539 3560
2542 4460
2548 4620
2551 40000
2553 43240
2555 21300
2558 4520
2559 29140
2561 28780
2571 4460
2574 3460
2579 19800
2582 7180
2588 6020
2591 14340
2593 16900
2595 27880
2598 4560
2599 6260
2601 10960
2611 7180
2614 21220
2619 4620
2622 6540
2628 4440
2631 35060
2633 4040
2635 9620
2638 22420
2639 8280
2641 8880
2651 6540
2654 4820
2659 6020
2662 23960
2668 24200
2671 124200
2673 4860
2675 6460
2678 4260
2679 5580
2681 27760
2691 23960
2694 4340
2699 4440
2702 6620
2708 4460
2711 39620
2713 3960
2715 21940
2718 2900
2719 24420
2721 32900
2731 6620
2734 2680
2739 24200
2742 6200
2748 7180
2751 13820
2753 9480
2755 11400
2758 2140
2759 5740
2761 10780
2771 6200
2774 23880
2779 4460
2782 3880
2788 6540
2791 39340
2793 3640
2795 9240
2798 6780
2799 7460
2801 12840
2811 3880
2814 3760
2819 7180
2822 29140
2828 23960
2831 123960
2833 3340
2835 8100
2838 3220
2839 5040
2841 28000
2851 29140
2854 4520
2859 6540
2862 6260
2868 6620
2871 54200
2873 2500
2875 109700
2878 3660
2879 9180
2881 28680
2891 6260
2894 4560
2899 23960
2902 8280
2908 6200
2911 17040
2913 14200
2915 33000
2918 85500
2919 5140
2921 8640
2931 8280
2934 22420
2939 6620
2942 5580
2948 3880
2951 40900
2953 2680
2955 13200
2958 28540
2959 6380
2961 9600
2971 5580
2974 4260
2979 6200
2982 24420
2988 29140
2991 17320
2993 4400
2995 15120
2998 6020
2999 108623
