0 0
207 43240
247 16900
287 4040
327 4860
367 3960
407 9480
447 3640
487 3340
527 2500
567 14200
607 2680
647 4400
687 3660
727 25840
764 43240
767 5340
780 43240
804 16900
807 6400
820 16900
842 43240
844 4040
847 3460
860 4040
882 16900
884 4860
887 21220
900 4860
922 4040
924 3960
927 4820
940 3960
962 4860
964 9480
967 4340
980 9480
1002 3960
1004 3640
1007 2680
1020 3640
1042 9480
1044 3340
1047 23880
1060 3340
1082 3640
1084 2500
1087 3760
1100 2500
1122 3340
1124 14200
1127 4520
1140 14200
1162 2500
1164 2680
1167 47800
1180 2680
1202 14200
1204 4400
1207 39320
1220 4400
1242 2680
1244 3660
1247 8300
1260 3660
1282 4400
1284 25840
1287 7760
1300 25840
1322 3660
1324 5340
1327 6100
1340 5340
1362 25840
1364 6400
1367 16260
1380 6400
1402 5340
1404 3460
1407 6860
1420 3460
1442 6400
1444 21220
1447 7000
1460 21220
1482 3460
1484 4820
1487 88000
1500 4820
1522 21220
1524 4340
1527 42740
1540 4340
1562 4820
1564 2680
1567 8700
1580 2680
1583 43240
1602 4340
1604 23880
1607 12980
1620 23880
1623 16900
1642 2680
1644 3760
1647 8760
1660 3760
1663 4040
1682 23880
1684 4520
1687 42580
1700 4520
1703 4860
1722 3760
1724 4560
1727 10800
1740 4560
1743 3960
1762 4520
1764 22420
1767 11760
1780 22420
1783 9480
1802 47800
1804 4260
1807 7020
1820 4260
1823 3640
1842 39320
1844 2900
1847 41020
1860 2900
1863 3340
1882 8300
1884 2140
1887 9440
1900 2140
1903 2500
1922 7760
1924 6780
1927 10360
1940 6780
1943 14200
1962 6100
1964 3220
1967 7120
1980 3220
1983 2680
2002 16260
2004 3660
2007 48080
2020 3660
2023 4400
2042 6860
2044 85500
2047 8220
2060 85500
2063 3660
2082 7000
2084 28540
2087 11700
2100 28540
2103 25840
2122 88000
2124 6020
2127 11100
2134 43240
2140 6020
2143 5340
2162 42740
2164 8580
2167 46380
2174 16900
2180 8580
2183 6400
2202 8700
2204 5100
2207 10880
2214 4040
2220 5100
2223 3460
2242 12980
2244 16740
2247 9100
2254 4860
2260 16740
2263 21220
2282 8760
2284 5460
2287 6020
2294 3960
2300 5460
2303 4820
2322 42580
2324 5360
2327 35920
2334 9480
2340 5360
2343 4340
2362 10800
2364 3560
2367 9480
2374 3640
2380 3560
2383 2680
2402 11760
2404 19800
2407 11940
2414 3340
2420 19800
2423 23880
2442 7020
2444 4620
2447 91080
2454 2500
2460 4620
2463 3760
2482 41020
2484 6020
2487 52960
2494 14200
2500 6020
2503 4520
2522 9440
2524 4440
2527 11760
2534 2680
2540 4440
2543 4560
2562 10360
2564 24200
2567 16040
2574 4400
2580 24200
2583 22420
2602 7120
2604 4460
2607 10140
2614 3660
2620 4460
2623 4260
2642 48080
2644 7180
2647 25920
2654 25840
2660 7180
2663 2900
2682 8220
2684 6540
2687 10600
2694 5340
2700 6540
2703 2140
2722 11700
2724 23960
2727 11740
2734 6400
2740 23960
2743 6780
2762 11100
2764 6620
2767 161140
2774 3460
2780 6620
2783 3220
2802 46380
2803 43240
2804 6200
2807 62800
2814 21220
2816 43240
2820 6200
2823 3660
2842 10880
2843 16900
2844 3880
2847 14660
2854 4820
2856 16900
2860 3880
2863 85500
2882 9100
2883 4040
2884 29140
2887 19960
2894 4340
2896 4040
2900 29140
2903 28540
2922 6020
2923 4860
2924 6260
2927 14260
2934 2680
2936 4860
2940 6260
2943 6020
2962 35920
2963 3960
2964 8280
2967 57260
