0 0
267 43240
307 16900
347 4040
387 4860
427 3960
467 9480
507 3640
547 3340
587 2500
627 14200
667 2680
707 4400
747 3660
779 43240
787 25840
819 16900
827 5340
859 4040
867 6400
899 4860
907 3460
939 3960
947 21220
979 9480
987 4820
1011 43240
1019 3640
1027 4340
1044 43240
1051 16900
1059 3340
1067 2680
1084 16900
1091 4040
1099 2500
1104 43240
1107 23880
1124 4040
1131 4860
1139 14200
1144 16900
1147 3760
1164 4860
1171 3960
1179 2680
1184 47280
1187 4520
1204 3960
1211 9480
1219 4400
1224 21760
1227 4560
1244 9480
1251 3640
1259 3660
1264 8000
1267 22420
1284 3640
1291 3340
1299 25840
1304 14340
1307 4260
1311 43240
1324 3340
1331 2500
1339 5340
1344 7600
1347 2900
1351 16900
1364 2500
1371 14200
1379 6400
1384 12820
1387 2140
1391 4040
1404 14200
1411 2680
1419 3460
1424 6140
1427 6780
1431 4860
1444 2680
1451 4400
1459 21220
1464 17540
1467 3220
1471 3960
1484 4400
1491 3660
1499 4820
1504 5180
1507 3660
1511 9480
1524 3660
1531 25840
1539 4340
1544 18600
1547 85500
1551 3640
1564 25840
1571 5340
1579 2680
1584 6340
1587 28540
1591 3340
1604 5340
1611 6400
1619 23880
1624 30240
1627 6020
1631 2500
1644 6400
1651 3460
1659 3760
1664 9000
1667 8580
1671 14200
1684 3460
1691 21220
1699 4520
1704 32240
1707 5100
1711 2680
1724 21220
1731 4820
1739 4560
1744 8800
1747 16740
1751 4400
1764 4820
1771 4340
1779 22420
1784 27620
1787 5460
1791 3660
1804 4340
1811 2680
1819 4260
1824 8280
1827 5360
1831 25840
1844 2680
1851 23880
1859 2900
1864 25560
1867 3560
1871 5340
1884 23880
1891 3760
1899 2140
1904 7500
1907 19800
1911 6400
1924 3760
1931 4520
1939 6780
1944 28220
1947 4620
1951 3460
1964 4520
1971 4560
1972 43240
1979 3220
1984 6440
1987 6020
1991 21220
2004 4560
2011 22420
2012 16900
2019 3660
2024 28400
2027 4440
2031 4820
2044 22420
2051 4260
2052 4040
2059 85500
2064 8320
2067 24200
2071 4340
2084 4260
2091 2900
2092 4860
2099 28540
2104 26940
2107 4460
2111 2680
2124 2900
2131 2140
2132 3960
2139 6020
2144 8820
2147 7180
2151 23880
2164 2140
2171 6780
2172 9480
2179 8580
2184 25320
2187 6540
2191 3760
2204 6780
2211 3220
2212 3640
2219 5100
2224 6400
2227 23960
2231 4520
2244 3220
2251 3660
2252 3340
2259 16740
2264 9680
2265 43240
2267 6620
2271 4560
2279 43240
2284 3660
2291 85500
2292 2500
2299 5460
2304 5360
2305 16900
2307 6200
2311 22420
2319 16900
2324 85500
2331 28540
2332 14200
2339 5360
2344 10440
2345 4040
2347 3880
2351 4260
2359 4040
2364 28540
2371 6020
2372 2680
2379 3560
2384 88720
2385 4860
2387 29140
2391 2900
2399 4860
2404 6020
2411 8580
2412 4400
2419 19800
2424 32200
2425 3960
2427 6260
2431 2140
2439 3960
2444 8580
2451 5100
2452 3660
2459 4620
2464 91520
2465 9480
2467 8280
2471 6780
2479 9480
2484 5100
2491 16740
2492 25840
2499 6020
2504 37120
2505 3640
2507 5580
2510 43240
2511 3220
2519 3640
2524 16740
2531 5460
2532 5340
2539 4440
2544 11120
2545 3340
2547 24420
2550 16900
2551 3660
2559 3340
2564 5460
2571 5360
2572 6400
2579 24200
2584 25320
2585 2500
2587 5740
2590 4040
2591 85500
2599 2500
2604 5360
2611 3560
2612 3460
2619 4460
2624 10560
2625 14200
2627 7460
2630 4860
2631 28540
2639 14200
2644 3560
2651 19800
2652 21220
2659 7180
2664 22100
2665 2680
2667 5040
2670 3960
2671 6020
2679 2680
2684 19800
2691 4620
2692 4820
2699 6540
2704 9020
2705 4400
2707 9180
2710 9480
2711 8580
2719 4400
2724 4620
2731 6020
2732 4340
2739 23960
2744 25160
2745 3660
2747 5140
2750 3640
2751 5100
2759 3660
2764 6020
2771 4440
2772 2680
2779 6620
2784 8180
2785 25840
2787 6380
2790 3340
2791 16740
2799 25840
2804 4440
2811 24200
2812 23880
2819 6200
2824 25820
2825 5340
2827 114340
2830 2500
2831 5460
2839 5340
2844 24200
2851 4460
2852 3760
2859 3880
2864 9060
2865 6400
2867 26100
2870 14200
2871 5360
2879 6400
2884 4460
2891 7180
2892 4520
2899 29140
2904 30220
2905 3460
2907 6000
2910 2680
2911 3560
2919 3460
2924 7180
2931 6540
2932 4560
2939 6260
2944 8900
2945 21220
2947 9080
2950 4400
2951 19800
2959 21220
2964 6540
2971 23960
2972 22420
2979 8280
2984 31380
2985 4820
