0 0
413 43240
453 16900
493 4040
533 4860
573 3960
613 9480
653 3640
667 43240
693 3340
707 16900
733 2500
747 4040
749 43240
773 14200
787 4860
789 16900
813 2680
827 3960
829 4040
853 4400
867 9480
869 4860
893 3660
907 3640
909 3960
915 43240
933 25840
947 3340
949 9480
955 16900
973 5340
987 2500
989 3640
995 4040
1013 6400
1027 14200
1029 3340
1035 4860
1053 3460
1067 2680
1069 2500
1075 3960
1093 21220
1107 4400
1109 14200
1115 9480
1133 4820
1147 3660
1149 2680
1155 3640
1173 4340
1187 25840
1189 4400
1195 3340
1213 2680
1227 5340
1229 3660
1235 2500
1253 23880
1267 6400
1269 25840
1275 14200
1293 3760
1304 43240
1307 3460
1309 5340
1315 2680
1333 4520
1344 16900
1347 21220
1349 6400
1355 4400
1373 4560
1384 4040
1387 4820
1389 3460
1395 3660
1413 22420
1424 4860
1427 4340
1429 21220
1435 25840
1453 4260
1462 43240
1464 3960
1467 2680
1469 4820
1475 5340
1493 2900
1502 16900
1504 9480
1507 23880
1509 4340
1515 6400
1526 43240
1533 2140
1542 4040
1544 3640
1547 3760
1549 2680
1555 3460
1566 16900
1573 6780
1582 4860
1584 3340
1587 4520
1589 23880
1595 21220
1606 4040
1613 3220
1622 3960
1624 2500
1627 4560
1629 3760
1635 4820
1646 4860
1648 43240
1653 3660
1662 9480
1664 14200
1667 22420
1669 4520
1675 4340
1686 3960
1688 16900
1693 85500
1702 3640
1704 2680
1707 4260
1709 4560
1715 2680
1726 9480
1728 4040
1733 28540
1742 3340
1744 4400
1747 2900
1749 22420
1755 23880
1766 3640
1768 4860
1773 6020
1782 2500
1784 3660
1787 2140
1789 4260
1795 3760
1806 3340
1808 3960
1813 8580
1822 14200
1824 25840
1827 6780
1829 2900
1835 4520
1846 2500
1848 9480
1853 5100
1862 2680
1864 5340
1867 3220
1869 2140
1875 4560
1886 14200
1888 3640
1890 43240
1893 16740
1902 4400
1904 6400
1907 3660
1909 6780
1915 22420
1926 2680
1928 3340
1930 16900
1933 5460
1942 3660
1944 3460
1947 85500
1949 3220
1955 4260
1966 4400
1968 2500
1970 4040
1973 5360
1982 25840
1984 21220
1987 28540
1989 3660
1995 2900
2006 3660
2008 14200
2010 4860
2013 3560
2022 5340
2024 4820
2027 6020
2029 85500
2035 2140
2046 25840
2048 2680
2050 3960
2053 19800
2062 6400
2064 4340
2067 8580
2069 28540
2075 6780
2086 5340
2088 4400
2090 9480
2093 4620
2102 3460
2104 2680
2107 5100
2109 6020
2115 3220
2126 6400
2128 3660
2130 3640
2133 6020
2142 21220
2144 23880
2147 16740
2149 8580
2155 3660
2166 3460
2168 25840
2170 3340
2173 4440
2182 4820
2184 3760
2187 5460
2189 5100
2195 85500
2206 21220
2208 5340
2210 2500
2213 24200
2222 4340
2224 4520
2227 5360
2229 16740
2235 28540
2246 4820
2248 6400
2250 14200
2253 4460
2262 2680
2264 4560
2267 3560
2269 5460
2275 6020
2286 4340
2288 3460
2290 2680
2293 7180
2302 23880
2304 22420
2307 19800
2309 5360
2315 8580
2326 2680
2328 21220
2330 4400
2333 6540
2342 3760
2344 4260
2347 4620
2349 3560
2355 5100
2366 23880
2368 4820
2370 3660
2373 23960
2382 4520
2384 2900
2387 6020
2389 19800
2395 16740
2406 3760
2408 4340
2410 25840
2413 6620
2422 4560
2424 2140
2427 4440
2429 4620
2435 5460
2446 4520
2448 2680
2450 5340
2453 6200
2462 22420
2464 6780
2467 24200
2469 6020
2475 5360
2486 4560
2488 23880
2490 6400
2493 3880
2502 4260
2504 3220
2507 4460
2509 4440
2515 3560
2526 22420
2528 3760
2530 3460
2533 29140
2542 2900
2544 3660
2547 7180
2549 24200
2555 19800
2566 4260
2568 4520
2570 21220
2573 6260
2582 2140
2584 85500
2587 6540
2589 4460
2595 4620
2606 2900
2608 4560
2610 4820
2613 8280
2622 6780
2624 28540
2627 23960
2629 7180
2635 6020
2646 2140
2648 22420
2650 4340
2653 5580
2662 3220
2664 6020
2667 6620
2669 6540
2675 4440
2686 6780
2688 4260
2690 2680
2693 24420
2702 3660
2704 8580
2707 6200
2709 23960
2715 24200
2726 3220
2728 2900
2730 23880
2733 5740
2742 85500
2744 5100
2747 3880
2749 6620
2755 4460
2766 3660
2768 2140
2770 3760
2773 7460
2782 28540
2784 16740
2787 29140
2789 6200
2795 7180
2806 85500
2808 6780
2810 4520
2813 5040
2822 6020
2824 5460
2827 6260
2829 3880
2835 6540
2846 28540
2848 3220
2850 4560
2853 9180
2862 8580
2864 5360
2867 8280
2869 29140
2875 23960
2886 6020
2888 3660
2890 22420
2893 5140
2902 5100
2904 3560
2907 5580
2909 6260
2915 6620
2926 8580
2928 85500
2930 4260
2933 6380
2942 16740
2944 19800
2947 24420
2949 8280
2955 6200
2966 5100
2968 28540
2970 2900
2973 114340
2982 5460
2984 4620
2987 5740
2989 4743
