0 0
549 43240
589 16900
629 4040
669 4860
709 3960
749 9480
765 43240
789 3640
805 16900
829 3340
845 4040
869 2500
885 4860
894 43240
909 14200
925 3960
934 16900
949 2680
965 9480
974 4040
989 4400
995 43240
1005 3640
1014 4860
1029 3660
1035 16900
1045 3340
1054 3960
1069 25840
1075 4040
1085 2500
1094 9480
1109 5340
1115 4860
1125 14200
1134 3640
1149 6400
1155 3960
1165 2680
1174 3340
1189 3460
1195 9480
1205 4400
1214 2500
1229 21220
1235 3640
1245 3660
1254 14200
1269 4820
1275 3340
1285 25840
1294 2680
1309 4340
1315 2500
1325 5340
1334 4400
1349 2680
1355 14200
1365 6400
1374 3660
1389 23880
1395 2680
1405 3460
1414 25840
1429 3760
1435 4400
1445 21220
1454 5340
1469 4520
1475 3660
1485 4820
1494 6400
1509 4560
1515 25840
1525 4340
1534 3460
1549 22420
1555 5340
1565 2680
1574 21220
1577 43240
1588 43240
1589 4260
1595 6400
1605 23880
1614 4820
1617 16900
1628 16900
1629 2900
1635 3460
1645 3760
1654 4340
1657 4040
1668 4040
1669 2140
1675 21220
1685 4520
1694 2680
1697 4860
1708 4860
1709 6780
1715 4820
1725 4560
1734 23880
1737 3960
1748 3960
1749 3220
1755 4340
1765 22420
1774 3760
1777 9480
1788 9480
1789 3660
1795 2680
1805 4260
1814 4520
1817 3640
1828 3640
1829 85500
1835 23880
1845 2900
1854 4560
1857 3340
1868 3340
1869 28540
1875 3760
1885 2140
1894 22420
1897 2500
1908 2500
1909 6020
1915 4520
1925 6780
1934 4260
1937 14200
1948 14200
1949 8580
1955 4560
1965 3220
1974 2900
1977 2680
1988 2680
1989 5100
1995 22420
2005 3660
2014 2140
2017 4400
2028 4400
2029 16740
2035 4260
2045 85500
2054 6780
2057 3660
2068 3660
2069 5460
2075 2900
2085 28540
2094 3220
2097 25840
2108 25840
2109 5360
2115 2140
2125 6020
2134 3660
2137 5340
2148 5340
2149 3560
2155 6780
2165 8580
2174 85500
2177 6400
2188 6400
2189 19800
2195 3220
2205 5100
2214 28540
2217 3460
2228 3460
2229 4620
2235 3660
2245 16740
2254 6020
2257 21220
2268 21220
2269 6020
2275 85500
2285 5460
2294 8580
2297 4820
2301 43240
2308 4820
2309 4440
2315 28540
2325 5360
2334 5100
2337 4340
2341 16900
2348 4340
2349 24200
2355 6020
2365 3560
2374 16740
2377 2680
2380 43240
2381 4040
2388 2680
2389 4460
2395 8580
2405 19800
2414 5460
2417 23880
2420 16900
2421 4860
2428 23880
2429 7180
2435 5100
2445 4620
2454 5360
2457 3760
2460 4040
2461 3960
2468 3760
2469 6540
2475 16740
2485 6020
2494 3560
2497 4520
2500 4860
2501 9480
2508 4520
2509 23960
2515 5460
2525 4440
2534 19800
2537 4560
2540 3960
2541 3640
2548 4560
2549 49860
2555 5360
2565 24200
2574 4620
2577 22420
2580 9480
2581 3340
2588 22420
2589 23100
2595 3560
2604 43240
2605 4460
2614 6020
2617 4260
2620 3640
2621 2500
2628 4260
2629 7920
2635 19800
2644 16900
2645 7180
2654 4440
2657 2900
2660 3340
2661 14200
2668 2900
2669 34000
2675 4620
2684 4040
2685 6540
2694 24200
2697 2140
2700 2500
2701 2680
2708 2140
2709 10220
2715 6020
2724 4860
2725 23960
2734 4460
2737 6780
2740 14200
2741 4400
2748 6780
2749 17760
2755 4440
2764 3960
2765 6620
2774 7180
2777 3220
2780 2680
2781 3660
2788 3220
2789 9220
2795 24200
2804 9480
2805 6200
2814 6540
2817 3660
2820 4400
2821 25840
2828 3660
2829 27760
2835 4460
2844 3640
2845 3880
2854 23960
2857 85500
2860 3660
2861 5340
2867 43240
2868 85500
2869 8240
2875 7180
2884 3340
2885 29140
2894 6620
2897 28540
2900 25840
2901 6400
2907 16900
2908 28540
2909 21660
2915 6540
2924 2500
2925 6260
2934 6200
2937 6020
2940 5340
2941 3460
2947 4040
2948 6020
2949 7720
2955 23960
2964 14200
2965 8280
2974 3880
2977 8580
2980 6400
2981 21220
2987 4860
