0 0
181 43240
221 16900
249 43240
261 4040
289 16900
301 4860
329 4040
341 3960
369 4860
381 9480
409 3960
421 3640
449 9480
461 3340
489 3640
501 2500
529 3340
541 14200
569 2500
581 2680
609 14200
621 4400
649 2680
661 3660
689 4400
701 25840
729 3660
741 5340
769 25840
781 6400
795 43240
809 5340
821 3460
835 16900
849 6400
861 21220
875 4040
889 3460
901 4820
915 4860
929 21220
941 4340
955 3960
969 4820
981 2680
995 9480
1009 4340
1021 23880
1035 3640
1049 2680
1061 3760
1075 3340
1089 23880
1101 4520
1115 2500
1129 3760
1141 4560
1155 14200
1169 4520
1181 22420
1195 2680
1209 4560
1221 4260
1235 4400
1249 22420
1261 2900
1275 3660
1289 4260
1301 2140
1315 25840
1329 2900
1341 6780
1355 5340
1369 2140
1381 3220
1395 6400
1409 6780
1421 3660
1435 3460
1449 3220
1461 85500
1475 21220
1489 3660
1500 43240
1501 28540
1515 4820
1529 85500
1540 16900
1541 6020
1555 4340
1569 28540
1580 4040
1581 8580
1595 2680
1609 6020
1620 4860
1621 5100
1635 23880
1649 8580
1660 3960
1661 16740
1675 3760
1689 5100
1700 9480
1701 5460
1715 4520
1729 16740
1740 3640
1741 5360
1755 4560
1769 5460
1780 3340
1781 3560
1795 22420
1809 5360
1820 2500
1821 19800
1835 4260
1849 3560
1860 14200
1861 4620
1875 2900
1889 19800
1900 2680
1901 6020
1915 2140
1929 4620
1940 4400
1941 4440
1955 6780
1969 6020
1980 3660
1981 24200
1995 3220
2009 4440
2020 25840
2021 4460
2035 3660
2049 24200
2060 5340
2061 7180
2075 85500
2089 4460
2100 6400
2101 6540
2115 28540
2129 7180
2140 3460
2141 23960
2155 6020
2169 6540
2180 21220
2181 6620
2195 8580
2209 23960
2220 4820
2221 6200
2235 5100
2249 6620
2260 4340
2261 3880
2275 16740
2289 6200
2300 2680
2301 29140
2315 5460
2328 43240
2329 3880
2340 23880
2341 6260
2355 5360
2368 16900
2369 29140
2380 3760
2381 8280
2395 3560
2408 4040
2409 6260
2420 4520
2421 5580
2435 19800
2440 43240
2448 4860
2449 8280
2460 4560
2461 24420
2475 4620
2480 16900
2488 3960
2489 5580
2500 22420
2501 5740
2515 6020
2520 4040
2528 9480
2529 24420
2540 4260
2541 7460
2555 4440
2560 4860
2568 3640
2569 5740
2580 2900
2581 5040
2595 24200
2600 3960
2608 3340
2609 7460
2620 2140
2621 9180
2635 4460
2640 9480
2648 2500
2649 5040
2660 6780
2661 5140
2675 7180
2680 3640
2688 14200
2689 9180
2700 3220
2701 6380
2715 6540
2720 3340
2728 2680
2729 5140
2740 3660
2741 114340
2755 23960
2760 2500
2768 4400
2769 6380
2780 85500
2781 26100
2795 6620
2800 14200
2808 3660
2809 114340
2820 28540
2821 6000
2835 6200
2840 2680
2848 25840
2849 26100
2860 6020
2861 9080
2875 3880
2880 4400
2888 5340
2889 6000
2900 8580
2901 5860
2912 43240
2915 29140
2920 3660
2928 6400
2929 9080
2940 5100
2941 23580
2952 16900
2955 6260
2960 25840
2968 3460
2969 5860
2980 16740
