0 0
180 43240
198 43240
220 16900
238 16900
260 4040
278 4040
300 4860
318 4860
340 3960
358 3960
366 43240
380 9480
398 9480
406 16900
420 3640
438 3640
446 4040
460 3340
478 3340
486 4860
500 2500
518 2500
526 3960
540 14200
558 14200
566 9480
580 2680
598 2680
606 3640
620 4400
638 4400
646 3340
660 3660
678 3660
686 2500
700 25840
718 25840
726 14200
740 5340
758 5340
766 2680
780 6400
795 43240
798 6400
806 4400
819 43240
820 3460
835 16900
838 3460
846 3660
859 16900
860 21220
875 4040
878 21220
886 25840
899 4040
900 4820
915 4860
918 4820
926 5340
939 4860
940 4340
955 3960
958 4340
966 6400
979 3960
980 2680
995 9480
998 2680
1006 3460
1019 9480
1020 23880
1035 3640
1038 23880
1046 21220
1050 43240
1059 3640
1060 3760
1075 3340
1078 3760
1086 4820
1090 16900
1099 3340
1100 4520
1115 2500
1118 4520
1126 4340
1130 4040
1139 2500
1140 4560
1155 14200
1158 4560
1166 2680
1170 4860
1179 14200
1180 22420
1195 2680
1198 22420
1206 23880
1210 3960
1219 2680
1220 4260
1235 4400
1238 4260
1246 3760
1250 9480
1259 4400
1260 2900
1275 3660
1278 2900
1286 4520
1290 3640
1299 3660
1300 2140
1315 25840
1318 2140
1326 4560
1330 3340
1339 25840
1340 6780
1355 5340
1358 6780
1366 22420
1370 2500
1379 5340
1380 3220
1395 6400
1398 3220
1406 4260
1410 14200
1419 6400
1420 3660
1435 3460
1438 3660
1446 2900
1450 2680
1459 3460
1460 85500
1475 21220
1478 85500
1486 2140
1490 4400
1499 21220
1500 28540
1515 4820
1518 28540
1526 6780
1530 3660
1539 4820
1540 6020
1555 4340
1558 6020
1566 3220
1570 25840
1579 4340
1580 8580
1595 2680
1598 8580
1606 3660
1610 5340
1619 2680
1620 5100
1635 23880
1638 5100
1646 85500
1650 6400
1659 23880
1660 16740
1675 3760
1678 16740
1686 28540
1690 3460
1699 3760
1700 5460
1715 4520
1718 5460
1726 6020
1730 21220
1739 4520
1740 5360
1755 4560
1758 5360
1766 8580
1770 4820
1779 4560
1780 3560
1795 22420
1798 3560
1806 5100
1810 4340
1819 22420
1820 19800
1835 4260
1838 19800
1846 16740
1850 2680
1859 4260
1860 4620
1875 2900
1878 4620
1886 5460
1890 23880
1899 2900
1900 6020
1915 2140
1918 6020
1926 5360
1930 3760
1939 2140
1940 4440
1955 6780
1958 4440
1966 3560
1970 4520
1979 6780
1980 24200
1995 3220
1998 24200
2006 19800
2010 4560
2019 3220
2020 4460
2035 3660
2038 4460
2046 4620
2050 22420
2059 3660
2060 7180
2075 85500
2078 7180
2086 6020
2090 4260
2099 85500
2100 6540
2115 28540
2118 6540
2126 4440
2130 2900
2139 28540
2140 23960
2155 6020
2158 23960
2166 24200
2167 43240
2170 2140
2179 6020
2180 6620
2195 8580
2198 6620
2206 4460
2207 16900
2210 6780
2219 8580
2220 6200
2235 5100
2238 6200
2246 7180
2247 4040
2250 3220
2259 5100
2260 3880
2275 16740
2278 3880
2286 6540
2287 4860
2290 3660
2299 16740
2300 29140
2315 5460
2318 29140
2326 23960
2327 3960
2330 85500
2339 5460
2340 6260
2355 5360
2358 6260
2366 6620
2367 9480
2370 28540
2379 5360
2380 8280
2395 3560
2398 8280
2406 6200
2407 3640
2410 6020
2419 3560
2420 5580
2433 43240
2435 19800
2438 5580
2446 3880
2447 3340
2450 8580
2459 19800
2460 24420
2473 16900
2475 4620
2478 24420
2486 29140
2487 2500
2490 5100
2499 4620
2500 5740
2513 4040
2515 6020
2518 5740
2526 6260
2527 14200
2530 16740
2539 6020
2540 7460
2553 4860
2555 4440
2558 7460
2566 8280
2567 2680
2570 5460
2579 4440
2580 5040
2593 3960
2595 24200
2598 5040
2606 5580
2607 4400
2610 5360
2614 43240
2619 24200
2620 9180
2633 9480
2635 4460
2638 9180
2646 24420
2647 3660
2650 3560
2654 16900
2659 4460
2660 5140
2673 3640
2675 7180
2678 5140
2686 5740
2687 25840
2690 19800
2694 4040
2699 7180
2700 6380
2713 3340
2715 6540
2718 6380
2720 43240
2726 7460
2727 5340
2730 4620
2734 4860
2739 6540
2740 114340
2753 2500
2755 23960
2758 114340
2760 16900
2766 5040
2767 6400
2770 6020
2774 3960
2779 23960
2780 26100
2793 14200
2795 6620
2796 43240
2798 26100
2800 4040
2806 9180
2807 3460
2810 4440
2814 9480
2819 6620
2820 6000
2833 2680
2835 6200
2836 16900
2838 6000
2840 4860
2846 5140
2847 21220
2850 24200
2854 3640
2859 6200
2860 9080
2873 4400
2875 3880
2876 4040
2878 9080
2880 3960
2886 6380
2887 4820
2890 4460
2894 3340
2899 3880
2900 5860
2913 3660
2915 29140
2916 4860
2918 5860
2920 9480
2926 114340
2927 4340
2930 7180
2934 2500
2939 29140
2940 23580
2953 25840
2955 6260
2956 3960
2958 23580
2960 3640
2966 26100
2967 2680
2970 6540
2972 43240
2974 14200
2979 6260
