0 0
189 43240
229 16900
233 43240
269 4040
273 16900
309 4860
313 4040
349 3960
353 4860
389 9480
393 3960
429 3640
433 9480
468 43240
469 3340
473 3640
508 16900
509 2500
513 3340
548 4040
549 14200
553 2500
588 4860
589 2680
593 14200
628 3960
629 4400
633 2680
668 9480
669 3660
672 43240
673 4400
708 3640
709 25840
712 16900
713 3660
748 3340
749 5340
752 4040
753 25840
788 2500
789 6400
792 4860
793 5340
828 14200
829 3460
832 3960
833 6400
868 2680
869 21220
872 9480
873 3460
908 47640
909 4820
912 3640
913 21220
948 20560
949 4340
952 3340
953 4820
988 29880
989 2680
992 2500
993 4340
1028 10200
1029 23880
1032 14200
1033 2680
1068 10360
1069 3760
1072 2680
1073 23880
1108 12940
1109 4520
1112 4400
1113 3760
1148 24860
1149 4560
1152 3660
1153 4520
1188 8160
1189 22420
1192 25840
1193 4560
1228 6840
1229 4260
1232 5340
1233 22420
1268 16880
1269 2900
1272 6400
1273 4260
1308 26560
1309 2140
1312 3460
1313 2900
1348 8160
1349 6780
1352 21220
1353 2140
1388 8180
1389 3220
1392 4820
1393 6780
1428 30400
1429 3660
1432 4340
1433 3220
1458 43240
1468 27760
1469 85500
1472 2680
1473 3660
1498 16900
1508 10660
1509 28540
1511 43240
1512 23880
1513 85500
1538 4040
1548 6360
1549 6020
1551 16900
1552 3760
1553 28540
1578 4860
1588 23360
1589 8580
1591 4040
1592 4520
1593 6020
1618 3960
1628 11600
1629 5100
1631 4860
1632 4560
1633 8580
1658 9480
1668 7560
1669 16740
1671 3960
1672 22420
1673 5100
1698 3640
1708 6340
1709 5460
1711 9480
1712 4260
1713 16740
1738 3340
1748 109380
1749 5360
1751 3640
1752 2900
1753 5460
1778 2500
1788 32300
1789 3560
1791 3340
1792 2140
1793 5360
1818 14200
1828 10540
1829 19800
1831 2500
1832 6780
1833 3560
1858 2680
1868 13140
1869 4620
1871 14200
1872 3220
1873 19800
1898 4400
1908 27520
1909 6020
1911 2680
1912 3660
1913 4620
1938 3660
1948 21000
1949 4440
1951 4400
1952 85500
1953 6020
1978 25840
1988 8360
1989 24200
1991 3660
1992 28540
1993 4440
2018 5340
2028 7500
2029 4460
2031 25840
2032 6020
2033 24200
2058 6400
2068 10340
2069 7180
2071 5340
2072 8580
2073 4460
2082 43240
2098 3460
2108 23020
2109 6540
2111 6400
2112 5100
2113 7180
2122 16900
2126 43240
2127 43240
2138 21220
2148 8280
2149 23960
2151 3460
2152 16740
2153 6540
2162 4040
2166 16900
2167 16900
2178 4820
2188 91520
2189 6620
2191 21220
2192 5460
2193 23960
2202 4860
2206 4040
2207 4040
2218 4340
2228 32980
2229 6200
2231 4820
2232 5360
2233 6620
2242 3960
2246 4860
2247 4860
2258 2680
2261 43240
2268 30220
2269 3880
2271 4340
2272 3560
2273 6200
2282 9480
2286 3960
2287 3960
2298 23880
2301 16900
2308 13040
2309 29140
2311 2680
2312 19800
2313 3880
2322 3640
2326 9480
2327 9480
2338 3760
2341 4040
2348 12280
2349 6260
2351 23880
2352 4620
2353 29140
2362 3340
2366 3640
2367 3640
2378 4520
2381 4860
2388 23280
2389 8280
2391 3760
2392 6020
2393 6260
2402 2500
2406 3340
2407 3340
2418 4560
2421 3960
2428 29420
2429 5580
2431 4520
2432 4440
2433 8280
2442 14200
2446 2500
2447 2500
2458 22420
2461 9480
2468 11980
2469 24420
2471 4560
2472 24200
2473 5580
2482 2680
2486 14200
2487 14200
2498 4260
2501 3640
2508 9760
2509 5740
2511 22420
2512 4460
2513 24420
2522 4400
2526 2680
2527 2680
2538 2900
2541 3340
2548 23680
2549 7460
2551 4260
2552 7180
2553 5740
2562 3660
2566 4400
2567 4400
2578 2140
2581 2500
2588 33760
2589 5040
2591 2900
2592 6540
2593 7460
2602 25840
2606 3660
2607 3660
2616 43240
2618 6780
2621 14200
2628 12280
2629 9180
2631 2140
2632 23960
2633 5040
2642 5340
2646 25840
2647 25840
2656 16900
2658 3220
2661 2680
2668 12720
2669 5140
2671 6780
2672 6620
2673 9180
2682 6400
2686 5340
2687 5340
2692 43240
2696 4040
2698 3660
2701 4400
2708 29780
2709 6380
2711 3220
2712 6200
2713 5140
2722 3460
2726 6400
2727 6400
2732 16900
2736 4860
2738 85500
2741 3660
2748 28880
2749 114340
2751 3660
2752 3880
2753 6380
2762 21220
2766 3460
2767 3460
2772 4040
2776 3960
2778 28540
2781 25840
2788 12920
2789 26100
2791 85500
2792 29140
2793 114340
2802 4820
2806 21220
2807 21220
2812 4860
2816 9480
2818 6020
2821 5340
2828 14000
2829 6000
2831 28540
2832 6260
2833 26100
2842 4340
2846 4820
2847 4820
2852 3960
2856 3640
2858 8580
2861 6400
2868 29000
2869 9080
2871 6020
2872 8280
2873 6000
2882 2680
2886 4340
2887 4340
2892 9480
2896 3340
2898 5100
2901 3460
2908 15800
2909 5860
2911 8580
2912 5580
2913 9080
2922 23880
2926 2680
2927 2680
2932 3640
2936 2500
2938 16740
2941 21220
2948 11340
2949 23580
2951 5100
2952 24420
2953 5860
2962 3760
2966 23880
2967 23880
2972 3340
2976 14200
2978 5460
2981 1928
