0 0
389 43240
429 16900
469 4040
509 4860
549 3960
589 9480
629 3640
669 3340
709 2500
749 14200
789 2680
829 4400
859 43240
869 3660
899 16900
909 25840
918 43240
939 4040
949 5340
958 16900
979 4860
989 6400
998 4040
1019 3960
1029 3460
1038 4860
1059 9480
1069 21220
1078 3960
1099 3640
1109 4820
1115 43240
1118 9480
1139 3340
1149 4340
1155 16900
1158 3640
1179 2500
1185 43240
1189 2680
1195 4040
1198 3340
1219 14200
1225 16900
1229 23880
1235 4860
1238 2500
1259 2680
1265 4040
1269 3760
1275 3960
1278 14200
1299 4400
1305 4860
1309 4520
1315 9480
1318 2680
1339 3660
1345 3960
1349 4560
1355 3640
1358 4400
1379 25840
1385 9480
1389 22420
1395 3340
1398 3660
1419 5340
1425 3640
1429 4260
1435 2500
1438 25840
1459 6400
1465 3340
1469 2900
1475 14200
1478 5340
1499 3460
1505 2500
1509 2140
1515 2680
1518 6400
1539 21220
1545 14200
1549 6780
1555 4400
1558 3460
1579 4820
1585 2680
1589 3220
1595 3660
1598 21220
1619 4340
1625 4400
1629 3660
1635 25840
1638 4820
1659 2680
1665 3660
1669 85500
1675 5340
1678 4340
1699 23880
1705 25840
1709 28540
1715 6400
1718 2680
1739 3760
1745 5340
1749 6020
1755 3460
1758 23880
1779 4520
1785 6400
1789 8580
1795 21220
1798 3760
1819 4560
1825 3460
1829 5100
1835 4820
1838 4520
1859 22420
1865 21220
1869 16740
1875 4340
1878 4560
1899 4260
1905 4820
1909 5460
1915 2680
1918 22420
1939 2900
1945 4340
1949 5360
1955 23880
1958 4260
1979 2140
1985 2680
1989 3560
1995 3760
1998 2900
2019 6780
2025 23880
2029 19800
2035 4520
2038 2140
2059 3220
2065 3760
2069 4620
2075 4560
2078 6780
2099 3660
2105 4520
2109 6020
2115 22420
2118 3220
2139 85500
2145 4560
2149 4440
2155 4260
2158 3660
2179 28540
2185 22420
2189 24200
2195 2900
2198 85500
2219 6020
2225 4260
2229 4460
2235 2140
2238 28540
2259 8580
2265 2900
2269 7180
2275 6780
2278 49260
2299 5100
2305 2140
2309 6540
2315 3220
2318 25480
2339 16740
2345 6780
2349 23960
2355 3660
2358 9140
2379 5460
2385 3220
2389 6620
2395 85500
2398 21600
2419 5360
2425 3660
2429 6200
2435 28540
2438 9420
2459 3560
2465 85500
2469 3880
2475 6020
2478 14840
2499 19800
2505 28540
2509 29140
2515 8580
2518 7200
2539 4620
2545 6020
2549 6260
2555 5100
2558 23140
2579 6020
2585 8580
2589 8280
2595 16740
2598 7120
2618 43240
2619 4440
2625 5100
2629 5580
2635 5460
2638 20220
2653 43240
2658 16900
2659 24200
2665 16740
2669 24420
2675 5360
2678 7120
2693 16900
2698 4040
2699 4460
2705 5460
2709 5740
2711 43240
2715 3560
2718 28600
2733 4040
2738 4860
2739 7180
2745 5360
2749 7460
2751 16900
2755 19800
2758 8120
2773 4860
2778 3960
2779 6540
2785 3560
2789 5040
2791 4040
2795 4620
2798 33020
2813 3960
2818 9480
2819 23960
2825 19800
2829 9180
2831 4860
2835 6020
2838 11880
2853 9480
2858 3640
2859 6620
2865 4620
2869 5140
2871 3960
2875 4440
2878 30360
2893 3640
2898 3340
2899 6200
2905 6020
2909 6380
2911 9480
2915 24200
2918 10080
2933 3340
2938 2500
2939 3880
2945 4440
2949 114340
2951 3640
2955 4460
2958 27420
2973 2500
2978 14200
2979 29140
2985 24200
2989 26100
2991 3340
2995 7180
2998 388
