0 0
279 43240
319 16900
359 4040
399 4860
439 3960
479 9480
519 3640
559 46580
599 19400
639 18240
679 7540
719 8360
759 13140
797 43240
799 29480
837 16900
839 8680
877 4040
879 8900
917 4860
919 17660
957 3960
959 23900
997 9480
999 9220
1037 3640
1039 8000
1077 3340
1079 28520
1117 2500
1119 29220
1157 14200
1159 10160
1197 2680
1199 7980
1237 4400
1239 25780
1277 3660
1279 27240
1317 25840
1319 8600
1357 5340
1359 5580
1397 6400
1399 26020
1437 3460
1439 10540
1477 21220
1479 7740
1517 4820
1519 8220
1549 43240
1557 4340
1559 107920
1589 16900
1597 2680
1599 32800
1629 4040
1637 23880
1639 8920
1669 4860
1677 3760
1679 10720
1709 3960
1717 4520
1719 11880
1749 9480
1750 43240
1754 43240
1757 4560
1759 19960
1775 43240
1789 3640
1790 16900
1794 16900
1797 22420
1799 9120
1815 16900
1829 3340
1830 4040
1834 4040
1837 4260
1839 90860
1855 4040
1869 2500
1870 4860
1874 4860
1877 2900
1879 32100
1895 4860
1909 14200
1910 3960
1914 3960
1917 2140
1919 25820
1935 3960
1949 2680
1950 9480
1954 9480
1957 6780
1959 13200
1975 9480
1989 4400
1990 3640
1994 3640
1997 3220
1999 11120
2015 3640
2029 3660
2030 3340
2034 3340
2037 3660
2039 21180
2055 3340
2069 25840
2070 2500
2074 2500
2077 85500
2079 29660
2095 2500
2109 5340
2110 14200
2114 14200
2117 28540
2119 9820
2135 14200
2143 43240
2149 6400
2150 2680
2154 2680
2157 6020
2159 10740
2175 2680
2183 16900
2189 3460
2190 4400
2194 4400
2197 8580
2199 26340
2215 4400
2218 43240
2223 4040
2229 21220
2230 3660
2231 43240
2234 3660
2237 5100
2239 28580
2255 3660
2258 16900
2263 4860
2269 4820
2270 25840
2271 16900
2274 25840
2277 16740
2279 12640
2287 43240
2295 25840
2298 4040
2303 3960
2309 4340
2310 5340
2311 4040
2314 5340
2317 5460
2319 10640
2327 16900
2335 5340
2338 4860
2343 9480
2349 2680
2350 6400
2351 4860
2354 6400
2357 5360
2359 28080
2367 4040
2375 6400
2378 3960
2383 3640
2389 23880
2390 3460
2391 3960
2394 3460
2397 3560
2399 33600
2407 4860
2415 3460
2418 9480
2423 3340
2429 3760
2430 21220
2431 9480
2434 21220
2437 19800
2439 13440
2447 3960
2455 21220
2458 3640
2463 2500
2469 4520
2470 4820
2471 3640
2474 4820
2477 4620
2479 14820
2483 43240
2487 9480
2495 4820
2498 3340
2503 14200
2509 4560
2510 4340
2511 3340
2514 4340
2517 6020
2519 29540
2523 16900
2527 3640
2535 4340
2538 2500
2543 2680
2549 22420
2550 2680
2551 2500
2554 2680
2557 4440
2559 31040
2563 4040
2567 3340
2575 2680
2578 14200
2583 4400
2589 4260
2590 23880
2591 14200
2594 23880
2597 24200
2599 11940
2603 4860
2607 2500
2615 23880
2618 2680
2623 3660
2629 2900
2630 3760
2631 2680
2634 3760
2637 4460
2639 11340
2643 3960
2647 14200
2655 3760
2658 4400
2663 25840
2669 2140
2670 4520
2671 4400
2674 4520
2677 7180
2679 34180
2683 9480
2687 2680
2695 4520
2698 3660
2703 5340
2709 6780
2710 4560
2711 3660
2714 4560
2717 6540
2719 15440
2723 3640
2727 4400
2735 4560
2738 25840
2743 6400
2749 3220
2750 22420
2751 25840
2754 22420
2757 23960
2759 13420
2763 3340
2767 3660
2775 22420
2778 5340
2783 3460
2789 3660
2790 4260
2791 5340
2794 4260
2797 6620
2799 11960
2803 2500
2807 25840
2815 4260
2818 6400
2823 21220
2829 85500
2830 2900
2831 6400
2834 2900
2837 6200
2839 138760
2843 14200
2847 5340
2848 43240
2855 2900
2858 3460
2863 4820
2869 28540
2870 2140
2871 3460
2874 2140
2877 3880
2879 31840
2883 2680
2887 6400
2888 16900
2895 2140
2898 21220
2903 4340
2909 6020
2910 6780
2911 21220
2914 6780
2917 29140
2919 13460
2923 4400
2927 3460
2928 4040
2935 6780
2938 4820
2943 2680
2949 8580
2950 3220
2951 4820
2954 3220
2957 6260
2959 14120
2963 3660
2967 21220
2968 4860
2975 3220
2978 4340
2983 23880
2989 5100
2990 3660
