0 0
105 43240
145 16900
176 43240
185 4040
216 16900
225 4860
256 4040
265 3960
296 4860
305 9480
336 3960
345 3640
376 52720
385 3340
416 20540
425 2500
456 7380
465 14200
496 7360
505 2680
536 18160
545 4400
576 12160
585 3660
616 8040
625 25840
656 7000
665 5340
696 28340
705 6400
736 19540
745 3460
776 9080
785 21220
816 7860
825 4820
856 24880
865 4340
896 30660
905 2680
936 9680
945 23880
976 9080
985 3760
1016 27340
1025 4520
1056 24980
1065 4560
1091 43240
1096 9340
1105 22420
1131 16900
1136 8900
1145 4260
1171 4040
1176 25100
1185 2900
1211 4860
1216 28140
1225 2140
1251 3960
1256 6660
1265 6780
1291 9480
1296 6660
1305 3220
1331 3640
1336 11340
1345 3660
1371 3340
1376 25640
1385 85500
1411 2500
1416 7920
1425 28540
1451 14200
1456 88400
1465 6020
1491 2680
1496 30680
1505 8580
1531 4400
1536 12800
1545 5100
1571 3660
1576 11800
1585 16740
1611 25840
1616 8760
1625 5460
1651 5340
1656 102240
1665 5360
1691 6400
1696 34000
1705 3560
1730 43240
1731 3460
1736 11380
1745 19800
1770 16900
1771 21220
1776 12140
1785 4620
1810 4040
1811 4820
1816 24900
1825 6020
1850 4860
1851 4340
1856 21360
1865 4440
1890 3960
1891 2680
1896 11480
1905 24200
1930 9480
1931 23880
1936 9800
1945 4460
1970 3640
1971 3760
1976 27760
1985 7180
2010 3340
2011 4520
2014 43240
2016 24260
2025 6540
2050 2500
2051 4560
2054 16900
2056 11800
2065 23960
2090 14200
2091 22420
2094 4040
2096 12560
2105 6620
2130 2680
2131 4260
2134 4860
2136 28400
2145 49440
2170 4400
2171 2900
2174 3960
2176 30820
2185 20780
2210 3660
2211 2140
2214 9480
2216 10660
2225 33180
2250 25840
2251 6780
2254 3640
2256 11060
2265 11120
2290 5340
2291 3220
2294 3340
2296 35680
2305 12240
2330 6400
2331 3660
2334 2500
2336 30220
2345 15060
2370 3460
2371 85500
2374 14200
2376 14900
2385 28060
2410 21220
2411 28540
2414 2680
2416 11780
2425 9080
2450 4820
2451 6020
2454 4400
2456 28300
2461 43240
2465 9960
2475 43240
2490 4340
2491 8580
2494 3660
2496 34880
2501 16900
2505 19240
2515 16900
2530 2680
2531 5100
2534 25840
2536 13720
2541 4040
2545 11860
2555 4040
2570 23880
2571 16740
2574 5340
2576 13320
2581 4860
2585 9540
2595 4860
2610 3760
2611 5460
2614 6400
2616 14760
2621 3960
2625 10040
2635 3960
2650 4520
2651 5360
2654 3460
2656 29560
2661 9480
2665 140180
2675 9480
2690 4560
2691 3560
2694 21220
2696 12120
2701 3640
2705 31440
2715 3640
2730 22420
2731 19800
2734 4820
2736 121800
2741 3340
2745 12400
2755 3340
2766 43240
2770 4260
2771 4620
2774 4340
2776 31140
2781 2500
2785 12540
2795 2500
2806 16900
2810 2900
2811 6020
2814 2680
2816 15180
2821 14200
2825 27080
2835 14200
2846 4040
2850 2140
2851 4440
2854 23880
2856 14220
2861 2680
2865 28400
2875 2680
2886 4860
2890 6780
2891 24200
2894 3760
2896 12240
2901 4400
2905 10820
2915 4400
2926 3960
2930 3220
2931 4460
2934 4520
2936 137920
2941 3660
2942 43240
2945 12080
2955 3660
2966 9480
2970 3660
2971 7180
2974 4560
