0 0
242 43240
282 16900
322 4040
362 4860
402 3960
442 9480
482 3640
522 3340
562 2500
602 14200
642 2680
669 43240
682 4400
709 16900
717 43240
722 3660
741 43240
749 4040
757 16900
762 25840
781 16900
789 4860
797 4040
802 5340
821 4040
829 3960
837 4860
842 6400
861 4860
869 9480
877 3960
882 3460
901 3960
909 3640
917 9480
922 21220
941 9480
949 3340
957 3640
962 4820
981 3640
989 2500
997 3340
1002 4340
1021 3340
1029 14200
1037 2500
1042 2680
1061 2500
1069 2680
1077 14200
1082 23880
1101 14200
1109 4400
1117 2680
1122 3760
1141 2680
1149 3660
1157 4400
1162 4520
1181 4400
1189 25840
1197 3660
1202 4560
1221 3660
1229 5340
1230 43240
1237 25840
1242 22420
1261 25840
1269 6400
1270 16900
1277 5340
1282 4260
1301 5340
1309 3460
1310 4040
1317 6400
1322 2900
1341 6400
1349 21220
1350 4860
1357 3460
1362 2140
1381 3460
1389 4820
1390 3960
1397 21220
1402 6780
1421 21220
1429 4340
1430 9480
1437 4820
1442 3220
1461 4820
1469 2680
1470 3640
1477 4340
1482 3660
1501 4340
1509 23880
1510 3340
1517 2680
1522 85500
1541 2680
1549 3760
1550 2500
1557 23880
1562 28540
1581 23880
1589 4520
1590 14200
1597 3760
1602 6020
1621 3760
1629 4560
1630 2680
1637 4520
1642 8580
1661 4520
1669 22420
1670 4400
1677 4560
1682 5100
1701 4560
1709 4260
1710 3660
1717 22420
1722 16740
1741 22420
1749 2900
1750 25840
1757 4260
1762 5460
1781 4260
1789 2140
1790 5340
1797 2900
1802 5360
1821 2900
1829 6780
1830 6400
1837 2140
1842 3560
1861 2140
1869 3220
1870 3460
1877 6780
1882 19800
1901 6780
1909 3660
1910 21220
1917 3220
1922 4620
1941 3220
1949 85500
1950 4820
1957 3660
1962 6020
1981 3660
1989 28540
1990 4340
1997 85500
2002 4440
2021 85500
2029 6020
2030 2680
2037 28540
2042 24200
2061 28540
2069 8580
2070 23880
2077 6020
2082 4460
2101 6020
2109 5100
2110 3760
2117 8580
2122 7180
2141 8580
2149 16740
2150 4520
2157 5100
2162 6540
2181 5100
2189 5460
2190 4560
2197 16740
2202 23960
2221 16740
2229 5360
2230 22420
2237 5460
2242 6620
2261 5460
2269 3560
2270 4260
2277 5360
2282 6200
2301 5360
2309 19800
2310 2900
2317 3560
2322 3880
2341 3560
2349 4620
2350 2140
2357 19800
2362 29140
2367 43240
2381 19800
2389 6020
2390 6780
2397 4620
2402 6260
2407 16900
2421 4620
2429 4440
2430 3220
2437 6020
2442 8280
2447 4040
2461 6020
2469 24200
2470 3660
2477 4440
2482 5580
2487 4860
2501 4440
2509 4460
2510 85500
2517 24200
2522 24420
2527 3960
2541 24200
2549 7180
2550 28540
2557 4460
2562 5740
2567 9480
2581 4460
2589 6540
2590 6020
2597 7180
2602 7460
2607 3640
2615 43240
2621 7180
2629 23960
2630 8580
2637 6540
2642 5040
2647 3340
2655 16900
2661 6540
2669 6620
2670 5100
2677 23960
2682 9180
2687 2500
2695 4040
2699 43240
2701 23960
2709 6200
2710 16740
2717 6620
2722 5140
2727 14200
2735 4860
2739 16900
2741 6620
2749 3880
2750 5460
2757 6200
2762 6380
2767 2680
2775 3960
2779 4040
2781 6200
2789 29140
2790 5360
2797 3880
2802 114340
2805 43240
2807 4400
2815 9480
2819 4860
2821 3880
2829 6260
2830 3560
2837 29140
2842 26100
2845 16900
2847 3660
2855 3640
2859 3960
2861 29140
2869 8280
2870 19800
2877 6260
2882 6000
2885 4040
2887 25840
2895 3340
2899 9480
2901 6260
2909 5580
2910 4620
2917 8280
2922 9080
2925 4860
2927 5340
2935 2500
2939 3640
2941 8280
2949 24420
2950 6020
2957 5580
2962 5860
2965 3960
2967 6400
2975 14200
2979 3340
2981 5580
2989 5740
2990 1776
