0 0
179 43240
219 16900
259 4040
299 4860
339 3960
379 9480
419 3640
459 3340
499 2500
539 14200
579 2680
582 43240
619 4400
622 16900
659 3660
662 4040
699 25840
702 4860
739 5340
742 3960
779 6400
782 9480
819 3460
822 3640
859 21220
862 3340
899 4820
902 2500
939 4340
942 14200
979 2680
982 2680
1019 23880
1022 4400
1059 3760
1062 3660
1099 4520
1102 25840
1139 4560
1142 5340
1179 22420
1182 6400
1195 43240
1210 43240
1213 43240
1219 4260
1222 3460
1235 16900
1250 16900
1253 16900
1259 2900
1262 21220
1275 4040
1289 43240
1290 4040
1293 4040
1299 2140
1302 4820
1315 4860
1329 16900
1330 4860
1333 4860
1339 6780
1342 4340
1355 3960
1369 4040
1370 3960
1373 3960
1379 3220
1382 2680
1395 9480
1409 4860
1410 9480
1413 9480
1419 3660
1422 23880
1435 3640
1449 3960
1450 3640
1453 3640
1459 85500
1462 3760
1475 3340
1476 43240
1489 9480
1490 3340
1493 3340
1499 28540
1502 4520
1515 2500
1516 16900
1529 3640
1530 2500
1533 2500
1539 6020
1542 4560
1555 14200
1556 4040
1569 3340
1570 14200
1573 14200
1579 8580
1582 22420
1595 2680
1596 4860
1609 2500
1610 2680
1613 2680
1619 5100
1622 4260
1635 4400
1636 3960
1649 14200
1650 4400
1653 4400
1659 16740
1662 2900
1675 3660
1676 9480
1689 2680
1690 3660
1693 3660
1699 5460
1702 2140
1715 25840
1716 3640
1729 4400
1730 25840
1733 25840
1739 5360
1741 43240
1742 6780
1755 5340
1756 3340
1769 3660
1770 5340
1773 5340
1779 3560
1781 16900
1782 3220
1795 6400
1796 2500
1809 25840
1810 6400
1813 6400
1819 19800
1821 4040
1822 3660
1835 3460
1836 14200
1849 5340
1850 3460
1853 3460
1859 4620
1861 4860
1862 85500
1875 21220
1876 2680
1889 6400
1890 21220
1893 21220
1899 6020
1901 3960
1902 28540
1915 4820
1916 4400
1929 3460
1930 4820
1933 4820
1939 4440
1941 9480
1942 6020
1955 4340
1956 3660
1969 21220
1970 4340
1973 4340
1979 24200
1981 3640
1982 8580
1995 2680
1996 25840
2005 43240
2009 4820
2010 2680
2013 2680
2019 4460
2021 3340
2022 5100
2035 23880
2036 5340
2045 16900
2049 4340
2050 23880
2053 23880
2057 43240
2059 7180
2061 2500
2062 16740
2075 3760
2076 6400
2085 4040
2089 2680
2090 3760
2093 3760
2097 16900
2099 6540
2101 14200
2102 5460
2115 4520
2116 3460
2125 4860
2129 23880
2130 4520
2133 4520
2137 4040
2139 23960
2141 2680
2142 5360
2155 4560
2156 21220
2165 3960
2169 3760
2170 4560
2173 4560
2177 4860
2179 6620
2181 4400
2182 3560
2195 22420
2196 4820
2205 9480
2209 4520
2210 22420
2213 22420
2217 3960
2219 6200
2221 3660
2222 19800
2235 4260
2236 4340
2245 3640
2249 4560
2250 4260
2253 4260
2257 9480
2259 3880
2261 25840
2262 4620
2275 2900
2276 2680
2285 3340
2289 22420
2290 2900
2293 2900
2297 3640
2299 29140
2301 5340
2302 6020
2315 2140
2316 23880
2325 2500
2329 4260
2330 2140
2333 2140
2337 3340
2339 6260
2341 6400
2342 4440
2355 6780
2356 3760
2365 14200
2369 2900
2370 6780
2373 6780
2377 2500
2379 8280
2381 3460
2382 24200
2395 3220
2396 4520
2405 2680
2409 2140
2410 3220
2413 3220
2417 14200
2419 5580
2421 21220
2422 4460
2435 3660
2436 4560
2445 4400
2449 6780
2450 3660
2453 3660
2457 2680
2459 24420
2461 4820
2462 7180
2475 85500
2476 22420
2485 3660
2489 3220
2490 85500
2493 85500
2497 4400
2499 5740
2501 4340
2502 6540
2515 28540
2516 4260
2525 25840
2529 3660
2530 28540
2533 28540
2537 3660
2539 7460
2541 2680
2542 23960
2555 6020
2556 2900
2565 5340
2569 85500
2570 6020
2573 6020
2577 25840
2579 5040
2581 23880
2582 6620
2595 8580
2596 2140
2605 6400
2609 28540
2610 8580
2613 8580
2617 5340
2619 9180
2621 3760
2622 6200
2635 5100
2636 6780
2645 3460
2649 6020
2650 5100
2653 5100
2657 6400
2659 5140
2661 4520
2662 3880
2675 16740
2676 3220
2684 43240
2685 21220
2689 8580
2690 16740
2693 16740
2697 3460
2699 6380
2701 4560
2702 29140
2715 5460
2716 3660
2724 16900
2725 4820
2729 5100
2730 5460
2733 5460
2737 21220
2739 114340
2741 22420
2742 6260
2755 5360
2756 85500
2763 43240
2764 4040
2765 4340
2769 16740
2770 5360
2773 5360
2777 4820
2779 26100
2781 4260
2782 8280
2795 3560
2796 28540
2803 16900
2804 4860
2805 2680
2809 5460
2810 3560
2813 3560
2817 4340
2819 6000
2821 2900
2822 5580
2835 19800
2836 6020
2843 4040
2844 3960
2845 23880
2849 5360
2850 19800
2853 19800
2857 2680
2859 9080
2861 2140
2862 24420
2875 4620
2876 8580
2883 4860
2884 9480
2885 3760
2889 3560
2890 4620
2893 4620
2897 23880
2899 5860
2901 6780
2902 5740
2915 6020
2916 5100
2923 3960
2924 3640
2925 4520
2929 63040
2930 6020
2933 6020
2937 3760
2939 23580
2941 3220
2942 7460
2955 4440
2956 16740
2963 9480
2964 3340
2965 4560
2969 21520
2970 4440
2973 4440
2977 4520
2979 6480
2981 3660
2982 5040
2988 18786
