0 0
109 43240
143 43240
149 16900
183 16900
189 4040
223 4040
229 4860
263 4860
269 3960
303 3960
309 9480
343 9480
349 3640
383 3640
389 3340
423 3340
429 2500
463 2500
469 14200
503 14200
509 2680
543 2680
549 4400
583 4400
589 3660
623 3660
629 25840
663 25840
669 5340
703 5340
709 6400
743 6400
749 3460
783 3460
789 21220
823 21220
829 4820
847 43240
863 4820
869 4340
887 16900
903 4340
909 2680
927 4040
943 2680
949 23880
967 4860
983 23880
989 3760
1007 3960
1023 3760
1029 4520
1047 9480
1063 4520
1069 4560
1087 3640
1103 4560
1109 22420
1127 3340
1143 22420
1149 4260
1167 2500
1183 4260
1189 2900
1207 14200
1223 2900
1229 2140
1247 2680
1263 2140
1269 6780
1287 4400
1303 6780
1309 3220
1327 3660
1343 3220
1349 3660
1367 25840
1383 3660
1389 85500
1407 5340
1423 85500
1429 28540
1447 6400
1463 28540
1469 6020
1487 3460
1503 6020
1509 8580
1527 21220
1543 8580
1549 5100
1567 4820
1583 5100
1589 16740
1607 4340
1623 16740
1629 5460
1647 2680
1663 5460
1669 5360
1687 23880
1703 5360
1709 3560
1727 3760
1743 3560
1749 19800
1767 4520
1772 43240
1783 19800
1789 4620
1807 4560
1812 16900
1823 4620
1829 6020
1847 22420
1852 4040
1863 6020
1869 4440
1887 4260
1892 4860
1903 4440
1909 24200
1927 2900
1932 3960
1943 24200
1949 4460
1967 2140
1972 9480
1983 4460
1989 7180
2007 6780
2012 3640
2023 7180
2029 6540
2047 3220
2052 3340
2063 6540
2069 23960
2087 3660
2092 2500
2103 23960
2109 6620
2113 43240
2127 85500
2132 14200
2143 6620
2149 6200
2153 16900
2167 28540
2172 2680
2183 6200
2189 3880
2193 4040
2207 6020
2212 4400
2223 3880
2229 29140
2232 43240
2233 4860
2247 8580
2252 3660
2263 29140
2269 6260
2272 16900
2273 3960
2287 48340
2292 25840
2303 6260
2309 8280
2312 4040
2313 9480
2327 33640
2332 5340
2343 8280
2349 5580
2352 4860
2353 3640
2367 9500
2372 6400
2383 5580
2389 24420
2392 3960
2393 3340
2407 10220
2412 3460
2423 24420
2429 5740
2432 9480
2433 2500
2447 7520
2452 21220
2463 5740
2469 7460
2472 3640
2473 14200
2477 43240
2487 29280
2492 4820
2503 7460
2509 5040
2512 3340
2513 2680
2517 16900
2527 8260
2532 4340
2543 5040
2549 9180
2552 2500
2553 4400
2557 4040
2567 9360
2572 2680
2583 9180
2589 5140
2592 14200
2593 3660
2597 48100
2607 6940
2612 23880
2623 5140
2629 6380
2632 2680
2633 25840
2637 20860
2647 38400
2652 3760
2663 6380
2669 114340
2672 4400
2673 5340
2677 13520
2687 7140
2692 4520
2703 114340
2709 26100
2712 3660
2713 6400
2717 8500
2727 11580
2732 4560
2743 26100
2749 6000
2752 25840
2753 3460
2757 7300
2767 10200
2772 22420
2783 6000
2789 9080
2792 5340
2793 21220
2797 11980
2807 49800
2812 4260
2823 9080
2829 5860
2832 6400
2833 4820
2837 17840
2847 11960
2852 2900
2863 5860
2869 23580
2872 3460
2873 4340
2877 6020
2887 12600
2892 2140
2903 23580
2909 6480
2912 21220
2913 2680
2917 6900
2927 7340
2929 43240
2932 6780
2943 6480
2949 9400
2952 4820
2953 23880
2957 17860
2967 50360
2969 16900
2972 3059
