0 0
400 43240
440 16900
480 4040
520 4860
536 43240
560 3960
576 16900
600 9480
616 4040
640 3640
656 4860
680 3340
696 3960
720 2500
736 9480
760 14200
776 3640
800 2680
805 43240
816 3340
840 4400
845 16900
856 2500
880 3660
885 4040
896 14200
920 25840
925 4860
936 2680
960 5340
965 3960
976 4400
1000 6400
1005 9480
1016 3660
1040 3460
1045 3640
1056 25840
1080 21220
1085 3340
1096 5340
1120 4820
1125 2500
1136 6400
1160 4340
1165 14200
1176 3460
1200 2680
1205 2680
1216 21220
1240 23880
1245 4400
1256 4820
1280 3760
1285 3660
1296 4340
1320 4520
1325 25840
1336 2680
1360 4560
1365 5340
1376 23880
1400 22420
1405 6400
1408 43240
1416 3760
1440 4260
1443 43240
1445 3460
1448 16900
1456 4520
1461 43240
1480 2900
1483 16900
1485 21220
1488 4040
1496 4560
1501 16900
1520 2140
1523 4040
1525 4820
1528 4860
1536 22420
1541 4040
1560 6780
1563 4860
1565 4340
1568 3960
1576 4260
1581 4860
1600 3220
1603 3960
1605 2680
1608 9480
1616 2900
1621 3960
1640 3660
1643 9480
1645 23880
1648 3640
1656 2140
1661 9480
1680 85500
1683 3640
1685 3760
1688 3340
1696 6780
1701 3640
1720 28540
1723 3340
1725 4520
1728 2500
1736 3220
1741 3340
1760 6020
1763 2500
1765 4560
1766 43240
1768 14200
1776 3660
1781 2500
1800 8580
1803 14200
1805 22420
1806 16900
1808 45920
1816 85500
1821 14200
1840 5100
1843 2680
1845 4260
1846 4040
1848 21300
1856 28540
1861 2680
1880 16740
1883 4400
1885 2900
1886 4860
1888 7700
1896 6020
1901 4400
1920 5460
1923 3660
1925 2140
1926 3960
1928 30700
1936 8580
1941 3660
1960 5360
1963 25840
1965 6780
1966 9480
1968 9300
1976 5100
1981 25840
2000 3560
2003 5340
2005 3220
2006 3640
2008 15880
2016 16740
2021 5340
2040 19800
2043 6400
2045 3660
2046 3340
2048 7100
2056 5460
2061 6400
2080 4620
2083 3460
2085 85500
2086 2500
2088 24560
2096 5360
2101 3460
2120 6020
2123 21220
2125 28540
2126 14200
2128 7320
2129 43240
2136 3560
2141 21220
2160 4440
2163 4820
2165 6020
2166 2680
2168 18540
2169 16900
2176 19800
2181 4820
2200 24200
2203 4340
2205 8580
2206 4400
2208 5360
2209 4040
2216 4620
2218 43240
2221 4340
2240 4460
2243 2680
2245 5100
2246 3660
2248 28280
2249 4860
2256 6020
2258 16900
2261 2680
2280 7180
2283 23880
2285 16740
2286 25840
2288 7420
2289 3960
2296 4440
2298 4040
2301 23880
2320 6540
2323 3760
2325 5460
2326 5340
2328 30360
2329 9480
2336 24200
2338 4860
2341 3760
2360 23960
2363 4520
2365 5360
2366 6400
2368 9900
2369 3640
2376 4460
2378 3960
2381 4520
2400 6620
2403 4560
2405 3560
2406 3460
2408 28820
2409 3340
2416 7180
2418 9480
2421 4560
2440 6200
2443 22420
2445 19800
2446 21220
2448 7720
2449 2500
2456 6540
2458 3640
2461 22420
2480 47120
2483 4260
2485 4620
2486 4820
2488 24120
2489 14200
2496 23960
2498 3340
2501 4260
2520 46040
2523 2900
2525 6020
2526 4340
2528 6960
2529 2680
2536 6620
2538 2500
2541 2900
2560 10300
2563 2140
2565 4440
2566 2680
2568 11120
2569 4400
2576 6200
2578 14200
2581 2140
2600 13140
2603 6780
2605 24200
2606 23880
2608 5900
2609 3660
2616 3880
2618 2680
2621 6780
2640 9540
2643 3220
2645 4460
2646 3760
2648 27540
2649 25840
2656 29140
2658 4400
2661 3220
2680 33900
2683 3660
2685 7180
2686 4520
2688 89260
2689 5340
2696 6260
2698 3660
2701 3660
2720 9380
2723 85500
2725 6540
2726 4560
2728 33060
2729 6400
2736 8280
2738 25840
2741 85500
2760 10800
2763 28540
2765 23960
2766 22420
2768 10580
2769 3460
2776 5580
2778 5340
2781 28540
2796 43240
2800 7540
2803 6020
2805 6620
2806 4260
2808 31000
2809 21220
2816 24420
2818 6400
2821 49260
2836 16900
2840 23380
2843 8580
2845 6200
2846 2900
2848 9360
2849 4820
2856 5740
2858 3460
2861 25480
2876 4040
2880 7820
2883 5100
2885 3880
2886 2140
2888 19640
2889 4340
2896 7460
2898 21220
2901 9140
2916 4860
2920 10780
2923 16740
2925 29140
2926 6780
2928 7600
2929 2680
2936 5040
2938 4820
2941 21600
2956 3960
2960 118000
2963 5460
2965 6260
2966 3220
