0 0
257 43240
287 43240
297 16900
327 16900
337 4040
367 4040
377 4860
407 4860
417 3960
447 3960
457 9480
487 9480
497 3640
527 3640
537 3340
544 43240
567 3340
577 2500
584 16900
607 2500
617 14200
624 4040
647 14200
657 2680
664 4860
687 2680
697 4400
704 3960
727 4400
737 3660
744 9480
767 3660
777 25840
784 3640
807 25840
817 5340
824 3340
847 5340
857 6400
864 2500
887 6400
897 3460
904 14200
927 3460
937 21220
944 2680
967 21220
977 4820
984 4400
1007 4820
1017 4340
1024 3660
1047 4340
1057 2680
1064 25840
1087 2680
1097 23880
1104 5340
1127 23880
1137 3760
1144 6400
1167 3760
1177 4520
1184 3460
1207 4520
1217 4560
1224 21220
1247 4560
1257 22420
1264 4820
1287 22420
1297 4260
1304 4340
1327 4260
1337 2900
1344 2680
1367 2900
1377 2140
1384 23880
1407 2140
1417 6780
1424 3760
1447 6780
1457 3220
1464 4520
1487 3220
1492 43240
1497 3660
1504 4560
1527 3660
1532 16900
1537 85500
1544 22420
1567 85500
1572 4040
1577 28540
1584 4260
1607 28540
1612 4860
1617 6020
1624 2900
1647 6020
1652 3960
1657 8580
1664 2140
1687 8580
1692 9480
1697 5100
1704 6780
1727 5100
1732 3640
1737 16740
1744 3220
1755 43240
1767 16740
1772 3340
1777 5460
1784 3660
1795 16900
1807 5460
1812 2500
1817 5360
1824 85500
1835 4040
1847 5360
1852 14200
1857 3560
1864 28540
1875 4860
1887 3560
1892 2680
1897 19800
1904 6020
1915 3960
1927 19800
1932 4400
1937 4620
1944 8580
1955 9480
1967 4620
1972 3660
1977 6020
1984 5100
1995 3640
2007 6020
2012 25840
2017 4440
2024 16740
2035 3340
2047 4440
2052 5340
2057 24200
2064 5460
2075 2500
2087 24200
2092 6400
2097 4460
2104 5360
2115 14200
2127 4460
2132 3460
2137 7180
2144 3560
2155 2680
2167 7180
2172 21220
2177 6540
2184 19800
2195 4400
2207 6540
2212 4820
2217 23960
2224 4620
2235 3660
2247 23960
2252 4340
2257 6620
2264 6020
2265 43240
2275 25840
2287 6620
2292 2680
2297 6200
2304 4440
2305 16900
2315 5340
2327 6200
2332 23880
2337 3880
2344 24200
2345 4040
2355 6400
2367 3880
2372 3760
2377 29140
2384 4460
2385 4860
2395 3460
2407 29140
2412 4520
2417 6260
2424 7180
2425 3960
2435 21220
2447 6260
2452 4560
2457 8280
2464 6540
2465 9480
2475 4820
2487 8280
2492 22420
2497 5580
2504 23960
2505 3640
2515 4340
2527 5580
2532 4260
2537 24420
2544 6620
2545 3340
2555 2680
2567 24420
2572 2900
2574 43240
2577 5740
2584 6200
2585 2500
2595 23880
2607 5740
2612 2140
2614 16900
2617 7460
2624 3880
2625 14200
2635 3760
2637 43240
2647 7460
2652 6780
2654 4040
2657 5040
2664 29140
2665 2680
2675 4520
2677 16900
2687 5040
2692 3220
2694 4860
2697 9180
2704 6260
2705 4400
2715 4560
2717 4040
2727 9180
2732 3660
2734 3960
2737 5140
2744 8280
2745 3660
2755 22420
2757 4860
2767 5140
2772 85500
2774 9480
2777 6380
2784 5580
2785 25840
2795 4260
2797 3960
2807 6380
2812 28540
2814 3640
2817 114340
2824 24420
2825 5340
2835 2900
2836 43240
2837 9480
2847 114340
2852 6020
2854 3340
2857 26100
2864 5740
2865 6400
2875 2140
2876 16900
2877 3640
2887 26100
2892 8580
2894 2500
2897 6000
2904 7460
2905 3460
2915 6780
2916 4040
2917 3340
2927 6000
2932 5100
2934 14200
2937 9080
2944 5040
2945 21220
2955 3220
2956 4860
2957 2500
2967 9080
2972 16740
2974 2680
2977 5860
2984 9180
2985 4338
