0 0
120 43240
160 16900
200 4040
240 4860
258 43240
280 3960
298 16900
320 9480
338 4040
360 3640
378 4860
400 3340
418 3960
440 2500
458 9480
480 14200
498 3640
520 2680
538 3340
560 4400
578 2500
600 3660
618 14200
640 25840
658 2680
680 5340
698 4400
720 6400
738 3660
760 3460
778 25840
800 21220
818 5340
840 4820
852 43240
858 6400
880 4340
892 16900
898 3460
920 2680
932 4040
938 21220
960 23880
972 4860
978 4820
1000 3760
1012 3960
1018 4340
1040 4520
1052 9480
1058 2680
1080 4560
1092 3640
1098 23880
1120 22420
1132 3340
1138 3760
1160 4260
1172 2500
1178 4520
1200 2900
1212 14200
1218 4560
1235 43240
1240 2140
1252 2680
1258 22420
1275 16900
1280 6780
1292 4400
1298 4260
1315 4040
1320 3220
1332 3660
1338 2900
1355 4860
1360 3660
1372 25840
1378 2140
1395 3960
1400 85500
1412 5340
1418 6780
1435 9480
1440 28540
1452 6400
1458 3220
1475 3640
1480 6020
1492 3460
1498 3660
1515 3340
1520 8580
1532 21220
1538 85500
1555 2500
1560 5100
1572 4820
1578 28540
1595 14200
1600 16740
1612 4340
1618 6020
1635 2680
1640 5460
1652 2680
1658 8580
1675 4400
1680 5360
1692 23880
1698 5100
1715 3660
1720 3560
1732 3760
1738 16740
1755 25840
1760 19800
1772 4520
1778 5460
1795 5340
1800 4620
1812 4560
1818 5360
1833 43240
1835 6400
1840 6020
1852 22420
1858 3560
1873 16900
1875 3460
1880 4440
1892 4260
1898 19800
1899 43240
1913 4040
1915 21220
1920 24200
1932 2900
1938 4620
1939 16900
1953 4860
1955 4820
1960 4460
1972 2140
1978 6020
1979 4040
1993 3960
1995 4340
2000 7180
2012 6780
2018 4440
2019 4860
2033 9480
2035 2680
2040 6540
2044 43240
2052 3220
2058 24200
2059 3960
2073 3640
2075 23880
2080 23960
2084 16900
2092 3660
2098 4460
2099 9480
2113 3340
2115 3760
2120 6620
2124 4040
2132 85500
2138 7180
2139 3640
2153 2500
2155 4520
2160 6200
2164 4860
2172 28540
2178 6540
2179 3340
2193 14200
2195 4560
2200 3880
2204 3960
2212 6020
2218 23960
2219 2500
2233 2680
2235 22420
2240 29140
2244 9480
2252 8580
2258 6620
2259 14200
2273 4400
2275 4260
2280 6260
2284 3640
2292 5100
2298 6200
2299 2680
2313 3660
2315 2900
2320 8280
2323 43240
2324 3340
2332 16740
2338 3880
2339 4400
2353 25840
2355 2140
2360 5580
2363 16900
2364 2500
2372 5460
2378 29140
2379 3660
2393 5340
2395 6780
2400 24420
2403 4040
2404 14200
2412 5360
2418 6260
2419 25840
2433 6400
2435 46460
2440 5740
2443 4860
2444 2680
2452 3560
2458 8280
2459 5340
2473 3460
2475 20560
2480 7460
2483 3960
2484 4400
2492 19800
2498 5580
2499 6400
2513 21220
2515 89540
2520 5040
2523 9480
2524 3660
2532 4620
2538 24420
2539 3460
2553 4820
2555 33400
2560 9180
2563 3640
2564 25840
2572 6020
2578 5740
2579 21220
2593 4340
2595 9980
2600 5140
2603 3340
2604 5340
2612 4440
2618 7460
2619 4820
2633 2680
2635 18060
2640 6380
2643 2500
2644 6400
2652 24200
2658 5040
2659 4340
2673 23880
2675 8740
2680 114340
2683 14200
2684 3460
2692 4460
2698 9180
2699 2680
2713 3760
2715 20080
2720 26100
2723 2680
2724 21220
2732 7180
2738 5140
2739 23880
2753 4520
2755 7960
2760 6000
2763 4400
2764 4820
2772 6540
2778 6380
2779 3760
2793 4560
2795 19560
2800 9080
2803 3660
2804 4340
2812 23960
2818 114340
2819 4520
2833 22420
2835 6240
2840 5860
2843 25840
2844 2680
2852 6620
2858 26100
2859 4560
2873 4260
2875 24200
2880 23580
2883 5340
2884 23880
2892 6200
2898 6000
2899 22420
2913 2900
2915 8280
2920 6480
2922 43240
2923 6400
2924 3760
2932 3880
2938 9080
2939 4260
2953 2140
2955 31860
2960 9400
2962 16900
2963 3460
2964 4520
2972 14570
