0 0
537 43240
544 43240
577 16900
584 16900
617 4040
624 4040
657 4860
664 4860
697 3960
704 3960
737 9480
744 9480
777 3640
784 3640
817 3340
824 3340
857 2500
864 2500
885 43240
897 14200
904 14200
925 16900
937 2680
944 2680
965 4040
977 4400
984 4400
1005 4860
1017 3660
1024 3660
1045 3960
1057 25840
1064 25840
1072 43240
1085 9480
1097 5340
1104 5340
1112 16900
1125 3640
1137 6400
1144 6400
1152 4040
1165 3340
1177 3460
1184 3460
1191 43240
1192 4860
1205 2500
1217 21220
1224 21220
1231 16900
1232 3960
1245 14200
1257 4820
1264 4820
1271 4040
1272 9480
1285 2680
1297 4340
1304 4340
1311 4860
1312 3640
1325 4400
1337 2680
1344 2680
1351 3960
1352 3340
1365 3660
1377 23880
1384 23880
1391 9480
1392 2500
1405 25840
1417 3760
1424 3760
1431 3640
1432 14200
1445 5340
1457 4520
1464 4520
1471 3340
1472 2680
1485 6400
1497 4560
1504 4560
1511 2500
1512 4400
1525 3460
1537 22420
1544 22420
1551 14200
1552 3660
1565 21220
1577 4260
1584 4260
1591 2680
1592 25840
1605 4820
1617 2900
1624 2900
1631 4400
1632 5340
1645 4340
1657 2140
1664 2140
1671 3660
1672 6400
1685 2680
1697 6780
1704 6780
1710 43240
1711 25840
1712 3460
1725 23880
1737 3220
1744 3220
1750 16900
1751 5340
1752 21220
1765 3760
1777 3660
1784 3660
1790 4040
1791 6400
1792 4820
1805 4520
1817 85500
1824 85500
1827 43240
1830 4860
1831 3460
1832 4340
1845 4560
1857 28540
1864 28540
1867 16900
1870 3960
1871 21220
1872 2680
1885 22420
1897 6020
1904 6020
1907 4040
1910 9480
1911 4820
1912 23880
1925 4260
1937 8580
1944 8580
1947 4860
1950 3640
1951 4340
1952 3760
1965 2900
1977 5100
1984 5100
1987 3960
1990 3340
1991 2680
1992 4520
2005 2140
2017 16740
2024 16740
2027 9480
2030 2500
2031 23880
2032 4560
2045 6780
2057 5460
2064 5460
2067 3640
2070 14200
2071 3760
2072 22420
2085 3220
2097 5360
2104 5360
2107 3340
2110 2680
2111 4520
2112 4260
2125 3660
2137 3560
2144 3560
2147 2500
2150 4400
2151 4560
2152 2900
2165 85500
2177 19800
2184 19800
2187 14200
2190 3660
2191 22420
2192 2140
2205 28540
2217 4620
2224 4620
2227 2680
2230 25840
2231 4260
2232 6780
2245 6020
2257 6020
2264 6020
2267 4400
2270 5340
2271 2900
2272 3220
2285 8580
2297 4440
2304 4440
2307 3660
2310 6400
2311 2140
2312 3660
2325 5100
2337 24200
2344 24200
2347 25840
2350 3460
2351 6780
2352 85500
2365 16740
2377 4460
2384 4460
2387 5340
2390 21220
2391 3220
2392 28540
2405 5460
2417 7180
2424 7180
2427 6400
2430 4820
2431 3660
2432 6020
2445 5360
2457 6540
2464 6540
2467 3460
2470 4340
2471 85500
2472 8580
2485 3560
2497 23960
2504 23960
2507 21220
2510 2680
2511 28540
2512 5100
2525 19800
2537 6620
2544 6620
2547 4820
2550 23880
2551 6020
2552 16740
2565 4620
2577 6200
2581 43240
2584 6200
2587 4340
2590 3760
2591 8580
2592 5460
2605 6020
2617 3880
2621 16900
2624 3880
2627 2680
2630 4520
2631 5100
2632 5360
2645 4440
2657 29140
2661 4040
2664 29140
2667 23880
2670 4560
2671 16740
2672 3560
2676 43240
2685 24200
2697 6260
2701 4860
2704 6260
2707 3760
2710 22420
2711 5460
2712 19800
2716 16900
2725 4460
2737 8280
2741 3960
2744 8280
2747 4520
2750 4260
2751 5360
2752 4620
2756 4040
2765 7180
2777 5580
2781 9480
2784 5580
2787 4560
2790 2900
2791 3560
2792 6020
2796 4860
2805 6540
2817 24420
2821 3640
2824 24420
2827 22420
2830 2140
2831 19800
2832 4440
2836 3960
2845 23960
2857 5740
2861 3340
2864 5740
2867 4260
2870 6780
2871 4620
2872 24200
2876 9480
2885 6620
2897 7460
2901 2500
2904 7460
2907 2900
2910 3220
2911 6020
2912 4460
2916 3640
2925 6200
2937 5040
2941 14200
2944 5040
2947 2140
2950 3660
2951 4440
2952 7180
2956 3340
2965 3880
2977 9180
2981 2680
2984 9180
2987 6780
2990 85500
2991 24200
2992 327
