0 0
290 43240
330 16900
352 43240
370 4040
392 16900
410 4860
432 4040
450 3960
465 43240
472 4860
490 9480
505 16900
512 3960
530 3640
545 4040
552 9480
570 3340
585 4860
592 3640
610 2500
625 3960
632 3340
650 14200
663 43240
665 9480
672 2500
690 2680
703 16900
705 3640
712 14200
730 4400
743 4040
745 3340
752 2680
770 3660
783 4860
785 2500
792 4400
810 25840
823 3960
825 14200
832 3660
850 5340
857 43240
863 9480
865 2680
872 25840
890 6400
897 16900
903 3640
905 4400
912 5340
920 43240
930 3460
937 4040
943 3340
945 3660
952 6400
960 16900
970 21220
977 4860
983 2500
985 25840
992 3460
1000 4040
1010 4820
1017 3960
1023 14200
1025 5340
1032 21220
1040 4860
1050 4340
1057 9480
1063 2680
1065 6400
1072 4820
1080 3960
1090 2680
1097 3640
1103 4400
1105 3460
1112 4340
1120 9480
1130 23880
1137 3340
1143 3660
1145 21220
1152 2680
1160 3640
1170 3760
1173 43240
1177 2500
1183 25840
1185 4820
1192 23880
1200 3340
1210 4520
1213 16900
1217 14200
1223 5340
1225 4340
1232 3760
1240 2500
1250 4560
1253 4040
1257 2680
1263 6400
1265 2680
1272 4520
1280 14200
1290 22420
1293 4860
1297 4400
1303 3460
1305 23880
1312 4560
1320 2680
1330 4260
1333 3960
1337 3660
1343 21220
1345 3760
1352 22420
1360 4400
1370 2900
1373 9480
1377 25840
1383 4820
1385 4520
1392 4260
1400 3660
1410 2140
1413 3640
1417 5340
1423 4340
1425 4560
1432 2900
1440 25840
1450 6780
1453 3340
1457 6400
1463 2680
1465 22420
1472 2140
1480 5340
1485 43240
1490 3220
1493 2500
1497 3460
1503 23880
1505 4260
1512 6780
1520 6400
1525 16900
1530 3660
1533 14200
1537 21220
1543 3760
1545 2900
1552 3220
1560 3460
1565 4040
1567 43240
1570 85500
1572 43240
1573 2680
1577 4820
1583 4520
1585 2140
1592 3660
1600 21220
1605 4860
1607 16900
1610 28540
1612 16900
1613 4400
1617 4340
1623 4560
1625 6780
1632 85500
1640 4820
1645 3960
1647 4040
1650 6020
1652 4040
1653 3660
1657 2680
1663 22420
1665 3220
1672 28540
1680 4340
1685 9480
1687 4860
1690 8580
1692 4860
1693 25840
1697 23880
1703 4260
1705 3660
1712 6020
1720 2680
1725 3640
1727 3960
1730 5100
1732 3960
1733 5340
1737 3760
1743 2900
1745 85500
1752 8580
1760 23880
1765 3340
1767 9480
1770 16740
1772 9480
1773 6400
1777 4520
1783 2140
1785 28540
1792 5100
1800 3760
1801 43240
1805 2500
1807 3640
1810 5460
1812 3640
1813 3460
1817 4560
1823 6780
1825 6020
1832 16740
1840 4520
1841 16900
1845 14200
1847 3340
1850 5360
1852 3340
1853 21220
1857 22420
1863 3220
1865 8580
1872 5460
1880 4560
1881 4040
1885 2680
1887 2500
1890 3560
1892 2500
1893 4820
1897 4260
1903 3660
1905 5100
1912 5360
1920 22420
1921 4860
1925 4400
1927 14200
1930 19800
1932 14200
1933 4340
1937 2900
1943 85500
1945 16740
1952 3560
1960 4260
1961 3960
1965 3660
1967 2680
1970 4620
1972 2680
1973 2680
1977 2140
1983 28540
1985 5460
1992 19800
2000 2900
2001 9480
2005 25840
2007 4400
2010 6020
2012 4400
2013 23880
2017 6780
2023 6020
2025 5360
2032 4620
2040 2140
2041 3640
2045 5340
2047 3660
2050 4440
2052 3660
2053 3760
2057 3220
2063 8580
2065 3560
2072 6020
2080 6780
2081 3340
2085 6400
2087 25840
2090 24200
2092 25840
2093 4520
2097 3660
2103 5100
2105 19800
2112 4440
2120 3220
2121 2500
2125 3460
2127 5340
2130 4460
2132 5340
2133 4560
2137 85500
2143 16740
2145 4620
2152 24200
2160 3660
2161 14200
2165 21220
2167 6400
2170 7180
2172 6400
2173 22420
2177 28540
2183 5460
2185 6020
2192 4460
2200 85500
2201 2680
2205 4820
2207 3460
2210 6540
2212 3460
2213 4260
2217 6020
2223 5360
2225 4440
2232 7180
2240 28540
2241 4400
2245 4340
2247 21220
2250 23960
2252 21220
2253 2900
2257 8580
2263 3560
2265 24200
2272 6540
2280 6020
2281 3660
2285 2680
2287 4820
2290 6620
2292 4820
2293 2140
2297 5100
2303 19800
2305 4460
2312 23960
2320 8580
2321 25840
2325 23880
2327 4340
2330 6200
2332 4340
2333 6780
2337 16740
2343 4620
2345 7180
2352 6620
2360 5100
2361 5340
2365 3760
2367 2680
2370 3880
2372 2680
2373 3220
2377 5460
2383 6020
2385 6540
2392 6200
2400 16740
2401 6400
2405 4520
2407 23880
2410 29140
2412 23880
2413 3660
2417 48600
2423 4440
2425 23960
2432 3880
2440 5460
2441 3460
2445 4560
2447 3760
2450 6260
2452 3760
2453 85500
2457 20460
2463 24200
2465 6620
2472 29140
2480 5360
2481 21220
2485 22420
2487 4520
2490 8280
2492 4520
2493 28540
2497 23840
2503 4460
2505 6200
2512 6260
2520 3560
2521 4820
2525 4260
2527 4560
2530 5580
2532 4560
2533 6020
2537 9480
2543 7180
2545 3880
2552 8280
2560 19800
2561 4340
2565 2900
2567 22420
2570 24420
2572 22420
2573 8580
2577 9980
2583 6540
2585 29140
2592 5580
2600 4620
2601 2680
2605 2140
2607 4260
2610 5740
2612 4260
2613 5100
2617 13920
2623 23960
2625 6260
2632 24420
2640 6020
2641 23880
2645 6780
2647 2900
2650 7460
2652 2900
2653 16740
2657 27840
2663 6620
2665 8280
2672 5740
2680 4440
2681 3760
2685 3220
2687 2140
2690 5040
2692 2140
2693 5460
2697 7800
2703 6200
2705 5580
2712 7460
2720 24200
2721 4520
2725 3660
2727 6780
2730 9180
2732 6780
2733 5360
2737 9680
2743 3880
2745 24420
2752 5040
2760 4460
2761 4560
2765 85500
2767 3220
2770 5140
2772 3220
2773 3560
2777 20740
2783 29140
2785 48980
2792 9180
2800 7180
2801 22420
2805 28540
2807 3660
2810 6380
2812 3660
2813 19800
2817 26640
2823 6260
2825 24360
2832 5140
2840 6540
2841 4260
2845 6020
2847 85500
2850 114340
2852 85500
2853 4620
2857 11020
2863 8280
2865 9080
2872 6380
2880 23960
2881 2900
2885 8580
2887 28540
2890 26100
2892 28540
2893 6020
2897 9860
2903 5580
2905 14040
2912 114340
2920 6620
2921 2140
2922 43240
2925 5100
2927 6020
2930 6000
2932 6020
2933 4440
2937 29720
2943 24420
2945 9100
2952 26100
2960 6200
2961 6780
2962 16900
2965 16740
2967 8580
2970 9080
2972 8580
2973 24200
2977 34480
2983 5740
2985 15860
2992 2100
