0 0
370 43240
410 16900
450 4040
490 4860
530 3960
570 9480
610 3640
650 3340
690 2500
702 43240
730 14200
742 16900
770 2680
782 4040
810 4400
822 4860
828 43240
850 3660
862 3960
868 16900
890 25840
902 9480
908 4040
930 5340
942 3640
948 4860
970 6400
982 3340
988 3960
1010 3460
1022 2500
1028 9480
1032 43240
1050 21220
1062 14200
1068 3640
1072 16900
1074 43240
1090 4820
1102 2680
1108 3340
1112 4040
1114 16900
1130 4340
1140 43240
1142 4400
1148 2500
1152 4860
1154 4040
1170 2680
1180 16900
1182 3660
1188 14200
1192 3960
1194 4860
1210 23880
1220 4040
1222 25840
1228 2680
1232 9480
1234 3960
1250 3760
1260 4860
1262 5340
1268 4400
1272 3640
1274 9480
1290 4520
1300 3960
1302 6400
1308 3660
1312 3340
1314 3640
1330 4560
1340 9480
1342 3460
1348 25840
1350 43240
1352 2500
1354 3340
1370 22420
1380 3640
1382 21220
1388 5340
1390 16900
1392 14200
1394 2500
1410 4260
1420 3340
1422 4820
1428 6400
1430 4040
1432 2680
1434 14200
1450 2900
1460 2500
1462 4340
1468 3460
1470 4860
1472 4400
1474 2680
1490 2140
1500 14200
1502 2680
1508 21220
1510 3960
1512 3660
1514 4400
1530 6780
1540 2680
1542 23880
1548 4820
1550 9480
1552 25840
1554 3660
1570 3220
1580 4400
1582 3760
1588 4340
1590 3640
1592 5340
1594 25840
1610 3660
1620 3660
1622 4520
1628 2680
1630 3340
1632 6400
1634 5340
1650 85500
1660 25840
1662 4560
1668 23880
1670 2500
1672 3460
1674 6400
1690 28540
1700 5340
1702 22420
1708 3760
1710 14200
1712 21220
1714 3460
1730 6020
1740 6400
1742 4260
1748 4520
1750 2680
1752 4820
1754 21220
1764 43240
1770 8580
1780 3460
1782 2900
1788 4560
1790 4400
1792 4340
1794 4820
1804 16900
1810 5100
1820 21220
1822 2140
1828 22420
1830 3660
1832 2680
1834 4340
1836 43240
1844 4040
1850 16740
1854 43240
1860 4820
1862 6780
1868 4260
1870 25840
1872 23880
1874 2680
1876 16900
1884 4860
1890 5460
1894 16900
1900 4340
1902 3220
1908 2900
1910 5340
1912 3760
1914 23880
1916 4040
1924 3960
1930 5360
1934 4040
1940 2680
1942 3660
1948 2140
1950 6400
1952 4520
1954 3760
1956 4860
1964 9480
1970 3560
1974 4860
1980 23880
1982 85500
1988 6780
1990 3460
1992 4560
1994 4520
1996 3960
2004 3640
2010 19800
2014 3960
2020 3760
2022 28540
2028 3220
2030 21220
2032 22420
2033 43240
2034 4560
2036 9480
2044 3340
2050 4620
2054 9480
2060 4520
2062 6020
2068 3660
2070 4820
2072 4260
2073 16900
2074 22420
2076 3640
2084 2500
2090 6020
2094 3640
2100 4560
2102 8580
2108 85500
2110 4340
2112 2900
2113 4040
2114 4260
2116 3340
2124 14200
2130 4440
2134 3340
2140 22420
2142 5100
2148 28540
2150 2680
2152 2140
2153 4860
2154 2900
2156 2500
2164 2680
2170 24200
2174 2500
2180 4260
2182 16740
2188 6020
2190 23880
2192 6780
2193 3960
2194 2140
2196 14200
2204 4400
2210 4460
2214 14200
2220 2900
2222 5460
2228 8580
2230 3760
2232 3220
2233 9480
2234 6780
2236 2680
2240 43240
2244 3660
2250 7180
2254 2680
2260 2140
2262 5360
2268 5100
2270 4520
2272 3660
2273 3640
2274 3220
2276 4400
2280 16900
2284 25840
2290 6540
2294 4400
2300 6780
2302 3560
2308 16740
2310 4560
2312 85500
2313 3340
2314 3660
2316 3660
2320 4040
2324 5340
2330 23960
2334 3660
2340 3220
2342 19800
2348 5460
2350 22420
2352 28540
2353 2500
2354 85500
2356 25840
2360 4860
2364 6400
2370 6620
2374 25840
2380 3660
2382 4620
2388 5360
2390 4260
2392 6020
2393 57440
2394 28540
2396 5340
2400 3960
2404 3460
2410 6200
2411 43240
2414 5340
2420 85500
2422 6020
2428 3560
2430 2900
2432 8580
2433 19580
2434 6020
2436 6400
2440 9480
2444 21220
2450 3880
2451 16900
2454 6400
2460 28540
2462 4440
2468 19800
2470 45380
2472 5100
2473 8440
2474 8580
2476 3460
2480 3640
2484 4820
2490 29140
2491 4040
2494 3460
2500 6020
2502 24200
2508 4620
2510 23680
2512 16740
2513 8520
2514 5100
2516 21220
2520 3340
2524 4340
2530 6260
2531 4860
2534 21220
2540 8580
2542 4460
2548 6020
2550 7260
2552 5460
2553 29800
2554 16740
2556 4820
2560 2500
2564 2680
2570 8280
2571 3960
2574 4820
2580 5100
2582 7180
2588 4440
2590 8520
2592 5360
2593 14820
2594 5460
2596 4340
2600 14200
2604 23880
2610 5580
2611 9480
2614 4340
2620 16740
2622 6540
2628 24200
2630 89460
2632 3560
2633 10040
2634 5360
2636 2680
2640 2680
2644 3760
2650 24420
2651 3640
2654 2680
2660 5460
2662 23960
2668 4460
2670 38020
2672 19800
2673 6800
2674 3560
2676 23880
2680 4400
2684 4520
2690 5740
2691 3340
2694 23880
2700 5360
2702 6620
2708 7180
2710 9660
2712 4620
2713 23720
2714 19800
2716 3760
2720 3660
2724 4560
2730 7460
2731 2500
2734 3760
2740 3560
2742 6200
2748 6540
2750 11920
2752 6020
2753 19020
2754 4620
2756 4520
2759 43240
2760 25840
2764 22420
2770 5040
2771 14200
2774 4520
2780 19800
2782 3880
2788 23960
2790 7600
2792 4440
2793 7020
2794 6020
2796 4560
2799 16900
2800 5340
2804 4260
2810 9180
2811 2680
2814 4560
2820 4620
2822 29140
2828 6620
2830 30940
2832 24200
2833 7080
2834 4440
2836 22420
2839 4040
2840 6400
2844 2900
2850 5140
2851 4400
2854 22420
2860 6020
2862 6260
2868 6200
2870 8140
2872 4460
2873 27540
2874 24200
2876 4260
2879 4860
2880 3460
2884 2140
2890 6380
2891 3660
2894 4260
2900 4440
2902 8280
2908 3880
2910 9760
2912 7180
2913 29600
2914 4460
2916 2900
2919 3960
2920 21220
2924 6780
2930 114340
2931 25840
2934 2900
2940 24200
2942 5580
2948 29140
2950 7220
2952 6540
2953 9860
2954 7180
2956 2140
2959 9480
2960 4820
2964 3220
2970 26100
2971 5340
2974 2140
2980 4460
2982 24420
2988 6260
2990 45640
2992 23960
2993 10960
2994 6540
2996 2712
