0 0
295 43240
305 43240
306 43240
335 16900
345 16900
346 16900
375 4040
385 4040
386 4040
415 4860
425 4860
426 4860
455 3960
465 3960
466 3960
495 9480
505 9480
506 9480
535 3640
536 43240
545 3640
546 3640
575 3340
576 16900
585 3340
586 3340
615 2500
616 4040
625 2500
626 2500
655 14200
656 4860
665 14200
666 14200
685 43240
695 2680
696 3960
705 2680
706 2680
725 16900
735 4400
736 9480
745 4400
746 4400
765 4040
775 3660
776 3640
785 3660
786 3660
805 4860
815 25840
816 3340
825 25840
826 25840
845 3960
855 5340
856 2500
865 5340
866 5340
885 9480
895 6400
896 14200
905 6400
906 6400
925 3640
935 3460
936 2680
945 3460
946 3460
965 3340
975 21220
976 4400
985 21220
986 21220
1005 2500
1015 4820
1016 3660
1019 43240
1025 4820
1026 4820
1045 14200
1055 4340
1056 25840
1059 16900
1065 4340
1066 4340
1085 2680
1095 2680
1096 5340
1099 4040
1105 2680
1106 2680
1125 4400
1132 43240
1135 23880
1136 6400
1139 4860
1145 23880
1146 23880
1165 3660
1172 16900
1175 3760
1176 3460
1179 3960
1185 3760
1186 3760
1205 25840
1212 4040
1215 4520
1216 21220
1219 9480
1225 4520
1226 4520
1245 5340
1252 4860
1255 4560
1256 4820
1259 3640
1265 4560
1266 4560
1285 6400
1292 3960
1295 22420
1296 4340
1299 3340
1305 22420
1306 22420
1325 3460
1332 9480
1335 4260
1336 2680
1339 2500
1345 4260
1346 4260
1365 21220
1372 3640
1375 2900
1376 23880
1379 14200
1385 2900
1386 2900
1405 4820
1412 3340
1415 2140
1416 3760
1419 2680
1425 2140
1426 2140
1437 43240
1445 4340
1452 2500
1455 6780
1456 4520
1459 4400
1465 6780
1466 6780
1477 16900
1485 2680
1492 14200
1495 3220
1496 4560
1499 3660
1505 3220
1506 3220
1516 43240
1517 4040
1522 43240
1525 23880
1532 2680
1535 3660
1536 22420
1539 25840
1545 3660
1546 3660
1556 16900
1557 4860
1562 16900
1565 3760
1572 4400
1575 85500
1576 4260
1579 5340
1585 85500
1586 85500
1596 4040
1597 3960
1602 4040
1605 4520
1612 3660
1615 28540
1616 2900
1619 6400
1625 28540
1626 28540
1636 4860
1637 9480
1642 4860
1645 4560
1652 25840
1655 6020
1656 2140
1659 3460
1665 6020
1666 6020
1676 3960
1677 3640
1682 3960
1685 22420
1692 5340
1695 8580
1696 6780
1699 21220
1705 8580
1706 8580
1716 9480
1717 3340
1722 9480
1725 4260
1732 6400
1735 5100
1736 3220
1739 4820
1744 43240
1745 5100
1746 5100
1756 3640
1757 2500
1762 3640
1765 2900
1772 3460
1775 16740
1776 3660
1779 4340
1784 16900
1785 16740
1786 16740
1796 3340
1797 14200
1802 3340
1805 2140
1812 21220
1815 5460
1816 85500
1819 2680
1824 4040
1825 5460
1826 5460
1836 2500
1837 2680
1842 2500
1845 6780
1852 4820
1855 5360
1856 28540
1859 23880
1864 4860
1865 5360
1866 5360
1876 14200
1877 4400
1882 14200
1885 3220
1892 4340
1895 3560
1896 6020
1899 3760
1904 3960
1905 3560
1906 3560
1916 2680
1917 3660
1922 2680
1925 3660
1932 2680
1935 19800
1936 8580
1939 4520
1944 9480
1945 19800
1946 19800
1956 4400
1957 25840
1962 4400
1965 85500
1972 23880
1975 47860
1976 5100
1979 4560
1984 3640
1985 4620
1986 4620
1996 3660
1997 5340
2002 3660
2005 28540
2012 3760
2015 22920
2016 16740
2019 22420
2024 3340
2025 6020
2026 6020
2036 25840
2037 6400
2042 25840
2045 6020
2052 4520
2055 8480
2056 5460
2059 4260
2064 2500
2065 4440
2066 4440
2076 5340
2077 3460
2082 5340
2085 8580
2092 4560
2095 29060
2096 5360
2099 2900
2104 14200
2105 24200
2106 24200
2116 6400
2117 21220
2122 6400
2125 5100
2132 22420
2135 8420
2136 3560
2139 2140
2144 2680
2145 4460
2146 4460
2156 3460
2157 4820
2162 3460
2165 16740
2172 4260
2175 16660
2176 19800
2179 6780
2184 4400
2185 7180
2186 7180
2196 21220
2197 4340
2202 21220
2205 5460
2212 2900
2215 10180
2216 4620
2219 3220
2224 3660
2225 6540
2226 6540
2236 4820
2237 2680
2242 4820
2245 5360
2252 2140
2255 27300
2256 6020
2259 3660
2264 25840
2265 23960
2266 23960
2276 4340
2277 23880
2282 4340
2285 3560
2292 6780
2295 9120
2296 4440
2299 85500
2304 5340
2305 6620
2306 6620
2316 2680
2317 3760
2322 2680
2325 19800
2332 3220
2335 20400
2336 24200
2339 71780
2344 6400
2345 6200
2346 6200
2356 23880
2357 4520
2362 23880
2365 4620
2372 3660
2375 6560
2376 4460
2379 22920
2384 3460
2385 3880
2386 3880
2396 3760
2397 4560
2402 3760
2405 6020
2412 85500
2415 33540
2416 7180
2419 12620
2424 21220
2425 29140
2426 29140
2436 4520
2437 22420
2442 4520
2445 4440
2452 28540
2455 9920
2456 6540
2459 9960
2464 4820
2465 6260
2466 6260
2476 4560
2477 4260
2482 4560
2485 24200
2492 6020
2495 34120
2496 23960
2499 20700
2504 4340
2505 8280
2506 8280
2512 43240
2516 22420
2517 2900
2522 22420
2525 4460
2532 8580
2535 10920
2536 6620
2539 14940
2544 2680
2545 5580
2546 5580
2552 16900
2556 4260
2557 2140
2562 4260
2565 7180
2572 5100
2575 30820
2576 6200
2579 9000
2584 23880
2585 24420
2586 24420
2592 4040
2596 2900
2597 6780
2602 2900
2605 6540
2612 16740
2614 43240
2615 9200
2616 3880
2619 6900
2624 3760
2625 5740
2626 5740
2632 4860
2636 2140
2637 3220
2642 2140
2645 23960
2652 5460
2654 16900
2655 28680
2656 29140
2659 22300
2664 4520
2665 7460
2666 7460
2672 3960
2676 6780
2677 3660
2682 6780
2685 6620
2692 5360
2694 4040
2695 9860
2696 6260
2699 18820
2704 4560
2705 5040
2706 5040
2712 9480
2716 3220
2717 85500
2722 3220
2725 6200
2732 3560
2734 4860
2735 13520
2736 8280
2739 8700
2744 22420
2745 9180
2746 9180
2752 3640
2756 3660
2757 28540
2762 3660
2765 3880
2772 19800
2774 3960
2775 7820
2776 5580
2779 8840
2784 4260
2785 5140
2786 5140
2792 3340
2796 85500
2797 6020
2802 85500
2805 29140
2812 4620
2814 9480
2815 30260
2816 24420
2819 27860
2824 2900
2825 6380
2826 6380
2832 2500
2836 28540
2837 8580
2842 28540
2845 6260
2852 6020
2854 3640
2855 118100
2856 5740
2859 30300
2864 2140
2865 114340
2866 114340
2872 14200
2876 6020
2877 5100
2882 6020
2885 8280
2892 4440
2894 3340
2895 30620
2896 7460
2899 12520
2904 6780
2905 26100
2906 26100
2912 2680
2916 8580
2917 16740
2922 8580
2925 5580
2932 24200
2934 2500
2935 10560
2936 5040
2939 12940
2944 3220
2945 6000
2946 6000
2952 4400
2956 5100
2957 5460
2962 5100
2965 24420
2972 4460
2974 14200
2975 31500
2976 9180
2979 27420
2984 3660
2985 6356
