0 0
979 43240
1019 16900
1059 4040
1066 43240
1070 43240
1099 4860
1106 16900
1110 16900
1139 3960
1146 4040
1150 4040
1179 9480
1186 4860
1190 4860
1219 3640
1226 3960
1230 3960
1259 3340
1266 9480
1270 9480
1299 2500
1306 3640
1310 3640
1339 14200
1346 3340
1350 3340
1379 2680
1386 2500
1390 2500
1419 4400
1426 14200
1429 43240
1430 14200
1459 3660
1466 2680
1469 16900
1470 2680
1499 25840
1506 4400
1509 4040
1510 4400
1539 5340
1546 3660
1549 4860
1550 3660
1579 6400
1586 25840
1589 3960
1590 25840
1619 3460
1626 5340
1629 9480
1630 5340
1659 21220
1666 6400
1669 3640
1670 6400
1699 4820
1706 3460
1709 3340
1710 3460
1739 4340
1746 21220
1749 2500
1750 21220
1779 2680
1786 4820
1789 14200
1790 4820
1819 23880
1826 4340
1829 2680
1830 4340
1835 43240
1859 3760
1866 2680
1869 4400
1870 2680
1875 16900
1895 43240
1899 4520
1906 23880
1909 3660
1910 23880
1915 4040
1935 16900
1939 4560
1946 3760
1949 25840
1950 3760
1955 4860
1975 4040
1979 22420
1986 4520
1989 5340
1990 4520
1995 3960
2015 4860
2019 4260
2026 4560
2029 6400
2030 4560
2035 9480
2055 3960
2059 2900
2066 22420
2069 3460
2070 22420
2075 3640
2095 9480
2099 2140
2106 4260
2109 21220
2110 4260
2115 3340
2135 3640
2139 6780
2146 2900
2149 4820
2150 2900
2155 2500
2175 3340
2179 3220
2180 43240
2186 2140
2189 4340
2190 2140
2195 14200
2215 2500
2219 3660
2220 16900
2226 6780
2229 2680
2230 6780
2235 2680
2255 14200
2259 85500
2260 4040
2266 3220
2269 23880
2270 3220
2275 4400
2295 2680
2299 28540
2300 4860
2306 3660
2309 3760
2310 3660
2315 3660
2335 4400
2339 6020
2340 3960
2346 85500
2349 4520
2350 85500
2355 25840
2375 3660
2379 8580
2380 9480
2386 28540
2389 4560
2390 28540
2395 5340
2415 25840
2419 5100
2420 3640
2426 6020
2429 22420
2430 6020
2435 6400
2455 5340
2459 16740
2460 3340
2466 8580
2469 4260
2470 8580
2475 3460
2495 6400
2499 5460
2500 2500
2506 5100
2509 2900
2510 5100
2515 21220
2535 3460
2539 5360
2540 14200
2546 16740
2549 2140
2550 16740
2555 4820
2575 21220
2579 3560
2580 2680
2586 5460
2589 6780
2590 5460
2595 4340
2612 43240
2615 4820
2619 19800
2620 4400
2626 5360
2629 3220
2630 5360
2635 2680
2652 16900
2655 4340
2659 4620
2660 3660
2666 3560
2669 3660
2670 3560
2675 23880
2683 43240
2692 4040
2695 2680
2699 6020
2700 25840
2706 19800
2709 85500
2710 19800
2715 3760
2723 16900
2732 4860
2735 23880
2739 4440
2740 5340
2746 4620
2749 28540
2750 4620
2755 4520
2763 4040
2772 3960
2775 3760
2779 24200
2780 6400
2786 6020
2789 6020
2790 6020
2795 4560
2803 4860
2812 9480
2815 4520
2819 4460
2820 3460
2826 4440
2829 8580
2830 4440
2835 22420
2843 3960
2852 3640
2855 4560
2859 7180
2860 21220
2866 24200
2869 5100
2870 24200
2875 4260
2883 9480
2892 3340
2895 22420
2899 6540
2900 4820
2906 4460
2909 16740
2910 4460
2915 2900
2923 3640
2932 2500
2935 4260
2939 23960
2940 4340
2946 7180
2949 5460
2950 7180
2955 2140
2962 43240
2963 3340
2972 14200
2975 1595
