0 0
391 43240
404 43240
431 16900
444 16900
471 4040
484 4040
511 4860
524 4860
551 3960
564 3960
591 9480
604 9480
631 3640
644 3640
671 3340
684 3340
686 43240
711 2500
724 2500
726 16900
751 14200
764 14200
766 4040
790 43240
791 2680
804 2680
806 4860
830 16900
831 4400
844 4400
846 3960
870 4040
871 3660
884 3660
886 9480
910 4860
911 25840
924 25840
926 3640
950 3960
951 5340
964 5340
966 3340
990 9480
991 6400
1004 6400
1006 2500
1030 3640
1031 3460
1044 3460
1046 14200
1070 3340
1071 21220
1084 21220
1086 2680
1110 2500
1111 4820
1124 4820
1126 4400
1150 14200
1151 4340
1164 4340
1166 3660
1190 2680
1191 2680
1204 2680
1206 25840
1230 4400
1231 23880
1244 23880
1246 5340
1270 3660
1271 3760
1273 43240
1284 3760
1286 6400
1310 25840
1311 4520
1313 16900
1324 4520
1326 3460
1350 5340
1351 4560
1353 4040
1360 43240
1364 4560
1366 21220
1390 6400
1391 22420
1393 4860
1400 16900
1403 43240
1404 22420
1406 4820
1430 3460
1431 4260
1433 3960
1440 4040
1443 16900
1444 4260
1446 4340
1470 21220
1471 2900
1473 9480
1480 4860
1483 4040
1484 2900
1486 2680
1510 4820
1511 45380
1513 3640
1520 3960
1523 4860
1524 2140
1526 23880
1550 4340
1551 23680
1553 3340
1560 9480
1563 3960
1564 6780
1566 3760
1578 43240
1590 2680
1591 7260
1593 2500
1600 3640
1603 9480
1604 3220
1606 4520
1618 16900
1630 23880
1631 8520
1633 14200
1640 3340
1643 3640
1644 3660
1646 4560
1658 4040
1670 3760
1671 89460
1673 2680
1680 2500
1683 3340
1684 85500
1686 22420
1698 4860
1710 4520
1711 38020
1713 4400
1720 14200
1723 2500
1724 28540
1726 4260
1738 3960
1750 4560
1751 9660
1753 3660
1760 2680
1763 14200
1764 6020
1766 2900
1778 9480
1790 22420
1791 11920
1793 25840
1800 4400
1803 2680
1804 8580
1806 2140
1818 3640
1830 4260
1831 7600
1833 5340
1840 3660
1843 4400
1844 5100
1846 6780
1858 3340
1870 2900
1871 30940
1873 6400
1880 25840
1883 3660
1884 16740
1886 3220
1898 2500
1910 2140
1911 8140
1913 3460
1920 5340
1923 25840
1924 5460
1926 3660
1938 14200
1950 6780
1951 9760
1953 21220
1960 6400
1963 5340
1964 5360
1966 85500
1978 45920
1990 3220
1991 7220
1993 4820
2000 3460
2003 49640
2004 3560
2006 28540
2018 21300
2030 3660
2031 45640
2033 4340
2040 21220
2043 20360
2044 19800
2046 6020
2058 7700
2070 85500
2071 9960
2073 2680
2080 4820
2083 25260
2084 4620
2086 8580
2098 30700
2110 28540
2111 12420
2113 23880
2120 4340
2123 9680
2124 6020
2126 5100
2138 9300
2150 6020
2151 7900
2153 3760
2160 2680
2163 8300
2164 4440
2166 16740
2178 15880
2190 8580
2191 45420
2193 4520
2200 23880
2203 12160
2204 24200
2206 5460
2218 7100
2230 5100
2231 9280
2233 4560
2240 3760
2243 27520
2244 4460
2246 5360
2258 24560
2270 16740
2271 11520
2273 22420
2280 4520
2283 7100
2284 7180
2286 3560
2298 7320
2310 5460
2311 9220
2313 4260
2320 4560
2323 7020
2324 6540
2326 19800
2338 18540
2350 5360
2351 47840
2353 2900
2360 22420
2363 18760
2364 23960
2366 4620
2378 5360
2390 3560
2391 10380
2393 2140
2400 4260
2403 25100
2404 6620
2406 6020
2418 28280
2430 19800
2431 10720
2433 6780
2440 2900
2443 8660
2444 6200
2446 4440
2458 7420
2470 4620
2471 8440
2473 3220
2480 2140
2483 6560
2484 3880
2486 24200
2498 30360
2510 6020
2511 51560
2513 3660
2520 6780
2523 27980
2524 29140
2526 4460
2538 9900
2550 4440
2551 10520
2553 85500
2560 3220
2563 12120
2564 6260
2566 7180
2578 28820
2590 24200
2591 11180
2593 28540
2600 3660
2603 9620
2604 8280
2606 6540
2618 7720
2630 47700
2631 7720
2633 6020
2640 85500
2643 7120
2644 5580
2646 23960
2658 24120
2670 24080
2671 31200
2673 8580
2680 28540
2683 106720
2684 24420
2686 6620
2698 6960
2710 10580
2711 8960
2713 5100
2720 6020
2723 33360
2724 5740
2726 6200
2738 11120
2750 28820
2751 11120
2753 16740
2760 8580
2763 10360
2764 7460
2766 3880
2778 5900
2790 10580
2791 90540
2793 5460
2800 5100
2803 11260
2804 5040
2806 29140
2818 27540
2830 15680
2831 37720
2833 5360
2840 16740
2843 28980
2844 9180
2846 6260
2858 89260
2870 7520
2871 11160
2873 3560
2880 5460
2883 20500
2884 5140
2886 8280
2898 33060
2910 32480
2911 14960
2913 19800
2920 5360
2923 9980
2924 6380
2926 48820
2938 10580
2950 8760
2951 119440
2953 4620
2960 3560
2963 9920
2964 114340
2966 41320
2978 31000
2990 22480
2991 42840
