0 0
105 43240
145 16900
185 4040
225 4860
265 3960
305 9480
345 3640
385 3340
425 2500
465 14200
505 2680
545 4400
585 3660
625 25840
665 5340
705 6400
723 43240
745 3460
763 16900
785 21220
803 4040
825 4820
843 4860
865 4340
883 3960
905 2680
923 9480
945 23880
963 3640
985 3760
993 43240
1003 3340
1025 4520
1033 16900
1043 2500
1065 4560
1073 4040
1083 14200
1105 22420
1113 4860
1123 2680
1145 4260
1153 3960
1163 4400
1185 2900
1193 9480
1203 3660
1225 2140
1233 3640
1243 25840
1265 6780
1273 3340
1283 5340
1305 3220
1313 2500
1322 43240
1323 6400
1345 3660
1353 14200
1362 16900
1363 3460
1385 85500
1393 2680
1402 4040
1403 21220
1425 28540
1433 4400
1442 4860
1443 4820
1465 6020
1473 3660
1482 3960
1483 4340
1489 43240
1505 8580
1513 25840
1522 9480
1523 2680
1529 16900
1545 5100
1546 43240
1553 5340
1562 3640
1563 23880
1569 4040
1585 16740
1586 16900
1593 6400
1602 3340
1603 3760
1609 4860
1625 5460
1626 4040
1630 43240
1633 3460
1642 2500
1643 4520
1649 3960
1665 5360
1666 4860
1670 16900
1673 21220
1682 14200
1683 4560
1689 9480
1705 3560
1706 3960
1710 4040
1713 4820
1722 2680
1723 22420
1729 3640
1741 43240
1745 19800
1746 9480
1750 4860
1753 4340
1762 4400
1763 4260
1769 3340
1781 16900
1785 4620
1786 3640
1790 3960
1793 2680
1802 3660
1803 2900
1809 2500
1821 4040
1825 6020
1826 3340
1830 9480
1833 23880
1842 25840
1843 2140
1849 14200
1861 4860
1865 4440
1866 2500
1870 3640
1873 3760
1882 5340
1883 6780
1889 2680
1901 3960
1905 24200
1906 14200
1910 3340
1913 4520
1919 43240
1922 6400
1923 3220
1929 4400
1941 9480
1945 4460
1946 2680
1950 2500
1953 4560
1959 16900
1962 3460
1963 3660
1969 3660
1981 3640
1985 7180
1986 4400
1990 14200
1993 22420
1999 4040
2002 21220
2003 85500
2009 25840
2021 3340
2025 6540
2026 3660
2030 2680
2033 4260
2039 4860
2042 4820
2043 28540
2049 5340
2061 2500
2065 23960
2066 25840
2070 4400
2073 2900
2079 3960
2082 4340
2083 6020
2089 6400
2101 14200
2105 6620
2106 5340
2110 3660
2113 2140
2119 9480
2122 2680
2123 8580
2129 3460
2141 2680
2145 6200
2146 6400
2150 25840
2153 6780
2159 3640
2162 23880
2163 5100
2169 21220
2181 4400
2185 3880
2186 3460
2190 5340
2193 3220
2199 3340
2202 3760
2203 16740
2209 4820
2221 3660
2225 29140
2226 21220
2230 6400
2233 3660
2239 2500
2242 4520
2243 5460
2249 4340
2261 25840
2265 6260
2266 4820
2270 3460
2273 85500
2279 14200
2282 4560
2283 5360
2289 2680
2301 5340
2305 8280
2306 4340
2310 21220
2313 28540
2319 2680
2322 22420
2323 3560
2329 23880
2341 6400
2345 5580
2346 2680
2350 4820
2353 6020
2359 4400
2362 4260
2363 19800
2369 3760
2381 3460
2385 24420
2386 23880
2390 4340
2393 8580
2399 3660
2402 2900
2403 4620
2409 4520
2421 21220
2425 5740
2426 3760
2430 2680
2433 5100
2439 25840
2442 2140
2443 6020
2449 4560
2454 43240
2461 4820
2465 7460
2466 4520
2470 23880
2473 16740
2479 5340
2482 6780
2483 4440
2489 22420
2494 16900
2501 4340
2505 5040
2506 4560
2510 3760
2513 5460
2519 6400
2522 3220
2523 24200
2529 4260
2534 4040
2541 2680
2545 9180
2546 22420
2550 4520
2553 5360
2559 3460
2562 3660
2563 4460
2569 2900
2574 4860
2581 23880
2585 5140
2586 4260
2590 4560
2593 3560
2599 21220
2602 85500
2603 7180
2609 2140
2614 3960
2621 3760
2625 6380
2626 2900
2630 22420
2633 19800
2639 4820
2642 28540
2643 6540
2649 6780
2654 9480
2661 4520
2665 114340
2666 2140
2670 4260
2673 4620
2679 4340
2682 6020
2683 23960
2689 3220
2694 3640
2701 4560
2705 26100
2706 6780
2710 2900
2713 6020
2719 2680
2722 8580
2723 6620
2729 3660
2734 3340
2741 22420
2745 6000
2746 3220
2750 2140
2753 4440
2759 23880
2762 5100
2763 6200
2769 85500
2774 2500
2781 4260
2785 9080
2786 3660
2790 6780
2793 24200
2799 3760
2802 16740
2803 3880
2809 28540
2814 14200
2821 2900
2825 5860
2826 85500
2830 3220
2833 4460
2839 4520
2842 5460
2843 29140
2849 6020
2854 2680
2861 2140
2865 23580
2866 28540
2870 3660
2873 7180
2879 4560
2882 5360
2883 6260
2889 8580
2894 4400
2901 6780
2905 6480
2906 6020
2910 85500
2913 6540
2919 22420
2922 3560
2923 8280
2929 5100
2931 43240
2934 3660
2941 3220
2945 9400
2946 8580
2950 28540
2953 23960
2959 4260
2962 19800
2963 5580
2969 16740
2971 16900
2974 25840
2981 3660
2985 7200
2986 5100
