0 0
249 43240
289 16900
329 4040
369 4860
409 3960
449 9480
489 3640
529 3340
569 2500
609 14200
649 2680
654 43240
689 4400
694 16900
729 3660
734 4040
769 25840
774 4860
809 5340
814 3960
849 6400
854 9480
889 3460
894 3640
929 21220
934 3340
969 4820
974 2500
1009 4340
1014 14200
1049 2680
1054 2680
1089 23880
1094 4400
1129 3760
1134 3660
1169 4520
1174 25840
1209 4560
1214 5340
1249 22420
1254 6400
1289 4260
1294 3460
1329 2900
1334 21220
1369 2140
1374 4820
1409 6780
1414 4340
1449 3220
1454 2680
1489 3660
1494 23880
1529 85500
1534 3760
1569 28540
1574 4520
1609 6020
1614 4560
1649 8580
1654 22420
1689 5100
1694 4260
1729 16740
1734 2900
1769 5460
1774 2140
1809 5360
1814 6780
1823 43240
1849 3560
1854 3220
1863 16900
1889 19800
1894 3660
1903 4040
1929 4620
1934 85500
1943 4860
1944 43240
1969 6020
1974 28540
1983 3960
1984 16900
2009 4440
2014 6020
2023 9480
2024 4040
2049 24200
2054 8580
2063 3640
2064 4860
2089 4460
2094 5100
2103 3340
2104 3960
2129 7180
2134 16740
2143 2500
2144 9480
2169 6540
2174 5460
2183 14200
2184 3640
2209 23960
2214 5360
2223 2680
2224 3340
2249 6620
2254 3560
2263 4400
2264 2500
2289 6200
2294 19800
2303 3660
2304 14200
2329 3880
2334 4620
2343 25840
2344 2680
2367 43240
2369 29140
2374 6020
2383 5340
2384 4400
2407 16900
2409 6260
2414 4440
2423 6400
2424 3660
2435 43240
2447 4040
2449 8280
2454 24200
2463 3460
2464 25840
2475 16900
2487 4860
2489 5580
2494 4460
2503 21220
2504 5340
2515 4040
2527 3960
2529 24420
2534 7180
2543 4820
2544 6400
2555 4860
2567 9480
2569 5740
2574 6540
2583 4340
2584 3460
2595 3960
2607 3640
2609 7460
2614 23960
2619 43240
2620 43240
2623 2680
2624 21220
2635 9480
2647 3340
2649 5040
2654 6620
2655 43240
2659 16900
2660 16900
2663 23880
2664 4820
2675 3640
2687 2500
2689 9180
2694 6200
2695 16900
2699 4040
2700 4040
2703 3760
2704 4340
2715 3340
2727 14200
2729 5140
2734 3880
2735 4040
2739 4860
2740 4860
2743 4520
2744 2680
2755 2500
2767 2680
2769 6380
2774 29140
2775 4860
2779 3960
2780 3960
2783 4560
2784 23880
2795 14200
2807 4400
2809 114340
2814 6260
2815 3960
2819 9480
2820 9480
2823 22420
2824 3760
2835 2680
2847 3660
2849 26100
2854 8280
2855 9480
2859 3640
2860 3640
2863 4260
2864 4520
2875 4400
2887 25840
2889 6000
2894 5580
2895 3640
2899 3340
2900 3340
2903 2900
2904 4560
2915 3660
2927 5340
2929 9080
2934 24420
2935 3340
2939 2500
2940 2500
2943 2140
2944 22420
2955 25840
2967 6400
2969 5860
2974 5740
2975 2500
2979 14200
2980 14200
