0 0
104 43240
144 16900
184 4040
224 4860
264 3960
304 9480
319 43240
344 3640
359 16900
384 3340
399 4040
424 2500
439 4860
441 43240
464 14200
479 3960
481 16900
504 2680
519 9480
521 4040
544 4400
559 3640
561 4860
584 3660
599 3340
601 3960
624 25840
639 2500
641 9480
664 5340
679 14200
681 3640
691 43240
704 6400
719 2680
721 3340
731 16900
744 3460
759 4400
761 2500
771 4040
784 21220
799 3660
801 14200
811 4860
824 4820
839 25840
841 2680
851 3960
864 4340
879 5340
881 4400
891 9480
904 2680
919 6400
921 3660
931 3640
944 23880
959 3460
961 25840
971 3340
984 3760
999 64460
1001 5340
1011 2500
1024 4520
1039 21720
1041 6400
1051 14200
1064 4560
1079 8380
1081 3460
1091 2680
1104 22420
1119 7540
1121 21220
1131 4400
1144 4260
1159 27840
1161 4820
1171 3660
1184 2900
1199 13240
1201 4340
1211 25840
1224 2140
1239 8160
1241 2680
1251 5340
1264 6780
1279 7900
1281 23880
1291 6400
1304 3220
1319 24920
1321 3760
1331 3460
1334 43240
1344 3660
1359 18460
1361 4520
1371 21220
1374 16900
1384 85500
1399 5580
1401 4560
1411 4820
1414 4040
1424 28540
1439 6540
1441 22420
1451 4340
1454 4860
1464 6020
1479 10440
1481 4260
1491 2680
1494 3960
1504 8580
1519 29060
1521 2900
1531 23880
1534 9480
1544 5100
1555 43240
1559 9000
1561 2140
1571 3760
1574 3640
1584 16740
1595 16900
1599 91900
1601 6780
1611 4520
1614 3340
1624 5460
1635 4040
1639 32000
1641 3220
1651 4560
1654 2500
1664 5360
1675 4860
1679 27240
1681 3660
1691 22420
1694 14200
1704 3560
1715 3960
1719 13400
1721 85500
1731 4260
1734 2680
1744 19800
1755 9480
1759 9440
1761 28540
1771 2900
1774 4400
1784 4620
1795 3640
1799 19420
1801 6020
1811 2140
1814 3660
1824 6020
1835 3340
1839 29340
1841 8580
1851 6780
1854 25840
1864 4440
1875 2500
1879 9120
1881 5100
1891 3220
1894 5340
1904 24200
1915 14200
1919 8080
1920 43240
1921 16740
1931 3660
1934 6400
1944 4460
1955 2680
1959 24360
1960 16900
1961 5460
1971 85500
1974 3460
1984 7180
1995 4400
1999 27040
2000 4040
2001 5360
2011 28540
2014 21220
2024 6540
2035 3660
2039 10280
2040 4860
2041 3560
2051 6020
2054 4820
2064 23960
2075 25840
2079 7340
2080 3960
2081 19800
2091 8580
2094 4340
2104 6620
2112 43240
2115 5340
2119 26340
2120 9480
2121 4620
2131 5100
2134 2680
2144 6200
2152 16900
2155 6400
2159 11240
2160 3640
2161 6020
2171 16740
2174 23880
2184 3880
2192 4040
2195 3460
2199 10400
2200 3340
2201 4440
2211 5460
2214 3760
2224 29140
2232 4860
2235 21220
2239 10200
2240 2500
2241 24200
2251 5360
2254 4520
2264 6260
2272 3960
2275 4820
2279 109460
2280 14200
2281 4460
2291 3560
2294 4560
2304 8280
2312 9480
2315 4340
2319 35160
2320 2680
2321 7180
2324 43240
2331 19800
2334 22420
2344 5580
2352 3640
2355 2680
2359 12220
2360 4400
2361 6540
2364 16900
2371 4620
2374 4260
2384 24420
2392 3340
2395 23880
2399 12460
2400 3660
2401 23960
2404 4040
2411 6020
2414 2900
2424 5740
2432 2500
2435 3760
2439 34240
2440 25840
2441 6620
2444 4860
2451 4440
2454 2140
2464 7460
2472 14200
2475 4520
2479 23000
2480 5340
2481 6200
2484 3960
2491 24200
2494 6780
2504 5040
2512 2680
2515 4560
2519 13740
2520 6400
2521 3880
2524 9480
2531 4460
2534 3220
2544 9180
2552 4400
2555 22420
2559 10940
2560 3460
2561 29140
2564 3640
2571 7180
2574 3660
2584 5140
2592 3660
2595 4260
2599 27980
2600 21220
2601 6260
2604 3340
2611 6540
2614 85500
2624 6380
2632 25840
2635 2900
2639 25540
2640 4820
2641 8280
2644 2500
2651 23960
2654 28540
2664 114340
2672 5340
2675 2140
2679 12080
2680 4340
2681 5580
2684 14200
2691 6620
2694 6020
2704 26100
2712 6400
2715 6780
2719 11060
2720 2680
2721 24420
2724 2680
2731 6200
2734 8580
2744 6000
2752 3460
2755 3220
2759 13620
2760 23880
2761 5740
2764 4400
2771 3880
2774 5100
2784 9080
2792 21220
2795 3660
2799 29340
2800 3760
2801 7460
2804 3660
2811 29140
2814 16740
2824 5860
2832 4820
2835 85500
2839 10840
2840 4520
2841 5040
2844 25840
2851 6260
2854 5460
2864 23580
2872 4340
2875 28540
2879 121520
2880 4560
2881 9180
2884 5340
2891 8280
2894 5360
2904 6480
2909 43240
2912 2680
2915 6020
2919 32640
2920 22420
2921 5140
2924 6400
2931 5580
2934 3560
2944 9400
2949 16900
2952 23880
2955 8580
2959 29960
2960 4260
2961 6380
2964 3460
2965 43240
2971 24420
2974 19800
2984 2160
