0 0
679 43240
719 16900
759 4040
799 4860
839 3960
857 43240
862 43240
879 9480
897 16900
902 16900
903 43240
919 3640
937 4040
942 4040
943 16900
959 3340
977 4860
982 4860
983 4040
999 2500
1017 3960
1022 3960
1023 4860
1039 14200
1057 9480
1062 9480
1063 3960
1079 2680
1097 3640
1102 3640
1103 9480
1119 4400
1137 3340
1142 3340
1143 3640
1159 3660
1177 2500
1182 2500
1183 3340
1199 25840
1217 14200
1220 43240
1222 14200
1223 2500
1239 5340
1257 2680
1260 16900
1262 2680
1263 14200
1279 6400
1297 4400
1300 4040
1302 4400
1303 2680
1319 3460
1337 3660
1340 4860
1342 3660
1343 4400
1359 21220
1377 25840
1380 3960
1382 25840
1383 3660
1399 4820
1417 5340
1420 9480
1422 5340
1423 25840
1439 4340
1457 6400
1460 3640
1462 6400
1463 5340
1474 43240
1479 2680
1484 43240
1497 3460
1500 3340
1502 3460
1503 6400
1514 16900
1519 23880
1524 16900
1537 21220
1540 2500
1542 21220
1543 3460
1554 4040
1559 3760
1564 4040
1577 4820
1580 14200
1582 4820
1583 21220
1594 4860
1599 4520
1604 4860
1617 4340
1620 2680
1622 4340
1623 4820
1634 3960
1639 4560
1644 3960
1657 2680
1660 4400
1662 2680
1663 4340
1674 9480
1679 22420
1684 9480
1697 23880
1700 3660
1702 23880
1703 2680
1714 3640
1719 4260
1724 3640
1737 3760
1740 25840
1742 3760
1743 23880
1754 3340
1759 2900
1764 3340
1777 4520
1780 5340
1782 4520
1783 3760
1794 2500
1799 2140
1804 2500
1817 4560
1820 6400
1822 4560
1823 4520
1834 14200
1839 6780
1844 14200
1846 43240
1857 22420
1860 3460
1862 22420
1863 4560
1874 2680
1879 3220
1884 2680
1886 16900
1897 4260
1900 21220
1902 4260
1903 22420
1914 4400
1919 3660
1924 4400
1926 4040
1937 2900
1940 4820
1942 2900
1943 4260
1954 3660
1959 85500
1964 3660
1966 4860
1977 2140
1980 4340
1982 2140
1983 2900
1994 25840
1999 28540
2004 25840
2006 3960
2017 6780
2020 2680
2022 6780
2023 2140
2034 5340
2039 6020
2043 43240
2044 5340
2046 9480
2057 3220
2060 23880
2062 3220
2063 6780
2074 6400
2079 8580
2083 16900
2084 6400
2086 3640
2097 3660
2100 3760
2102 3660
2103 3220
2114 3460
2119 5100
2123 4040
2124 3460
2126 3340
2137 85500
2140 4520
2142 85500
2143 3660
2154 21220
2159 16740
2163 4860
2164 21220
2166 2500
2177 28540
2180 4560
2182 28540
2183 85500
2194 4820
2199 5460
2203 3960
2204 4820
2206 14200
2217 6020
2220 22420
2222 6020
2223 28540
2231 43240
2234 4340
2239 5360
2243 9480
2244 4340
2246 2680
2257 8580
2260 4260
2262 8580
2263 6020
2271 16900
2274 2680
2279 3560
2283 3640
2284 2680
2286 4400
2297 5100
2300 2900
2302 5100
2303 8580
2311 4040
2314 23880
2319 19800
2323 3340
2324 23880
2326 3660
2337 16740
2340 2140
2342 16740
2343 5100
2351 4860
2354 3760
2359 4620
2363 2500
2364 3760
2366 25840
2377 5460
2380 6780
2382 5460
2383 16740
2391 3960
2394 4520
2399 6020
2403 14200
2404 4520
2406 5340
2417 5360
2420 3220
2422 5360
2423 5460
2431 9480
2434 4560
2439 4440
2443 2680
2444 4560
2446 6400
2457 3560
2460 3660
2462 3560
2463 5360
2471 3640
2474 22420
2479 24200
2483 4400
2484 22420
2486 3460
2497 19800
2500 85500
2502 19800
2503 3560
2505 43240
2511 3340
2514 4260
2519 4460
2523 3660
2524 4260
2526 21220
2537 4620
2540 28540
2542 4620
2543 19800
2545 16900
2551 2500
2554 2900
2559 7180
2563 25840
2564 2900
2566 4820
2577 6020
2580 6020
2582 6020
2583 4620
2585 4040
2591 14200
2594 2140
2599 6540
2603 5340
2604 2140
2606 4340
2617 4440
2620 8580
2622 4440
2623 6020
2625 4860
2631 2680
2634 6780
2639 23960
2643 6400
2644 6780
2646 2680
2657 24200
2660 5100
2662 24200
2663 4440
2665 3960
2671 4400
2674 3220
2679 6620
2683 3460
2684 3220
2686 23880
2697 4460
2700 16740
2702 4460
2703 24200
2705 9480
2711 3660
2713 43240
2714 3660
2719 6200
2723 21220
2724 3660
2726 3760
2737 7180
2740 5460
2742 7180
2743 4460
2745 3640
2751 25840
2753 16900
2754 85500
2759 3880
2763 4820
2764 85500
2766 4520
2777 6540
2780 5360
2782 6540
2783 7180
2785 3340
2791 5340
2793 4040
2794 28540
2799 29140
2803 4340
2804 28540
2806 4560
2817 23960
2820 3560
2822 23960
2823 6540
2825 2500
2831 6400
2833 4860
2834 6020
2839 6260
2843 2680
2844 6020
2846 22420
2857 6620
2860 19800
2862 6620
2863 23960
2865 14200
2871 3460
2873 3960
2874 8580
2879 8280
2883 23880
2884 8580
2886 4260
2897 6200
2900 4620
2902 6200
2903 6620
2905 2680
2911 21220
2913 9480
2914 5100
2919 5580
2923 3760
2924 5100
2926 2900
2937 3880
2940 6020
2942 3880
2943 6200
2945 4400
2951 4820
2953 3640
2954 16740
2959 24420
2963 4520
2964 16740
2966 2140
2977 29140
2980 4440
2982 29140
2983 3880
2985 46900
2991 4340
