0 0
399 43240
439 16900
479 4040
519 4860
559 3960
599 9480
639 3640
654 43240
673 43240
679 3340
694 16900
713 16900
719 2500
734 4040
753 4040
759 14200
774 4860
793 4860
799 2680
814 3960
833 3960
839 4400
854 9480
873 9480
879 3660
894 3640
913 3640
919 25840
934 3340
953 3340
959 5340
974 2500
993 2500
999 6400
1014 14200
1033 14200
1039 3460
1054 2680
1072 43240
1073 2680
1079 21220
1094 4400
1112 16900
1113 4400
1119 4820
1134 3660
1152 4040
1153 3660
1159 4340
1174 25840
1192 4860
1193 25840
1199 2680
1214 5340
1215 43240
1232 3960
1233 5340
1239 23880
1254 6400
1255 16900
1272 9480
1273 6400
1279 3760
1294 3460
1295 4040
1312 3640
1313 3460
1319 4520
1334 21220
1335 4860
1352 3340
1353 21220
1359 4560
1374 4820
1375 3960
1392 2500
1393 4820
1399 22420
1414 4340
1415 9480
1432 14200
1433 4340
1439 4260
1454 2680
1455 3640
1472 2680
1473 2680
1479 2900
1494 23880
1495 3340
1512 4400
1513 23880
1519 2140
1534 3760
1535 2500
1552 3660
1553 3760
1557 43240
1559 6780
1574 4520
1575 14200
1592 25840
1593 4520
1597 16900
1599 3220
1614 4560
1615 2680
1632 5340
1633 4560
1637 4040
1639 3660
1654 22420
1655 4400
1672 6400
1673 22420
1677 4860
1679 85500
1694 4260
1695 3660
1712 3460
1713 4260
1717 3960
1719 28540
1734 2900
1735 25840
1752 21220
1753 2900
1757 9480
1759 6020
1774 2140
1775 5340
1792 4820
1793 2140
1797 3640
1799 8580
1814 6780
1815 6400
1832 4340
1833 6780
1837 3340
1839 5100
1844 43240
1854 3220
1855 3460
1872 2680
1873 3220
1877 2500
1879 16740
1884 16900
1894 3660
1895 21220
1912 23880
1913 3660
1914 43240
1917 14200
1919 5460
1924 4040
1934 85500
1935 4820
1952 3760
1953 85500
1954 16900
1957 2680
1959 5360
1964 4860
1974 28540
1975 4340
1992 4520
1993 28540
1994 4040
1997 4400
1999 3560
2002 43240
2004 3960
2014 6020
2015 2680
2032 4560
2033 6020
2034 4860
2037 3660
2039 19800
2042 16900
2044 9480
2054 8580
2055 23880
2072 22420
2073 8580
2074 3960
2077 25840
2079 4620
2082 4040
2084 3640
2094 5100
2095 3760
2112 4260
2113 5100
2114 9480
2117 5340
2119 6020
2122 4860
2124 3340
2134 16740
2135 4520
2152 2900
2153 16740
2154 3640
2157 6400
2159 4440
2162 3960
2164 2500
2174 5460
2175 4560
2192 2140
2193 5460
2194 3340
2197 3460
2199 24200
2202 9480
2204 14200
2214 5360
2215 22420
2232 6780
2233 5360
2234 2500
2237 21220
2239 4460
2242 3640
2244 2680
2254 3560
2255 4260
2272 3220
2273 3560
2274 14200
2277 4820
2279 7180
2282 3340
2284 4400
2294 19800
2295 2900
2312 3660
2313 19800
2314 2680
2317 4340
2319 6540
2322 2500
2324 3660
2334 4620
2335 2140
2352 85500
2353 4620
2354 4400
2357 2680
2359 23960
2362 14200
2364 25840
2374 6020
2375 6780
2392 28540
2393 6020
2394 3660
2397 23880
2399 6620
2402 2680
2404 5340
2414 4440
2415 3220
2432 6020
2433 4440
2434 25840
2437 3760
2439 6200
2442 4400
2444 6400
2454 24200
2455 3660
2472 8580
2473 24200
2474 5340
2477 4520
2479 3880
2482 3660
2484 3460
2494 4460
2495 85500
2512 5100
2513 4460
2514 6400
2517 4560
2519 29140
2522 25840
2524 21220
2534 7180
2535 28540
2552 16740
2553 7180
2554 3460
2557 22420
2559 6260
2562 5340
2564 4820
2574 6540
2575 6020
2592 5460
2593 6540
2594 21220
2597 4260
2599 8280
2602 6400
2604 4340
2614 23960
2615 8580
2632 5360
2633 23960
2634 4820
2637 2900
2639 5580
2642 3460
2644 2680
2654 6620
2655 5100
2659 43240
2672 3560
2673 6620
2674 4340
2677 2140
2679 24420
2682 21220
2684 23880
2694 6200
2695 16740
2699 16900
2712 19800
2713 6200
2714 2680
2717 6780
2719 5740
2721 43240
2722 4820
2724 3760
2734 3880
2735 5460
2739 4040
2752 4620
2753 3880
2754 23880
2757 3220
2759 7460
2761 16900
2762 4340
2764 4520
2774 29140
2775 5360
2779 4860
2792 6020
2793 29140
2794 3760
2797 3660
2799 5040
2801 4040
2802 2680
2804 4560
2814 6260
2815 3560
2819 3960
2832 4440
2833 6260
2834 4520
2837 85500
2839 9180
2841 4860
2842 23880
2844 22420
2854 8280
2855 19800
2859 9480
2872 24200
2873 8280
2874 4560
2877 28540
2879 5140
2881 3960
2882 3760
2884 4260
2894 5580
2895 4620
2899 3640
2912 4460
2913 5580
2914 22420
2917 6020
2919 6380
2921 9480
2922 4520
2924 2900
2934 24420
2935 6020
2939 3340
2952 50420
2953 24420
2954 4260
2957 8580
2959 114340
2961 3640
2962 4560
2964 2140
2974 5740
2975 4440
