0 0
522 43240
562 16900
602 4040
642 4860
682 3960
722 9480
762 3640
802 3340
842 2500
882 14200
922 2680
962 4400
1002 3660
1042 25840
1082 5340
1122 6400
1162 3460
1202 21220
1242 4820
1282 4340
1322 2680
1327 43240
1349 43240
1362 23880
1367 16900
1389 16900
1401 43240
1402 3760
1407 4040
1429 4040
1441 16900
1442 4520
1447 4860
1458 43240
1469 48100
1481 4040
1482 4560
1487 3960
1494 43240
1498 16900
1504 43240
1509 20860
1521 4860
1522 22420
1527 9480
1534 16900
1538 4040
1544 16900
1549 13520
1555 43240
1561 3960
1562 4260
1567 3640
1574 4040
1578 4860
1584 4040
1589 8500
1595 16900
1601 9480
1602 2900
1607 3340
1614 4860
1618 3960
1624 4860
1629 7300
1635 4040
1641 3640
1642 2140
1647 2500
1654 3960
1658 9480
1664 3960
1669 11980
1675 4860
1681 3340
1682 6780
1687 14200
1694 9480
1698 3640
1704 9480
1709 17840
1715 3960
1721 2500
1722 3220
1727 2680
1734 3640
1738 3340
1744 3640
1749 6020
1755 9480
1761 14200
1762 3660
1767 4400
1774 3340
1778 2500
1784 3340
1789 6900
1795 3640
1801 2680
1802 85500
1807 3660
1814 2500
1818 14200
1824 2500
1829 17860
1835 3340
1841 4400
1842 28540
1847 25840
1854 14200
1858 2680
1864 14200
1869 28520
1875 2500
1881 3660
1882 6020
1887 5340
1894 2680
1898 4400
1904 2680
1909 9740
1915 14200
1921 25840
1922 8580
1927 6400
1934 4400
1938 3660
1944 4400
1949 10060
1955 2680
1961 5340
1962 5100
1967 3460
1974 3660
1978 25840
1984 3660
1989 29300
1995 4400
2001 6400
2002 16740
2007 21220
2014 25840
2018 5340
2024 25840
2029 26560
2035 3660
2041 3460
2042 5460
2047 4820
2054 5340
2058 6400
2064 5340
2069 11220
2075 25840
2081 21220
2082 5360
2087 4340
2094 6400
2098 3460
2104 6400
2109 7800
2115 5340
2121 4820
2122 3560
2127 2680
2134 3460
2138 21220
2144 3460
2149 23900
2155 6400
2161 4340
2162 19800
2167 23880
2174 21220
2178 4820
2184 21220
2189 28700
2195 3460
2201 2680
2202 4620
2207 3760
2214 4820
2218 4340
2224 4820
2229 8100
2235 21220
2241 23880
2242 6020
2247 4520
2254 4340
2258 2680
2264 4340
2269 7200
2273 43240
2275 4820
2281 3760
2282 4440
2287 4560
2294 2680
2298 23880
2304 2680
2309 28440
2313 16900
2315 4340
2321 4520
2322 24200
2327 22420
2334 23880
2338 3760
2344 23880
2349 26180
2353 4040
2355 2680
2361 4560
2362 4460
2367 4260
2374 3760
2378 4520
2384 3760
2389 8780
2393 4860
2395 23880
2401 22420
2402 7180
2407 2900
2414 4520
2418 4560
2424 4520
2429 7460
2433 3960
2435 3760
2441 4260
2442 6540
2447 45380
2454 4560
2458 22420
2464 4560
2469 24560
2473 9480
2475 4520
2481 2900
2482 23960
2487 23680
2494 22420
2498 4260
2504 22420
2509 11040
2513 3640
2515 4560
2521 2140
2522 6620
2527 7260
2534 4260
2538 2900
2544 4260
2549 6120
2553 3340
2555 22420
2561 6780
2562 6200
2567 8520
2574 2900
2578 2140
2584 2900
2589 5800
2593 2500
2595 4260
2601 3220
2602 3880
2607 89460
2614 2140
2618 6780
2624 2140
2629 92280
2633 14200
2635 2900
2641 3660
2642 29140
2647 38020
2654 6780
2658 3220
2664 6780
2669 31760
2673 2680
2675 2140
2681 85500
2682 6260
2687 9660
2694 3220
2698 3660
2704 3220
2709 9680
2713 4400
2715 6780
2721 28540
2722 8280
2727 11920
2734 3660
2738 85500
2740 43240
2744 3660
2749 94080
2753 3660
2755 3220
2761 6020
2762 5580
2767 7600
2774 85500
2778 28540
2780 16900
2784 85500
2789 33640
2793 25840
2795 3660
2801 8580
2802 24420
2807 30940
2814 28540
2818 6020
2820 4040
2824 28540
2829 22760
2833 5340
2835 85500
2841 5100
2842 5740
2847 8140
2854 6020
2858 8580
2860 4860
2864 6020
2869 14040
2873 6400
2875 28540
2881 16740
2882 7460
2887 9760
2894 8580
2898 5100
2900 3960
2904 8580
2909 10460
2913 3460
2915 6020
2921 5460
2922 5040
2927 7220
2934 5100
2938 16740
2940 9480
2944 5100
2949 20300
2953 21220
2955 8580
2961 5360
2962 9180
2963 43240
2967 45640
2974 16740
2978 5460
2980 3640
2984 16740
2989 25260
2993 4338
