0 0
106 43240
146 16900
186 4040
226 4860
266 3960
306 9480
346 3640
386 3340
426 2500
466 14200
506 2680
546 4400
586 3660
593 43240
626 25840
633 16900
666 5340
673 4040
706 6400
713 4860
746 3460
753 3960
786 21220
793 9480
826 4820
833 3640
866 4340
873 3340
906 2680
913 2500
946 23880
953 14200
986 3760
993 2680
1026 4520
1033 4400
1066 4560
1073 3660
1106 22420
1113 25840
1146 4260
1153 5340
1157 43240
1186 2900
1193 6400
1197 16900
1226 2140
1233 3460
1237 4040
1266 6780
1273 21220
1277 4860
1306 3220
1313 4820
1317 3960
1346 3660
1353 4340
1357 52720
1386 85500
1393 2680
1397 20540
1426 28540
1433 23880
1437 7380
1448 43240
1466 6020
1473 3760
1477 7360
1488 16900
1506 8580
1513 4520
1517 18160
1528 4040
1546 5100
1553 4560
1557 12160
1568 4860
1586 16740
1593 22420
1597 51280
1608 3960
1626 5460
1633 4260
1637 23900
1648 9480
1666 5360
1673 2900
1677 32380
1688 3640
1706 3560
1713 2140
1717 24400
1728 3340
1746 19800
1753 6780
1757 13040
1768 2500
1786 4620
1793 3220
1797 17340
1808 14200
1826 6020
1828 43240
1833 3660
1837 28520
1848 2680
1866 4440
1868 16900
1873 85500
1877 34000
1888 4400
1906 24200
1908 4040
1913 28540
1917 12180
1928 3660
1946 4460
1948 4860
1953 6020
1957 23280
1968 25840
1986 7180
1988 3960
1993 8580
1997 30020
2008 5340
2026 6540
2028 9480
2033 5100
2037 29380
2048 6400
2066 23960
2068 3640
2073 16740
2077 13000
2088 3460
2090 43240
2106 6620
2108 3340
2113 5460
2117 34740
2128 21220
2130 16900
2146 6200
2148 2500
2153 5360
2157 30440
2168 4820
2170 4040
2186 3880
2188 14200
2193 3560
2197 34540
2208 4340
2210 4860
2226 29140
2228 2680
2233 19800
2237 10120
2248 2680
2250 3960
2266 6260
2268 4400
2273 4620
2275 43240
2277 27880
2288 23880
2290 9480
2306 8280
2308 3660
2313 6020
2315 16900
2317 16160
2328 3760
2330 3640
2346 5580
2348 25840
2353 4440
2355 4040
2357 29980
2368 4520
2370 3340
2386 24420
2388 5340
2393 24200
2395 4860
2397 10600
2408 47800
2410 2500
2426 5740
2428 6400
2433 4460
2435 3960
2437 112280
2448 39320
2450 14200
2466 7460
2468 3460
2473 7180
2475 9480
2477 34440
2488 8300
2490 2680
2506 5040
2508 21220
2513 6540
2515 3640
2517 17320
2528 7760
2530 4400
2546 9180
2548 4820
2553 23960
2555 3340
2557 16360
2568 6100
2570 3660
2586 5140
2588 4340
2593 6620
2595 2500
2597 31180
2608 16260
2610 25840
2626 6380
2628 2680
2633 6200
2635 14200
2637 106500
2648 6860
2650 5340
2666 114340
2668 23880
2673 3880
2675 2680
2677 36900
2688 7000
2690 6400
2706 26100
2708 3760
2713 29140
2715 4400
2717 13520
2728 88000
2730 3460
2746 6000
2748 4520
2753 6260
2755 3660
2757 18920
2768 42740
2770 21220
2786 9080
2788 4560
2793 8280
2795 25840
2797 28120
2801 43240
2808 8700
2810 4820
2826 5860
2828 22420
2833 5580
2835 5340
2837 25020
2841 16900
2848 12980
2850 4340
2866 23580
2868 4260
2873 24420
2875 6400
2877 96980
2881 4040
2888 8760
2890 2680
2906 6480
2908 2900
2913 5740
2915 3460
2917 38340
2921 4860
2922 43240
2928 42580
2930 23880
2946 9400
2948 2140
2953 7460
2955 21220
2957 33780
2961 3960
2962 16900
2968 10800
2970 3760
2986 7200
2988 6780
