0 0
227 43240
267 16900
307 4040
347 4860
387 3960
427 9480
467 3640
507 3340
547 2500
587 14200
627 2680
667 4400
707 3660
747 25840
787 5340
827 6400
834 43240
844 43240
867 3460
874 16900
884 16900
907 21220
914 4040
924 4040
947 4820
954 4860
964 4860
987 4340
994 3960
1004 3960
1027 2680
1034 9480
1044 9480
1067 23880
1074 3640
1084 3640
1107 3760
1114 3340
1124 3340
1147 4520
1154 2500
1164 2500
1187 4560
1194 14200
1204 14200
1227 22420
1234 2680
1244 2680
1267 4260
1274 4400
1284 4400
1307 2900
1314 3660
1324 3660
1347 2140
1354 25840
1364 25840
1387 6780
1394 5340
1404 5340
1427 3220
1434 6400
1444 6400
1467 3660
1474 3460
1484 3460
1507 85500
1514 21220
1524 21220
1547 28540
1554 4820
1564 4820
1587 6020
1594 4340
1604 4340
1627 8580
1634 2680
1644 2680
1667 5100
1674 23880
1684 23880
1707 16740
1714 3760
1724 3760
1747 5460
1754 4520
1764 4520
1770 43240
1787 5360
1794 4560
1804 4560
1810 16900
1827 3560
1834 22420
1844 22420
1850 4040
1867 19800
1874 4260
1884 4260
1890 4860
1907 4620
1914 2900
1924 2900
1930 3960
1947 6020
1954 2140
1964 2140
1966 43240
1970 9480
1987 4440
1994 6780
2004 6780
2006 16900
2010 3640
2027 24200
2034 3220
2044 3220
2046 4040
2050 3340
2067 4460
2074 3660
2084 3660
2086 4860
2090 2500
2107 7180
2114 85500
2124 85500
2126 3960
2130 14200
2147 6540
2154 28540
2164 28540
2166 9480
2170 2680
2187 23960
2194 6020
2204 6020
2206 3640
2210 4400
2227 6620
2232 43240
2234 8580
2244 8580
2245 43240
2246 3340
2250 3660
2267 6200
2272 16900
2274 5100
2284 5100
2285 16900
2286 2500
2290 25840
2307 3880
2312 4040
2314 16740
2324 16740
2325 4040
2326 14200
2330 5340
2347 29140
2352 4860
2354 5460
2364 5460
2365 4860
2366 2680
2370 6400
2387 6260
2392 3960
2394 5360
2404 5360
2405 3960
2406 4400
2410 3460
2427 8280
2432 9480
2434 3560
2444 3560
2445 9480
2446 3660
2450 21220
2467 5580
2472 3640
2474 19800
2484 19800
2485 3640
2486 25840
2490 4820
2507 24420
2512 3340
2514 4620
2524 4620
2525 3340
2526 5340
2530 4340
2547 5740
2551 43240
2552 2500
2554 6020
2564 6020
2565 2500
2566 6400
2570 2680
2587 50700
2591 16900
2592 14200
2594 4440
2604 4440
2605 14200
2606 3460
2610 23880
2627 21940
2631 4040
2632 2680
2634 24200
2644 24200
2645 2680
2646 21220
2650 3760
2667 13220
2671 4860
2672 47640
2674 4460
2684 4460
2685 4400
2686 4820
2690 4520
2707 10000
2711 3960
2712 20560
2714 7180
2724 7180
2725 3660
2726 4340
2730 4560
2747 10340
2751 9480
2752 29880
2754 6540
2764 6540
2765 25840
2766 2680
2770 22420
2787 123820
2791 3640
2792 10200
2794 23960
2804 23960
2805 5340
2806 23880
2810 4260
2827 29740
2831 3340
2832 10360
2834 6620
2844 6620
2845 6400
2846 3760
2850 2900
2867 9340
2871 2500
2872 12940
2874 6200
2884 6200
2885 3460
2886 4520
2890 2140
2907 11580
2911 14200
2912 24860
2914 3880
2924 3880
2925 21220
2926 4560
2930 6780
2947 20060
2951 2680
2952 8160
2954 29140
2964 29140
2965 4820
2966 22420
2970 2737
