0 0
678 43240
707 43240
718 16900
720 43240
747 16900
758 4040
760 16900
785 43240
787 4040
798 4860
800 4040
825 16900
827 4860
838 3960
840 4860
865 4040
867 3960
878 9480
880 3960
905 4860
907 9480
918 3640
920 9480
945 3960
947 3640
958 3340
960 3640
962 43240
985 9480
987 3340
998 2500
1000 3340
1002 16900
1025 3640
1027 2500
1038 14200
1040 2500
1042 4040
1065 3340
1067 14200
1078 2680
1080 14200
1082 4860
1094 43240
1105 2500
1107 2680
1118 4400
1120 2680
1122 3960
1134 16900
1145 14200
1147 4400
1158 3660
1160 4400
1162 9480
1174 4040
1185 2680
1187 3660
1198 25840
1200 3660
1202 3640
1214 4860
1225 4400
1227 25840
1238 5340
1240 25840
1242 3340
1254 3960
1265 3660
1267 5340
1278 6400
1280 5340
1282 2500
1294 9480
1305 25840
1307 6400
1318 3460
1320 6400
1322 14200
1334 3640
1345 5340
1347 3460
1358 21220
1360 3460
1362 2680
1374 3340
1385 6400
1387 21220
1398 4820
1400 21220
1402 4400
1414 2500
1425 3460
1427 4820
1438 4340
1440 4820
1442 3660
1454 14200
1457 43240
1465 21220
1467 4340
1478 2680
1480 4340
1482 25840
1494 2680
1497 16900
1505 4820
1507 2680
1518 23880
1520 2680
1522 5340
1527 43240
1534 4400
1537 4040
1545 4340
1547 23880
1558 3760
1560 23880
1562 6400
1567 16900
1574 3660
1577 4860
1585 2680
1587 3760
1598 4520
1600 3760
1602 3460
1607 4040
1614 25840
1617 3960
1625 23880
1627 4520
1638 4560
1640 4520
1642 64460
1647 4860
1654 5340
1657 9480
1665 3760
1667 4560
1678 22420
1680 4560
1682 21720
1687 3960
1694 6400
1697 3640
1705 4520
1707 22420
1718 4260
1720 22420
1722 8380
1727 9480
1734 3460
1737 3340
1745 4560
1747 4260
1758 2900
1760 4260
1762 7540
1767 3640
1774 21220
1777 2500
1785 22420
1787 2900
1798 2140
1800 2900
1802 27840
1807 3340
1814 4820
1817 14200
1825 4260
1827 2140
1838 6780
1840 2140
1842 13240
1847 2500
1854 4340
1857 2680
1865 2900
1867 6780
1878 3220
1880 6780
1882 8160
1887 14200
1894 2680
1897 4400
1905 2140
1907 3220
1918 3660
1920 3220
1922 7900
1927 2680
1934 23880
1937 3660
1945 6780
1947 3660
1958 85500
1960 3660
1962 24920
1967 4400
1974 3760
1977 25840
1985 3220
1987 85500
1998 28540
2000 85500
2002 18460
2007 3660
2014 4520
2017 5340
2025 3660
2027 28540
2038 6020
2040 28540
2042 5580
2047 25840
2054 4560
2057 6400
2065 85500
2067 6020
2078 8580
2080 6020
2082 6540
2087 5340
2094 22420
2097 3460
2105 28540
2107 8580
2118 5100
2120 8580
2122 10440
2127 6400
2134 4260
2137 21220
2145 6020
2147 5100
2158 16740
2160 5100
2162 29060
2167 3460
2174 2900
2177 4820
2185 8580
2187 16740
2192 43240
2198 5460
2200 16740
2202 9000
2207 21220
2214 2140
2217 4340
2225 5100
2227 5460
2232 16900
2238 5360
2240 5460
2242 91900
2247 4820
2254 6780
2257 2680
2265 16740
2267 5360
2272 4040
2278 3560
2280 5360
2282 32000
2287 4340
2294 3220
2297 23880
2305 5460
2307 3560
2312 4860
2318 19800
2320 3560
2322 27240
2327 2680
2334 3660
2337 3760
2345 5360
2347 19800
2352 3960
2358 4620
2360 19800
2362 13400
2367 23880
2374 85500
2377 4520
2385 3560
2387 4620
2392 9480
2398 6020
2400 4620
2402 9440
2407 3760
2414 28540
2417 4560
2425 19800
2427 6020
2428 43240
2432 3640
2438 4440
2440 6020
2442 19420
2447 4520
2454 6020
2457 22420
2465 4620
2467 4440
2468 16900
2472 3340
2478 24200
2480 4440
2482 29340
2487 4560
2494 8580
2497 4260
2505 6020
2506 43240
2507 24200
2508 4040
2512 2500
2518 4460
2520 24200
2522 9120
2527 22420
2534 5100
2537 2900
2545 4440
2546 16900
2547 4460
2548 4860
2552 14200
2558 7180
2560 4460
2562 8080
2567 4260
2574 16740
2577 2140
2585 24200
2586 4040
2587 7180
2588 3960
2592 2680
2598 6540
2600 7180
2602 24360
2607 2900
2614 5460
2617 6780
2625 4460
2626 4860
2627 6540
2628 9480
2632 4400
2638 23960
2640 6540
2642 27040
2647 2140
2654 5360
2657 3220
2665 7180
2666 3960
2667 23960
2668 3640
2672 3660
2678 6620
2680 23960
2682 10280
2687 6780
2694 3560
2697 3660
2705 6540
2706 9480
2707 6620
2708 3340
2712 25840
2718 6200
2720 6620
2722 7340
2727 3220
2734 19800
2737 85500
2745 23960
2746 3640
2747 6200
2748 2500
2752 5340
2758 3880
2760 6200
2762 26340
2767 3660
2774 4620
2777 28540
2785 6620
2786 3340
2787 3880
2788 14200
2792 6400
2798 29140
2800 3880
2802 11240
2807 85500
2814 6020
2817 6020
2825 6200
2826 2500
2827 29140
2828 2680
2832 3460
2838 6260
2840 29140
2842 10400
2847 28540
2854 4440
2857 8580
2865 3880
2866 14200
2867 6260
2868 4400
2872 21220
2878 8280
2880 6260
2882 10200
2887 6020
2894 24200
2897 5100
2905 29140
2906 2680
2907 8280
2908 3660
2911 43240
2912 4820
2918 5580
2920 8280
2922 109460
2927 8580
2934 4460
2937 16740
2945 6260
2946 4400
2947 5580
2948 25840
2951 16900
2952 4340
2958 24420
2960 5580
2962 35160
2967 5100
2974 7180
2977 5460
2985 8280
