0 0
435 43240
475 16900
515 4040
555 4860
585 43240
595 3960
625 16900
635 9480
665 4040
675 3640
705 4860
715 3340
745 3960
755 2500
785 9480
795 14200
802 43240
825 3640
835 2680
842 16900
865 3340
875 4400
882 4040
905 2500
915 3660
922 4860
945 14200
955 25840
962 3960
985 2680
995 5340
1002 9480
1025 4400
1035 6400
1042 3640
1065 3660
1075 3460
1082 3340
1105 25840
1115 21220
1122 2500
1145 5340
1155 4820
1162 14200
1185 6400
1195 4340
1202 2680
1225 3460
1234 43240
1235 2680
1242 4400
1253 43240
1265 21220
1274 16900
1275 23880
1282 3660
1293 16900
1305 4820
1314 4040
1315 3760
1322 25840
1333 4040
1337 43240
1345 4340
1354 4860
1355 4520
1362 5340
1373 4860
1377 16900
1385 2680
1394 3960
1395 4560
1402 6400
1413 3960
1417 4040
1425 23880
1434 9480
1435 22420
1442 3460
1453 9480
1457 4860
1465 3760
1474 3640
1475 4260
1482 21220
1493 3640
1497 3960
1505 4520
1514 3340
1515 2900
1522 4820
1533 3340
1537 9480
1545 4560
1554 2500
1555 2140
1562 4340
1573 2500
1577 3640
1585 22420
1594 14200
1595 6780
1602 2680
1613 14200
1617 3340
1625 4260
1634 2680
1635 3220
1642 23880
1653 2680
1657 2500
1665 2900
1674 4400
1675 3660
1682 3760
1693 4400
1697 14200
1705 2140
1714 3660
1715 85500
1722 4520
1733 3660
1737 2680
1745 6780
1754 25840
1755 28540
1762 4560
1773 25840
1777 4400
1785 3220
1794 5340
1795 6020
1802 22420
1813 5340
1817 3660
1825 3660
1834 6400
1835 8580
1842 4260
1853 6400
1857 25840
1859 43240
1865 85500
1874 3460
1875 5100
1882 2900
1893 3460
1897 5340
1899 16900
1905 28540
1906 43240
1914 21220
1915 16740
1922 2140
1933 21220
1937 6400
1939 4040
1945 6020
1946 16900
1954 4820
1955 5460
1962 6780
1973 4820
1977 3460
1979 4860
1985 8580
1986 4040
1994 4340
1995 5360
2002 3220
2013 4340
2017 21220
2019 3960
2025 5100
2026 4860
2034 2680
2035 3560
2042 3660
2053 2680
2057 4820
2059 9480
2065 16740
2066 3960
2074 23880
2075 19800
2082 85500
2093 23880
2097 4340
2099 3640
2105 5460
2106 9480
2114 3760
2115 4620
2122 28540
2133 3760
2137 2680
2139 3340
2145 5360
2146 3640
2154 4520
2155 6020
2162 6020
2173 4520
2177 23880
2179 2500
2185 3560
2186 3340
2194 4560
2195 4440
2202 8580
2213 4560
2217 3760
2219 14200
2225 19800
2226 2500
2234 22420
2235 24200
2236 43240
2242 5100
2253 22420
2257 4520
2259 2680
2265 4620
2266 14200
2274 4260
2275 4460
2276 16900
2282 16740
2293 4260
2297 4560
2299 4400
2305 6020
2306 2680
2314 2900
2315 7180
2316 4040
2322 5460
2333 2900
2337 22420
2339 3660
2345 4440
2346 4400
2354 2140
2355 6540
2356 4860
2362 5360
2373 2140
2377 4260
2379 25840
2385 24200
2386 3660
2394 6780
2395 23960
2396 3960
2402 3560
2413 6780
2417 2900
2419 5340
2425 4460
2426 25840
2434 3220
2435 6620
2436 9480
2442 19800
2453 3220
2457 2140
2459 6400
2465 7180
2466 5340
2474 3660
2475 6200
2476 3640
2482 4620
2493 3660
2497 6780
2499 3460
2505 6540
2506 6400
2514 85500
2515 3880
2516 3340
2522 6020
2533 85500
2537 3220
2539 21220
2545 23960
2546 3460
2554 28540
2555 29140
2556 2500
2562 4440
2573 28540
2577 3660
2579 4820
2585 6620
2586 21220
2594 6020
2595 6260
2596 14200
2602 24200
2613 6020
2617 85500
2619 4340
2624 43240
2625 6200
2626 4820
2634 8580
2635 8280
2636 2680
2642 4460
2653 8580
2657 28540
2659 2680
2660 43240
2664 16900
2665 3880
2666 4340
2674 5100
2675 5580
2676 4400
2682 7180
2693 5100
2697 6020
2699 23880
2700 16900
2704 4040
2705 29140
2706 2680
2714 16740
2715 24420
2716 3660
2722 6540
2733 16740
2737 8580
2739 3760
2740 4040
2744 4860
2745 6260
2746 23880
2754 5460
2755 5740
2756 25840
2762 23960
2773 5460
2777 5100
2779 4520
2780 4860
2784 3960
2785 8280
2786 3760
2794 5360
2795 7460
2796 5340
2802 6620
2813 5360
2817 16740
2819 4560
2820 3960
2824 9480
2825 5580
2826 4520
2834 3560
2835 5040
2836 6400
2842 6200
2853 3560
2857 5460
2859 22420
2860 9480
2864 3640
2865 24420
2866 4560
2874 19800
2875 9180
2876 3460
2882 3880
2893 19800
2897 5360
2899 4260
2900 3640
2904 3340
2905 5740
2906 22420
2914 4620
2915 5140
2916 21220
2922 29140
2933 4620
2937 3560
2939 2900
2940 3340
2944 2500
2945 7460
2946 4260
2954 6020
2955 6380
2956 4820
2962 6260
2973 6020
2977 19800
2979 2140
2980 2500
2984 14200
2985 5040
2986 2900
