0 0
226 43240
266 16900
278 43240
306 4040
318 16900
346 4860
358 4040
386 47200
398 4860
426 26380
438 3960
466 7680
478 9480
506 8200
518 3640
546 6460
558 3340
586 23680
598 2500
626 6320
638 14200
666 7740
678 2680
706 6160
718 4400
736 43240
746 40040
758 3660
775 43240
776 16900
786 8020
798 25840
815 16900
816 4040
826 10800
838 5340
855 4040
856 4860
866 7120
878 6400
895 4860
896 3960
906 47060
918 3460
935 3960
936 9480
946 10160
958 21220
975 9480
976 3640
986 10740
998 4820
1015 3640
1016 3340
1026 6140
1038 4340
1055 3340
1056 2500
1066 45100
1078 2680
1079 43240
1095 2500
1096 14200
1106 8580
1118 23880
1119 16900
1135 14200
1136 2680
1146 8860
1158 3760
1159 4040
1175 2680
1176 4400
1186 7240
1198 4520
1199 4860
1215 4400
1216 3660
1226 46300
1238 4560
1239 3960
1255 3660
1256 25840
1266 8020
1278 22420
1279 9480
1285 43240
1295 25840
1296 5340
1306 7420
1318 4260
1319 3640
1325 16900
1335 5340
1336 6400
1346 6700
1358 2900
1359 3340
1365 4040
1375 6400
1376 3460
1386 29200
1398 2140
1399 2500
1405 4860
1415 3460
1416 21220
1426 7480
1438 6780
1439 14200
1445 3960
1455 21220
1456 4820
1466 6560
1478 3220
1479 2680
1485 9480
1495 4820
1496 4340
1506 87640
1518 3660
1519 4400
1525 3640
1535 4340
1536 2680
1546 35320
1550 43240
1558 85500
1559 3660
1565 3340
1575 2680
1576 23880
1586 9240
1590 16900
1598 28540
1599 25840
1605 2500
1615 23880
1616 3760
1626 12240
1630 4040
1638 6020
1639 5340
1645 14200
1655 3760
1656 4520
1666 90600
1670 4860
1678 8580
1679 6400
1685 2680
1695 4520
1696 4560
1706 45280
1710 3960
1718 5100
1719 3460
1725 4400
1735 4560
1736 22420
1746 11480
1750 9480
1758 16740
1759 21220
1760 43240
1765 3660
1775 22420
1776 4260
1786 13940
1790 3640
1798 5460
1799 4820
1800 16900
1805 25840
1815 4260
1816 2900
1826 8660
1830 3340
1838 5360
1839 4340
1840 4040
1845 5340
1855 2900
1856 2140
1866 36540
1870 2500
1878 3560
1879 2680
1880 4860
1885 6400
1895 2140
1896 6780
1906 10080
1910 14200
1918 19800
1919 23880
1920 3960
1925 3460
1935 6780
1936 3220
1946 11380
1950 2680
1958 4620
1959 3760
1960 9480
1965 21220
1975 3220
1976 3660
1986 8000
1990 4400
1998 6020
1999 4520
2000 3640
2005 4820
2015 3660
2016 85500
2026 44000
2030 3660
2038 4440
2039 4560
2040 3340
2045 4340
2055 85500
2056 28540
2066 9080
2070 25840
2078 24200
2079 22420
2080 2500
2085 2680
2095 28540
2096 6020
2097 43240
2106 13200
2110 5340
2118 4460
2119 4260
2120 14200
2125 23880
2135 6020
2136 8580
2137 16900
2146 10980
2150 6400
2158 7180
2159 2900
2160 2680
2165 3760
2175 8580
2176 5100
2177 4040
2186 48160
2190 3460
2198 6540
2199 45380
2200 4400
2205 4520
2215 5100
2216 16740
2217 4860
2226 11080
2230 21220
2238 23960
2239 23680
2240 3660
2245 4560
2255 16740
2256 5460
2257 3960
2266 13380
2270 4820
2278 6620
2279 7260
2280 25840
2285 22420
2295 5460
2296 5360
2297 9480
2306 10420
2310 4340
2318 6200
2319 8520
2320 5340
2325 4260
2335 5360
2336 3560
2337 3640
2346 53100
2350 2680
2358 3880
2359 89460
2360 6400
2365 2900
2375 3560
2376 19800
2377 3340
2386 12880
2390 23880
2398 29140
2399 38020
2400 3460
2405 2140
2415 19800
2416 4620
2417 2500
2426 14480
2430 3760
2438 6260
2439 9660
2440 21220
2445 6780
2455 4620
2456 6020
2457 14200
2466 9460
2470 4520
2478 8280
2479 11920
2480 4820
2485 3220
2495 6020
2496 4440
2497 2680
2506 53560
2510 4560
2518 5580
2519 7600
2520 4340
2525 3660
2535 4440
2536 24200
2537 4400
2546 12000
2550 22420
2558 24420
2559 30940
2560 2680
2565 85500
2575 24200
2576 4460
2577 3660
2586 15740
2590 4260
2598 5740
2599 8140
2600 23880
2605 28540
2615 4460
2616 7180
2617 25840
2626 10620
2630 2900
2638 7460
2639 9760
2640 3760
2645 6020
2655 7180
2656 6540
2657 5340
2666 33600
2670 2140
2674 43240
2678 5040
2679 7220
2680 4520
2685 8580
2695 6540
2696 23960
2697 6400
2706 10880
2710 6780
2714 16900
2718 9180
2719 45640
2720 4560
2725 5100
2735 23960
2736 6620
2737 3460
2746 13840
2750 3220
2754 4040
2758 5140
2759 9960
2760 22420
2765 16740
2775 6620
2776 6200
2777 21220
2786 119380
2790 3660
2794 4860
2798 6380
2799 12420
2800 4260
2805 5460
2815 6200
2816 3880
2817 4820
2826 35280
2830 85500
2834 3960
2838 114340
2839 7900
2840 2900
2845 5360
2855 3880
2856 29140
2857 4340
2866 11140
2870 28540
2874 9480
2878 26100
2879 45420
2880 2140
2885 3560
2895 29140
2896 6260
2897 2680
2906 15460
2910 6020
2914 3640
2918 6000
2919 9280
2920 6780
2925 19800
2935 6260
2936 8280
2937 23880
2946 120200
2950 8580
2954 3340
2958 9080
2959 11520
2960 3220
2965 4620
2975 8280
2976 5580
2977 3760
2986 49680
2990 5100
2994 2500
