0 0
143 43240
183 16900
223 4040
263 4860
303 3960
343 9480
381 43240
383 3640
421 16900
423 3340
461 4040
463 2500
501 4860
503 14200
541 3960
543 2680
581 52720
583 4400
621 20540
623 3660
661 7380
663 25840
701 7360
703 5340
741 18160
743 6400
781 12160
783 3460
821 8040
823 21220
861 7000
863 4820
876 43240
901 28340
903 4340
916 16900
941 19540
943 2680
956 4040
981 9080
983 23880
996 4860
1021 7860
1023 3760
1036 3960
1061 24880
1063 4520
1076 9480
1101 30660
1103 4560
1116 3640
1141 9680
1143 22420
1156 3340
1181 9080
1183 4260
1196 2500
1221 27340
1223 2900
1236 14200
1252 43240
1261 24980
1263 2140
1276 2680
1292 16900
1301 9340
1303 6780
1316 4400
1332 4040
1341 8900
1343 3220
1356 3660
1372 4860
1381 25100
1383 3660
1396 25840
1412 3960
1421 28140
1423 85500
1436 5340
1452 9480
1461 6660
1463 28540
1476 6400
1492 3640
1501 6660
1503 6020
1516 3460
1532 3340
1541 11340
1543 8580
1556 21220
1572 2500
1581 25640
1583 5100
1596 4820
1612 14200
1621 7920
1623 16740
1636 4340
1652 2680
1661 88400
1663 5460
1676 2680
1692 4400
1701 30680
1703 5360
1716 23880
1732 3660
1741 12800
1743 3560
1756 3760
1772 25840
1781 11800
1783 19800
1796 4520
1812 5340
1821 8760
1823 4620
1836 4560
1852 6400
1861 102240
1863 6020
1876 22420
1892 3460
1901 34000
1903 4440
1916 4260
1932 21220
1941 11380
1943 24200
1956 2900
1972 4820
1981 12140
1983 4460
1996 2140
2012 4340
2021 24900
2023 7180
2036 6780
2052 2680
2061 21360
2063 6540
2076 3220
2092 23880
2101 11480
2103 23960
2116 3660
2132 3760
2141 9800
2143 6620
2156 85500
2172 4520
2181 71000
2183 6200
2196 28540
2212 4560
2221 41160
2223 3880
2236 6020
2252 22420
2261 15840
2263 29140
2276 8580
2292 4260
2301 17420
2303 6260
2316 5100
2332 2900
2341 32360
2343 8280
2356 16740
2372 2140
2381 40300
2382 43240
2383 5580
2396 5460
2412 6780
2421 14300
2422 16900
2423 24420
2436 5360
2452 3220
2461 14400
2462 4040
2463 5740
2476 3560
2492 3660
2501 38180
2502 4860
2503 7460
2516 19800
2526 43240
2532 85500
2541 44420
2542 3960
2543 5040
2556 4620
2566 16900
2572 28540
2581 17580
2582 9480
2583 9180
2596 6020
2606 4040
2612 6020
2621 16180
2622 3640
2623 5140
2636 4440
2646 4860
2652 8580
2661 31960
2662 3340
2663 6380
2676 24200
2686 3960
2692 5100
2701 60720
2702 2500
2703 114340
2716 4460
2726 9480
2732 16740
2741 19060
2742 14200
2743 26100
2756 7180
2766 3640
2772 5460
2781 19720
2782 2680
2783 6000
2796 6540
2806 3340
2812 5360
2821 18220
2822 4400
2823 9080
2836 23960
2846 2500
2852 3560
2861 50780
2862 3660
2863 5860
2876 6620
2886 14200
2892 19800
2901 16940
2902 25840
2903 23580
2916 6200
2926 45920
2932 4620
2941 126140
2942 5340
2943 6480
2956 3880
2966 21300
2972 6020
