0 0
192 43240
232 16900
272 4040
304 43240
312 4860
344 16900
352 3960
384 4040
392 9480
424 4860
432 3640
464 3960
472 3340
504 9480
512 2500
544 3640
552 14200
584 3340
592 2680
622 43240
624 2500
625 43240
632 4400
662 16900
664 14200
665 16900
672 3660
694 43240
702 4040
704 2680
705 4040
712 25840
734 16900
742 4860
744 4400
745 4860
752 5340
774 4040
782 3960
784 3660
785 3960
792 6400
814 4860
822 9480
824 25840
825 9480
832 3460
854 3960
862 3640
864 5340
865 3640
866 43240
871 43240
872 21220
894 9480
902 3340
904 6400
905 3340
906 16900
911 16900
912 4820
931 43240
934 3640
942 2500
944 3460
945 2500
946 4040
951 4040
952 4340
971 16900
974 3340
982 14200
984 21220
985 14200
986 4860
991 4860
992 2680
993 43240
1011 4040
1014 2500
1022 2680
1024 4820
1025 2680
1026 3960
1031 3960
1032 23880
1033 16900
1051 4860
1054 14200
1061 43240
1062 4400
1064 4340
1065 4400
1066 9480
1071 9480
1072 3760
1073 4040
1091 3960
1094 2680
1101 16900
1102 3660
1104 2680
1105 3660
1106 3640
1111 3640
1112 4520
1113 4860
1131 9480
1134 4400
1141 4040
1142 25840
1144 23880
1145 25840
1146 3340
1151 3340
1152 4560
1153 3960
1171 3640
1174 3660
1181 4860
1182 5340
1184 3760
1185 5340
1186 2500
1191 2500
1192 22420
1193 9480
1211 3340
1214 25840
1221 3960
1222 6400
1224 4520
1225 6400
1226 14200
1231 14200
1232 4260
1233 3640
1251 2500
1254 5340
1261 9480
1262 3460
1264 4560
1265 3460
1266 2680
1271 2680
1272 2900
1273 3340
1291 14200
1294 6400
1301 3640
1302 21220
1304 22420
1305 21220
1306 4400
1311 4400
1312 2140
1313 2500
1331 2680
1334 3460
1341 3340
1342 4820
1344 4260
1345 4820
1346 3660
1351 3660
1352 6780
1353 14200
1371 4400
1374 21220
1381 2500
1382 4340
1384 2900
1385 4340
1386 25840
1391 25840
1392 3220
1393 2680
1411 3660
1414 4820
1421 14200
1422 2680
1424 2140
1425 2680
1426 5340
1431 5340
1432 3660
1433 4400
1451 25840
1454 4340
1461 2680
1462 23880
1464 6780
1465 23880
1466 6400
1471 6400
1472 85500
1473 3660
1483 43240
1491 5340
1494 2680
1501 4400
1502 3760
1504 3220
1505 3760
1506 3460
1511 3460
1512 28540
1513 25840
1523 16900
1531 6400
1534 23880
1541 3660
1542 4520
1544 3660
1545 4520
1546 21220
1551 21220
1552 6020
1553 5340
1563 4040
1571 3460
1574 3760
1581 25840
1582 4560
1584 85500
1585 4560
1586 4820
1591 4820
1592 8580
1593 6400
1603 4860
1611 21220
1614 4520
1621 5340
1622 22420
1624 28540
1625 22420
1626 4340
1631 4340
1632 5100
1633 3460
1643 3960
1651 4820
1654 4560
1661 6400
1662 4260
1664 6020
1665 4260
1666 2680
1671 2680
1672 16740
1673 21220
1683 9480
1691 4340
1694 22420
1701 3460
1702 2900
1704 8580
1705 2900
1706 23880
1711 23880
1712 5460
1713 4820
1723 3640
1731 2680
1734 4260
1741 21220
1742 2140
1744 5100
1745 2140
1746 3760
1751 3760
1752 5360
1753 4340
1763 3340
1771 23880
1774 2900
1781 4820
1782 6780
1784 16740
1785 6780
1786 4520
1791 4520
1792 3560
1793 2680
1803 2500
1811 3760
1814 2140
1821 4340
1822 3220
1824 5460
1825 3220
1826 4560
1831 4560
1832 19800
1833 23880
1843 14200
1851 4520
1854 6780
1861 2680
1862 3660
1864 5360
1865 3660
1866 22420
1871 22420
1872 4620
1873 3760
1883 2680
1891 4560
1894 3220
1901 23880
1902 85500
1904 3560
1905 85500
1906 4260
1911 4260
1912 6020
1913 4520
1923 4400
1931 22420
1934 3660
1941 3760
1942 28540
1944 19800
1945 28540
1946 2900
1951 2900
1952 4440
1953 4560
1963 3660
1970 43240
1971 4260
1974 85500
1981 4520
1982 6020
1984 4620
1985 6020
1986 2140
1991 2140
1992 24200
1993 22420
2003 25840
2010 16900
2011 2900
2014 28540
2021 4560
2022 8580
2024 6020
2025 8580
2026 6780
2031 6780
2032 4460
2033 4260
2043 5340
2050 4040
2051 2140
2054 6020
2061 22420
2062 5100
2064 4440
2065 5100
2066 3220
2071 3220
2072 7180
2073 2900
2083 6400
2090 4860
2091 6780
2094 8580
2101 4260
2102 16740
2104 24200
2105 16740
2106 3660
2111 3660
2112 6540
2113 2140
2123 3460
2130 3960
2131 3220
2134 5100
2141 2900
2142 5460
2144 4460
2145 5460
2146 85500
2151 85500
2152 23960
2153 6780
2163 21220
2170 9480
2171 3660
2174 16740
2181 2140
2182 5360
2184 7180
2185 5360
2186 28540
2191 28540
2192 6620
2193 3220
2203 4820
2210 3640
2211 85500
2214 5460
2221 6780
2222 3560
2224 6540
2225 3560
2226 6020
2231 6020
2232 6200
2233 3660
2243 4340
2250 3340
2251 28540
2254 5360
2261 3220
2262 19800
2264 23960
2265 19800
2266 8580
2271 8580
2272 3880
2273 85500
2283 2680
2290 2500
2291 6020
2294 3560
2301 3660
2302 4620
2304 6620
2305 4620
2306 5100
2311 5100
2312 29140
2313 28540
2323 23880
2330 14200
2331 8580
2334 19800
2341 85500
2342 6020
2344 6200
2345 6020
2346 16740
2351 16740
2352 6260
2353 6020
2363 3760
2370 2680
2371 5100
2374 4620
2381 28540
2382 4440
2384 3880
2385 4440
2386 5460
2391 5460
2392 8280
2393 8580
2403 4520
2410 4400
2411 16740
2414 6020
2421 6020
2422 24200
2424 29140
2425 24200
2426 5360
2431 5360
2432 5580
2433 5100
2443 4560
2450 3660
2451 5460
2454 4440
2461 8580
2462 4460
2464 6260
2465 4460
2466 3560
2471 3560
2472 24420
2473 16740
2483 22420
2490 25840
2491 5360
2494 24200
2501 5100
2502 7180
2504 8280
2505 7180
2506 19800
2511 19800
2512 5740
2513 5460
2523 4260
2530 5340
2531 3560
2534 4460
2541 16740
2542 6540
2544 5580
2545 6540
2546 4620
2551 4620
2552 7460
2553 5360
2563 2900
2570 6400
2571 19800
2574 7180
2581 5460
2582 23960
2584 24420
2585 23960
2586 6020
2591 6020
2592 5040
2593 3560
2603 2140
2610 3460
2611 4620
2614 6540
2621 5360
2622 6620
2624 5740
2625 6620
2626 4440
2631 4440
2632 9180
2633 19800
2643 6780
2650 21220
2651 6020
2654 23960
2661 3560
2662 6200
2664 7460
2665 6200
2666 24200
2671 24200
2672 5140
2673 4620
2683 3220
2690 4820
2691 4440
2694 6620
2701 19800
2702 3880
2704 5040
2705 3880
2706 4460
2711 4460
2712 6380
2713 6020
2723 3660
2730 4340
2731 24200
2734 6200
2741 4620
2742 29140
2744 9180
2745 29140
2746 7180
2751 7180
2752 114340
2753 4440
2763 85500
2770 2680
2771 4460
2774 3880
2781 6020
2782 6260
2784 5140
2785 6260
2786 6540
2791 6540
2792 26100
2793 24200
2803 28540
2810 23880
2811 7180
2814 29140
2821 4440
2822 8280
2824 6380
2825 8280
2826 23960
2827 43240
2831 23960
2832 6000
2833 4460
2843 6020
2850 3760
2851 6540
2854 6260
2861 24200
2862 5580
2864 114340
2865 5580
2866 6620
2867 16900
2871 6620
2872 9080
2873 7180
2883 8580
2890 4520
2891 23960
2894 8280
2901 4460
2902 24420
2904 26100
2905 24420
2906 6200
2907 4040
2911 6200
2912 5860
2913 6540
2923 5100
2930 4560
2931 6620
2934 5580
2941 7180
2942 5740
2944 6000
2945 5740
2946 3880
2947 4860
2951 3880
2952 23580
2953 23960
2963 16740
2970 22420
2971 6200
2974 24420
2981 6540
2982 7460
2984 6356
