0 0
911 43240
951 16900
991 4040
1015 43240
1031 4860
1055 16900
1071 3960
1095 4040
1099 43240
1111 9480
1135 4860
1139 16900
1151 3640
1175 3960
1179 4040
1191 3340
1215 9480
1219 4860
1231 2500
1255 3640
1259 3960
1271 14200
1295 3340
1299 9480
1311 2680
1335 2500
1339 3640
1351 4400
1375 14200
1379 3340
1391 3660
1415 2680
1419 2500
1431 25840
1455 4400
1459 14200
1471 5340
1495 3660
1499 2680
1511 6400
1535 25840
1539 4400
1551 3460
1575 5340
1578 43240
1579 3660
1591 21220
1615 6400
1618 16900
1619 25840
1631 4820
1655 3460
1658 4040
1659 5340
1671 4340
1695 21220
1698 4860
1699 6400
1711 2680
1735 4820
1738 3960
1739 3460
1751 23880
1775 4340
1778 9480
1779 21220
1791 3760
1815 2680
1818 3640
1819 4820
1831 4520
1855 23880
1858 3340
1859 4340
1871 4560
1895 3760
1898 2500
1899 2680
1911 22420
1935 4520
1938 14200
1939 23880
1951 4260
1975 4560
1978 2680
1979 3760
1991 2900
2015 22420
2018 4400
2019 4520
2031 2140
2055 4260
2058 3660
2059 4560
2062 43240
2071 6780
2095 2900
2098 25840
2099 22420
2102 16900
2111 3220
2135 2140
2138 5340
2139 4260
2142 4040
2143 43240
2151 3660
2175 6780
2178 6400
2179 2900
2182 4860
2183 16900
2191 85500
2215 3220
2218 3460
2219 2140
2222 3960
2223 4040
2231 28540
2255 3660
2258 21220
2259 6780
2262 9480
2263 4860
2271 6020
2275 43240
2295 85500
2298 4820
2299 3220
2302 3640
2303 3960
2311 8580
2315 16900
2335 28540
2338 4340
2339 3660
2342 3340
2343 9480
2351 5100
2355 4040
2375 6020
2378 2680
2379 85500
2382 2500
2383 3640
2391 16740
2395 4860
2415 8580
2418 23880
2419 28540
2422 14200
2423 3340
2431 5460
2435 3960
2455 5100
2458 3760
2459 6020
2462 2680
2463 2500
2471 5360
2475 9480
2495 16740
2498 4520
2499 8580
2502 4400
2503 14200
2511 3560
2515 3640
2535 5460
2538 4560
2539 5100
2542 3660
2543 2680
2551 19800
2555 3340
2575 5360
2578 22420
2579 16740
2582 25840
2583 4400
2591 4620
2595 2500
2615 3560
2618 4260
2619 5460
2622 5340
2623 3660
2631 6020
2635 14200
2655 19800
2658 2900
2659 5360
2662 6400
2663 25840
2671 4440
2675 2680
2695 4620
2698 2140
2699 3560
2702 3460
2703 5340
2711 24200
2715 4400
2735 6020
2738 6780
2739 19800
2742 21220
2743 6400
2751 4460
2755 3660
2775 4440
2778 3220
2779 4620
2782 4820
2783 3460
2791 7180
2795 25840
2815 24200
2818 3660
2819 6020
2822 4340
2823 21220
2831 49780
2835 5340
2855 4460
2858 85500
2859 4440
2862 2680
2863 4820
2871 40860
2875 6400
2895 7180
2898 28540
2899 24200
2902 23880
2903 4340
2911 10660
2915 3460
2935 6540
2938 6020
2939 4460
2942 3760
2943 2680
2951 11060
2955 21220
2975 23960
2978 8580
2979 7180
2982 4520
2983 23880
2991 5464
