0 0
147 43240
171 43240
187 16900
211 16900
227 4040
251 4040
267 4860
291 4860
307 3960
331 3960
347 9480
371 9480
387 3640
411 3640
427 3340
451 3340
467 2500
491 2500
507 14200
531 14200
547 2680
571 2680
587 4400
611 4400
627 3660
651 3660
667 25840
691 69080
707 5340
731 22240
747 6400
771 10440
787 3460
811 8320
827 21220
851 25180
867 4820
891 14300
907 4340
931 7980
947 2680
971 6020
987 23880
1011 26380
1027 3760
1051 17960
1067 4520
1084 43240
1091 7200
1107 4560
1124 16900
1131 8960
1147 22420
1164 4040
1171 26080
1187 4260
1204 4860
1211 30100
1227 2900
1244 3960
1251 8240
1267 2140
1284 9480
1291 8540
1307 6780
1324 3640
1331 10240
1347 3220
1364 3340
1371 24440
1387 3660
1404 2500
1411 8480
1427 85500
1444 14200
1451 89840
1467 28540
1484 2680
1491 31220
1507 6020
1524 4400
1531 29900
1535 43240
1547 8580
1558 43240
1564 3660
1571 12340
1575 16900
1587 5100
1598 16900
1604 25840
1611 9620
1615 4040
1627 16740
1638 4040
1644 5340
1651 21300
1655 4860
1667 5460
1678 4860
1684 6400
1691 27880
1695 3960
1707 5360
1718 3960
1724 3460
1731 9620
1735 9480
1747 3560
1758 9480
1764 21220
1771 6460
1775 3640
1787 19800
1798 3640
1804 4820
1811 21940
1815 3340
1827 4620
1838 3340
1844 4340
1851 11400
1855 2500
1867 6020
1878 2500
1884 2680
1891 9240
1895 14200
1907 4440
1918 14200
1924 23880
1931 8100
1935 2680
1947 24200
1958 2680
1964 3760
1971 109700
1975 4400
1987 4460
1998 4400
2004 4520
2011 33000
2015 3660
2027 7180
2038 3660
2044 4560
2051 13200
2055 25840
2067 6540
2078 25840
2084 22420
2091 15120
2095 5340
2107 23960
2118 5340
2124 4260
2131 29060
2135 6400
2147 6620
2158 6400
2164 2900
2171 23360
2175 3460
2186 43240
2187 6200
2198 3460
2204 2140
2211 11660
2215 21220
2226 16900
2227 3880
2238 21220
2244 6780
2251 9240
2255 4820
2266 4040
2267 29140
2278 4820
2284 3220
2291 32700
2295 4340
2306 4860
2307 6260
2309 43240
2318 4340
2324 3660
2331 26060
2335 2680
2346 3960
2347 8280
2349 16900
2358 2680
2362 43240
2364 85500
2371 12900
2375 23880
2386 9480
2387 5580
2389 4040
2398 23880
2402 16900
2404 28540
2411 11600
2415 3760
2426 3640
2427 24420
2429 4860
2438 3760
2442 4040
2444 49260
2451 28860
2455 4520
2466 3340
2467 5740
2469 3960
2478 4520
2482 4860
2484 25480
2491 29940
2495 4560
2498 43240
2506 2500
2507 7460
2509 9480
2518 4560
2522 3960
2524 9140
2531 11920
2535 22420
2538 16900
2546 14200
2547 5040
2549 3640
2558 22420
2562 9480
2564 21600
2571 12220
2575 4260
2578 4040
2586 2680
2587 9180
2589 3340
2598 4260
2602 3640
2604 9420
2611 15720
2615 2900
2618 4860
2626 4400
2627 5140
2629 2500
2638 2900
2642 3340
2644 14840
2651 29100
2655 2140
2658 3960
2666 3660
2667 6380
2669 14200
2673 43240
2678 2140
2682 2500
2684 7200
2691 13000
2695 6780
2698 9480
2706 25840
2707 114340
2709 2680
2713 16900
2718 6780
2722 14200
2724 23140
2731 120540
2735 3220
2738 3640
2746 5340
2747 26100
2749 4400
2753 4040
2758 3220
2762 2680
2764 7120
2771 29980
2775 3660
2778 3340
2786 6400
2787 6000
2789 3660
2793 4860
2798 3660
2802 4400
2804 20220
2811 35140
2815 85500
2818 2500
2826 3460
2827 9080
2829 25840
2833 3960
2838 85500
2842 3660
2844 7120
2851 15340
2855 28540
2858 14200
2866 21220
2867 5860
2869 5340
2873 9480
2878 28540
2882 25840
2884 28600
2891 14140
2895 6020
2898 2680
2906 4820
2907 23580
2909 6400
2913 3640
2918 6020
2922 5340
2924 8120
2931 29160
2935 8580
2938 4400
2946 4340
2947 6480
2949 3460
2953 3340
2958 8580
2962 6400
2964 33020
2971 30900
2975 5100
2978 3660
2986 2680
2987 9400
2989 21220
