0 0
438 43240
478 16900
518 4040
558 4860
598 3960
638 9480
678 3640
703 43240
718 3340
743 16900
758 2500
783 4040
798 14200
823 4860
838 2680
863 3960
878 4400
903 9480
918 3660
943 3640
958 25840
983 3340
998 5340
1023 2500
1038 6400
1063 14200
1078 3460
1103 2680
1118 21220
1143 4400
1153 43240
1158 4820
1183 3660
1193 16900
1198 4340
1223 25840
1233 4040
1238 2680
1263 5340
1273 4860
1278 23880
1303 6400
1313 3960
1318 3760
1327 43240
1341 43240
1343 3460
1350 43240
1353 9480
1358 4520
1367 16900
1381 16900
1383 21220
1390 16900
1393 3640
1398 4560
1407 4040
1413 43240
1421 4040
1423 4820
1430 4040
1433 3340
1438 22420
1447 4860
1453 16900
1461 4860
1463 4340
1470 4860
1473 2500
1478 4260
1487 3960
1493 4040
1501 3960
1503 2680
1510 3960
1513 14200
1518 2900
1527 9480
1533 4860
1541 9480
1543 23880
1550 9480
1553 2680
1558 2140
1567 3640
1573 3960
1581 3640
1583 3760
1590 3640
1593 4400
1598 6780
1607 3340
1613 9480
1621 3340
1623 4520
1630 3340
1633 3660
1638 3220
1641 43240
1647 2500
1653 3640
1661 2500
1663 4560
1670 2500
1673 25840
1678 3660
1681 16900
1687 14200
1693 3340
1701 14200
1703 22420
1710 14200
1713 5340
1718 85500
1721 4040
1727 2680
1733 2500
1741 2680
1743 4260
1750 2680
1753 6400
1758 28540
1761 4860
1767 4400
1773 14200
1781 4400
1783 2900
1790 4400
1793 3460
1798 6020
1801 3960
1807 3660
1813 2680
1821 3660
1823 2140
1830 3660
1833 21220
1838 8580
1841 9480
1847 25840
1853 4400
1861 25840
1863 6780
1870 25840
1873 4820
1878 5100
1881 3640
1887 5340
1893 3660
1901 5340
1903 3220
1910 5340
1913 4340
1918 16740
1921 3340
1927 6400
1933 25840
1941 6400
1943 3660
1950 6400
1953 2680
1958 5460
1961 2500
1967 3460
1973 5340
1981 3460
1983 85500
1990 3460
1993 23880
1998 5360
2001 14200
2007 21220
2013 6400
2021 21220
2023 28540
2030 21220
2033 3760
2038 3560
2041 2680
2047 4820
2053 3460
2061 4820
2063 6020
2070 4820
2073 4520
2078 19800
2081 4400
2087 4340
2093 21220
2101 4340
2103 8580
2110 4340
2113 4560
2118 4620
2121 3660
2127 2680
2133 4820
2141 2680
2143 5100
2150 2680
2153 22420
2158 6020
2161 25840
2167 23880
2173 4340
2181 23880
2183 16740
2190 23880
2193 4260
2198 4440
2201 5340
2207 3760
2213 2680
2221 3760
2223 5460
2230 3760
2233 2900
2238 24200
2241 49640
2247 4520
2253 23880
2261 4520
2263 5360
2270 4520
2273 2140
2278 4460
2281 20360
2287 4560
2293 3760
2301 4560
2303 3560
2310 4560
2313 6780
2318 7180
2321 25260
2327 22420
2333 4520
2341 22420
2343 19800
2350 22420
2353 3220
2358 6540
2361 9680
2367 4260
2373 4560
2381 4260
2383 4620
2390 4260
2393 3660
2398 23960
2401 8300
2407 2900
2413 22420
2421 2900
2423 6020
2430 2900
2433 85500
2438 6620
2441 12160
2447 2140
2453 4260
2461 2140
2463 4440
2470 2140
2473 28540
2478 6200
2481 27520
2487 6780
2493 2900
2501 6780
2503 24200
2510 6780
2513 6020
2518 3880
2521 7100
2527 3220
2533 2140
2541 3220
2543 4460
2550 3220
2553 8580
2558 29140
2561 7020
2567 3660
2573 6780
2581 3660
2583 7180
2590 3660
2593 5100
2598 6260
2601 18760
2607 85500
2613 3220
2621 85500
2623 6540
2630 85500
2633 16740
2638 8280
2641 25100
2647 28540
2653 3660
2656 43240
2661 28540
2663 23960
2670 28540
2673 5460
2678 5580
2681 8660
2687 6020
2693 85500
2696 16900
2701 6020
2703 6620
2710 6020
2712 43240
2713 5360
2718 24420
2721 6560
2727 8580
2733 28540
2736 4040
2741 8580
2743 6200
2750 8580
2752 16900
2753 3560
2758 5740
2761 27980
2767 5100
2773 6020
2776 4860
2781 5100
2783 3880
2790 5100
2792 4040
2793 19800
2798 7460
2801 12120
2807 16740
2813 8580
2816 3960
2821 16740
2823 29140
2830 16740
2832 4860
2833 4620
2838 5040
2841 9620
2847 5460
2853 5100
2856 9480
2861 5460
2863 6260
2870 5460
2872 3960
2873 6020
2878 9180
2881 7120
2887 48600
2893 16740
2896 3640
2901 5360
2903 8280
2910 5360
2912 9480
2913 4440
2918 5140
2921 106720
2927 20460
2933 5460
2936 3340
2941 3560
2943 5580
2950 3560
2952 3640
2953 24200
2958 6380
2961 33360
2967 23840
2973 5360
2976 2500
2981 19800
2983 24420
2990 19800
2992 2672
