0 0
139 43240
179 16900
212 43240
219 4040
252 16900
259 4860
292 4040
299 3960
313 43240
332 4860
339 9480
346 43240
353 16900
372 3960
379 3640
386 16900
393 4040
412 52720
419 3340
426 4040
433 4860
452 20540
459 2500
466 4860
473 3960
492 7380
499 14200
506 3960
513 9480
532 7360
539 2680
546 9480
553 3640
572 18160
579 4400
586 3640
593 3340
612 12160
619 3660
626 3340
633 2500
652 8040
659 25840
666 2500
673 14200
692 7000
699 5340
706 14200
713 2680
732 28340
739 6400
746 2680
753 4400
772 19540
779 3460
786 4400
793 3660
812 9080
819 21220
826 3660
833 25840
852 7860
859 4820
866 25840
873 5340
892 24880
899 4340
906 5340
913 6400
932 30660
939 2680
946 6400
953 3460
972 9680
979 23880
986 3460
993 21220
1012 9080
1019 3760
1026 21220
1033 4820
1052 27340
1059 4520
1066 48060
1073 4340
1092 24980
1099 4560
1106 21240
1113 2680
1132 9340
1139 22420
1146 49960
1153 23880
1172 8900
1179 4260
1186 45640
1193 3760
1212 25100
1219 2900
1226 11760
1233 4520
1252 28140
1259 2140
1266 18860
1273 4560
1292 6660
1299 6780
1306 12160
1313 22420
1332 6660
1339 3220
1346 35240
1353 4260
1372 11340
1379 3660
1386 10400
1393 2900
1412 25640
1419 85500
1426 20440
1433 2140
1452 7920
1459 28540
1466 7320
1473 6780
1492 88400
1499 6020
1506 25380
1513 3220
1532 30680
1539 8580
1546 9560
1553 3660
1572 12800
1579 5100
1586 33900
1593 85500
1607 43240
1612 11800
1619 16740
1626 94500
1633 28540
1647 16900
1651 43240
1652 8760
1659 5460
1666 60780
1673 6020
1687 4040
1691 16900
1692 102240
1699 5360
1706 14820
1713 8580
1727 4860
1731 4040
1732 34000
1739 3560
1746 36200
1753 5100
1767 3960
1771 4860
1772 11380
1779 19800
1782 43240
1786 13380
1793 16740
1807 9480
1811 3960
1812 12140
1819 4620
1822 16900
1826 42300
1833 5460
1847 3640
1851 9480
1852 24900
1859 6020
1862 4040
1866 12960
1873 5360
1887 3340
1891 3640
1892 21360
1899 4440
1902 4860
1906 33580
1913 3560
1927 2500
1931 3340
1932 11480
1939 24200
1942 3960
1946 10000
1953 19800
1967 14200
1971 2500
1972 9800
1979 4460
1982 9480
1986 48200
1993 4620
2006 43240
2007 2680
2011 14200
2012 27760
2019 7180
2022 3640
2026 12940
2033 6020
2046 16900
2047 4400
2051 2680
2052 24260
2059 6540
2062 3340
2066 32960
2073 4440
2086 4040
2087 3660
2091 4400
2092 11800
2099 23960
2102 2500
2106 13260
2113 24200
2126 4860
2127 25840
2131 3660
2132 12560
2139 6620
2142 14200
2146 49520
2153 4460
2166 3960
2167 5340
2171 25840
2172 28400
2179 6200
2182 2680
2186 10860
2193 7180
2206 9480
2207 6400
2211 5340
2212 30820
2219 3880
2222 4400
2226 16860
2233 6540
2246 3640
2247 3460
2251 6400
2252 10660
2259 29140
2262 3660
2266 11900
2273 23960
2286 3340
2287 21220
2291 3460
2292 11060
2299 6260
2302 25840
2306 34400
2313 6620
2326 2500
2327 4820
2331 21220
2332 35680
2339 8280
2342 5340
2346 95340
2353 6200
2366 14200
2367 4340
2371 4820
2372 30220
2377 43240
2379 5580
2382 6400
2386 38400
2393 3880
2406 2680
2407 2680
2411 4340
2412 14900
2417 16900
2419 24420
2422 3460
2426 95400
2433 29140
2446 4400
2447 23880
2451 2680
2452 11780
2457 4040
2459 5740
2462 21220
2466 66260
2473 6260
2486 3660
2487 3760
2491 23880
2492 28300
2497 4860
2499 7460
2502 4820
2506 17380
2513 8280
2526 25840
2527 4520
2531 3760
2532 34880
2537 3960
2539 5040
2542 4340
2546 33600
2553 5580
2566 5340
2567 4560
2571 4520
2572 13720
2577 9480
2579 9180
2582 2680
2586 16140
2593 24420
2606 6400
2607 22420
2611 4560
2612 13320
2617 3640
2619 5140
2622 23880
2626 46520
2633 5740
2646 3460
2647 4260
2651 22420
2652 14760
2657 3340
2659 6380
2662 3760
2666 14760
2673 7460
2686 21220
2687 2900
2691 4260
2692 29560
2697 2500
2699 114340
2702 4520
2706 32620
2713 5040
2726 4820
2727 2140
2731 2900
2732 12120
2737 14200
2739 26100
2742 4560
2746 13220
2753 9180
2766 4340
2767 6780
2771 2140
2772 121800
2777 2680
2779 6000
2782 22420
2786 35000
2793 5140
2806 2680
2807 3220
2811 6780
2812 31140
2817 4400
2819 9080
2822 4260
2826 14200
2833 6380
2846 23880
2847 3660
2851 3220
2852 15180
2857 3660
2859 5860
2862 2900
2866 36600
2873 114340
2886 3760
2887 85500
2891 3660
2892 14220
2897 25840
2899 23580
2902 2140
2906 123240
2913 26100
2926 4520
2927 28540
2931 85500
2932 12240
2937 5340
2939 6480
2942 6780
2946 57480
2953 6000
2966 4560
2967 6020
2971 28540
2972 137920
2977 6400
2979 9400
