0 0
1095 43240
1135 16900
1174 43240
1175 4040
1214 16900
1215 4860
1221 43240
1233 43240
1254 4040
1255 3960
1261 16900
1273 16900
1294 4860
1295 9480
1301 4040
1313 4040
1334 3960
1335 3640
1341 4860
1353 4860
1374 9480
1375 3340
1381 3960
1393 3960
1414 3640
1415 2500
1421 9480
1433 9480
1454 3340
1455 14200
1461 3640
1473 3640
1494 2500
1495 2680
1501 3340
1513 3340
1534 14200
1535 4400
1541 2500
1553 2500
1574 2680
1575 3660
1581 14200
1593 14200
1614 4400
1615 25840
1621 2680
1633 2680
1654 3660
1655 5340
1661 4400
1673 4400
1694 25840
1695 6400
1701 3660
1713 3660
1734 5340
1735 3460
1741 25840
1753 25840
1774 6400
1775 21220
1781 5340
1793 5340
1796 43240
1814 3460
1815 4820
1821 6400
1833 6400
1836 16900
1854 21220
1855 4340
1861 3460
1873 3460
1876 4040
1894 4820
1895 2680
1901 21220
1913 21220
1916 4860
1934 4340
1935 23880
1941 4820
1953 4820
1956 3960
1974 2680
1975 3760
1981 4340
1993 4340
1996 9480
2014 23880
2015 4520
2021 2680
2033 2680
2036 3640
2054 3760
2055 4560
2061 23880
2073 23880
2076 3340
2094 4520
2095 22420
2101 3760
2113 3760
2116 2500
2134 4560
2135 4260
2141 4520
2153 4520
2156 14200
2174 22420
2175 2900
2181 4560
2193 4560
2196 2680
2214 4260
2215 2140
2221 22420
2233 22420
2236 4400
2254 2900
2255 6780
2261 4260
2273 4260
2276 3660
2294 2140
2295 3220
2301 2900
2313 2900
2316 25840
2334 6780
2335 3660
2341 2140
2353 2140
2356 5340
2374 3220
2375 85500
2381 6780
2393 6780
2396 6400
2414 3660
2415 28540
2421 3220
2433 3220
2436 3460
2454 85500
2455 6020
2461 3660
2473 3660
2476 21220
2494 28540
2495 8580
2501 85500
2513 85500
2516 4820
2534 6020
2535 5100
2541 28540
2553 28540
2556 4340
2574 8580
2575 16740
2581 6020
2593 6020
2596 2680
2614 5100
2615 5460
2621 8580
2633 8580
2636 23880
2641 43240
2654 16740
2655 5360
2661 5100
2673 5100
2676 3760
2681 16900
2694 5460
2695 3560
2701 16740
2713 16740
2716 4520
2721 4040
2734 5360
2735 19800
2741 5460
2753 5460
2756 4560
2761 4860
2774 3560
2775 4620
2781 5360
2793 5360
2796 22420
2801 3960
2814 63040
2815 6020
2821 3560
2833 3560
2836 4260
2841 9480
2853 43240
2854 21520
2855 4440
2861 19800
2873 19800
2876 2900
2881 3640
2893 16900
2894 10060
2895 24200
2901 4620
2913 4620
2916 2140
2921 3340
2933 4040
2934 9300
2935 4460
2941 6020
2953 6020
2956 6780
2961 2500
2973 4860
