0 0
239 43240
279 16900
318 43240
319 4040
358 16900
359 4860
398 4040
399 3960
419 43240
438 4860
439 9480
459 16900
478 3960
479 3640
499 4040
518 9480
519 3340
539 4860
558 3640
559 2500
579 3960
598 3340
599 14200
619 9480
638 2500
639 2680
659 3640
678 14200
679 4400
699 3340
718 2680
719 3660
739 2500
740 43240
758 4400
759 25840
779 14200
780 16900
798 3660
799 5340
819 2680
820 4040
838 25840
839 6400
859 4400
860 4860
878 5340
879 3460
899 3660
900 3960
918 6400
919 21220
939 25840
940 9480
958 3460
959 4820
979 5340
980 3640
994 43240
998 21220
999 4340
1019 6400
1020 3340
1034 16900
1038 4820
1039 2680
1059 3460
1060 2500
1074 4040
1078 4340
1079 23880
1099 21220
1100 14200
1114 4860
1118 2680
1119 3760
1139 4820
1140 2680
1154 3960
1158 23880
1159 4520
1179 4340
1180 4400
1194 9480
1198 3760
1199 4560
1219 2680
1220 3660
1234 3640
1238 4520
1239 22420
1259 23880
1260 25840
1274 3340
1278 4560
1279 4260
1299 3760
1300 5340
1314 2500
1318 22420
1319 2900
1339 4520
1340 6400
1354 14200
1358 4260
1359 2140
1379 4560
1380 3460
1394 2680
1398 2900
1399 6780
1419 22420
1420 21220
1434 4400
1438 2140
1439 3220
1459 4260
1460 4820
1474 3660
1478 6780
1479 3660
1498 43240
1499 2900
1500 4340
1514 25840
1518 3220
1519 85500
1538 16900
1539 2140
1540 2680
1554 5340
1558 3660
1559 28540
1578 4040
1579 6780
1580 23880
1594 6400
1598 85500
1599 6020
1618 4860
1619 3220
1620 3760
1634 3460
1638 28540
1639 8580
1658 3960
1659 3660
1660 4520
1674 21220
1678 6020
1679 5100
1698 9480
1699 85500
1700 4560
1714 4820
1718 8580
1719 16740
1738 3640
1739 28540
1740 22420
1754 4340
1758 5100
1759 5460
1778 3340
1779 6020
1780 4260
1794 2680
1798 16740
1799 5360
1818 2500
1819 8580
1820 2900
1834 23880
1838 5460
1839 3560
1858 14200
1859 5100
1860 2140
1874 3760
1878 5360
1879 19800
1898 2680
1899 16740
1900 6780
1914 4520
1918 46800
1919 4620
1938 4400
1939 5460
1940 3220
1954 4560
1958 36700
1959 6020
1978 3660
1979 5360
1980 3660
1994 22420
1998 8660
1999 4440
2018 25840
2019 3560
2020 85500
2034 4260
2038 10880
2039 24200
2058 5340
2059 19800
2060 28540
2074 2900
2078 8400
2079 4460
2098 6400
2099 4620
2100 6020
2114 2140
2118 33680
2119 7180
2138 3460
2139 6020
2140 8580
2154 6780
2158 8100
2159 6540
2178 21220
2179 4440
2180 5100
2194 3220
2198 10520
2199 23960
2218 4820
2219 24200
2220 16740
2234 3660
2238 9040
2239 6620
2240 43240
2251 43240
2258 4340
2259 4460
2260 5460
2274 85500
2278 38160
2279 6200
2280 16900
2291 16900
2298 2680
2299 7180
2300 5360
2314 28540
2318 9300
2319 3880
2320 4040
2331 4040
2338 23880
2339 6540
2340 3560
2354 6020
2358 10600
2359 29140
2360 4860
2371 4860
2378 3760
2379 23960
2380 19800
2394 8580
2398 7540
2399 6260
2400 3960
2411 3960
2418 4520
2419 6620
2420 4620
2434 5100
2438 54980
2439 8280
2440 9480
2451 9480
2458 4560
2459 6200
2460 6020
2463 43240
2474 16740
2478 11600
2479 5580
2480 3640
2491 3640
2498 22420
2499 3880
2500 4440
2503 60140
2514 5460
2518 14680
2519 24420
2520 3340
2531 3340
2538 4260
2539 29140
2540 24200
2543 20940
2554 5360
2558 9040
2559 5740
2560 2500
2571 2500
2578 2900
2579 6260
2580 4460
2583 8900
2594 3560
2598 45640
2599 7460
2600 14200
2611 14200
2618 2140
2619 8280
2620 7180
2623 8820
2634 19800
2638 10560
2639 5040
2640 2680
2651 2680
2658 6780
2659 5580
2660 6540
2663 13440
2674 4620
2678 11800
2679 9180
2680 4400
2691 4400
2698 3220
2699 24420
2700 23960
2703 13120
2714 6020
2718 7720
2719 5140
2720 3660
2731 3660
2738 3660
2739 5740
2740 6620
2743 6980
2754 4440
2758 33060
2759 6380
2760 25840
2771 25840
2778 85500
2779 7460
2780 6200
2783 5840
2794 24200
2798 8900
2799 114340
2800 5340
2811 5340
2818 28540
2819 5040
2820 3880
2823 16700
2834 4460
2838 10900
2839 26100
2840 6400
2846 43240
2851 6400
2858 6020
2859 9180
2860 29140
2863 16880
2874 7180
2878 118900
2879 6000
2880 3460
2886 16900
2891 3460
2898 8580
2899 5140
2900 6260
2903 7080
2914 6540
2918 48520
2919 9080
2920 21220
2926 4040
2931 21220
2938 5100
2939 6380
2940 8280
2943 8060
2954 23960
2958 10260
2959 5860
2960 4820
2966 4860
2971 4820
2978 16740
2979 114340
2980 5580
2983 29500
2994 6620
