0 0
103 43240
143 16900
183 4040
223 4860
263 3960
290 43240
303 9480
330 16900
343 3640
370 4040
383 3340
410 4860
423 2500
450 3960
463 14200
490 9480
503 2680
530 3640
543 4400
570 3340
583 3660
610 2500
623 25840
650 14200
663 5340
690 2680
703 6400
719 43240
730 4400
743 3460
759 16900
770 3660
783 21220
799 4040
810 25840
823 4820
839 4860
850 5340
863 4340
879 3960
890 6400
903 2680
919 9480
930 3460
943 23880
959 3640
970 21220
983 3760
993 43240
999 3340
1010 4820
1023 4520
1029 43240
1033 16900
1039 2500
1050 4340
1054 43240
1063 4560
1069 16900
1073 4040
1079 57440
1090 2680
1094 16900
1103 22420
1109 4040
1113 4860
1119 19580
1130 23880
1134 4040
1141 43240
1143 4260
1149 4860
1153 3960
1159 8440
1170 3760
1174 4860
1181 16900
1183 2900
1189 3960
1193 9480
1199 8520
1210 4520
1214 3960
1221 4040
1223 2140
1229 9480
1233 3640
1239 29800
1250 4560
1254 9480
1261 4860
1263 6780
1269 3640
1273 3340
1279 14820
1290 22420
1294 3640
1301 3960
1303 3220
1309 3340
1313 2500
1319 10040
1330 4260
1334 3340
1341 9480
1343 3660
1349 2500
1353 14200
1359 6800
1370 2900
1374 2500
1381 3640
1383 85500
1388 43240
1389 14200
1393 2680
1399 23720
1410 2140
1414 14200
1421 3340
1423 28540
1428 16900
1429 2680
1433 4400
1439 19020
1450 6780
1454 2680
1461 2500
1463 6020
1468 4040
1469 4400
1473 3660
1479 7020
1490 3220
1494 4400
1501 14200
1503 8580
1508 4860
1509 3660
1513 25840
1519 7080
1530 46900
1534 3660
1541 2680
1543 5100
1548 3960
1549 25840
1553 5340
1559 27540
1570 102400
1574 25840
1581 4400
1583 16740
1588 9480
1589 5340
1593 6400
1599 29600
1610 32580
1614 5340
1621 3660
1623 5460
1628 3640
1629 6400
1633 3460
1639 9860
1650 10880
1654 6400
1661 25840
1663 5360
1668 3340
1669 3460
1673 21220
1679 10960
1690 12540
1694 3460
1701 5340
1703 3560
1708 2500
1709 21220
1713 4820
1719 25880
1730 14580
1734 21220
1741 6400
1743 19800
1748 14200
1749 4820
1753 4340
1759 25480
1770 20380
1774 4820
1781 3460
1783 4620
1788 2680
1789 4340
1793 2680
1799 7720
1810 8800
1814 4340
1821 21220
1823 6020
1828 4400
1829 2680
1833 23880
1839 6480
1850 7860
1854 2680
1861 4820
1863 4440
1868 3660
1869 23880
1873 3760
1879 9460
1890 17760
1894 23880
1901 4340
1903 24200
1908 25840
1909 3760
1913 4520
1919 27100
1930 22480
1934 3760
1941 2680
1943 4460
1948 5340
1949 4520
1953 4560
1959 7420
1970 9020
1974 4520
1981 23880
1983 7180
1988 6400
1989 4560
1993 22420
1999 90020
2010 9680
2014 4560
2021 3760
2023 6540
2028 3460
2029 22420
2032 43240
2033 4260
2039 33100
2050 30280
2051 43240
2054 22420
2061 4520
2063 23960
2068 21220
2069 4260
2072 16900
2073 2900
2079 28440
2090 29540
2091 16900
2094 4260
2101 4560
2103 6620
2108 4820
2109 2900
2112 4040
2113 2140
2119 12840
2130 10860
2131 4040
2134 2900
2141 22420
2143 6200
2148 4340
2149 2140
2152 4860
2153 6780
2159 8000
2170 10640
2171 4860
2174 2140
2181 4260
2183 3880
2188 2680
2189 6780
2192 3960
2193 3220
2199 18880
2210 27760
2211 3960
2214 6780
2221 2900
2223 29140
2228 23880
2229 3220
2232 9480
2233 3660
2239 12240
2250 28780
2251 9480
2254 3220
2261 2140
2263 6260
2268 3760
2269 3660
2272 3640
2273 85500
2279 8580
2290 10960
2291 3640
2294 3660
2301 6780
2303 8280
2308 4520
2309 85500
2312 3340
2313 28540
2319 7220
2330 8880
2331 3340
2334 85500
2341 3220
2343 5580
2348 4560
2349 28540
2352 2500
2353 6020
2359 105300
2370 27760
2371 2500
2374 28540
2381 3660
2383 24420
2388 22420
2389 6020
2392 14200
2393 8580
2399 33160
2410 32900
2411 14200
2414 6020
2421 85500
2423 5740
2428 4260
2429 8580
2432 2680
2433 5100
2439 12040
2450 10780
2451 2680
2454 8580
2461 28540
2463 7460
2468 2900
2469 5100
2472 4400
2473 16740
2479 13020
2490 12840
2491 4400
2494 5100
2501 6020
2503 5040
2508 2140
2509 16740
2512 3660
2513 5460
2519 29300
2530 28000
2531 3660
2534 16740
2541 8580
2543 9180
2548 6780
2549 5460
2552 25840
2553 5360
2559 21200
2570 28680
2571 25840
2574 5460
2581 5100
2583 5140
2588 3220
2589 5360
2592 5340
2593 3560
2599 12640
2610 8640
2611 5340
2614 5360
2621 16740
2623 6380
2628 3660
2629 3560
2632 6400
2633 19800
2639 11900
2650 9600
2651 6400
2654 3560
2661 5460
2663 114340
2668 85500
2669 19800
2672 3460
2673 4620
2679 27520
2690 11820
2691 3460
2694 19800
2701 5360
2703 26100
2708 28540
2709 4620
2712 21220
2713 6020
2719 26420
2730 12400
2731 21220
2734 4620
2741 3560
2743 6000
2748 6020
2749 6020
2752 4820
2753 4440
2759 10820
2770 8800
2771 4820
2774 6020
2781 19800
2783 9080
2788 8580
2789 4440
2791 43240
2792 4340
2793 24200
2799 9900
2810 91880
2811 4340
2814 4440
2821 4620
2823 5860
2828 5100
2829 24200
2831 16900
2832 2680
2833 4460
2839 33580
2847 43240
2850 142880
2851 2680
2854 24200
2861 6020
2863 23580
2868 16740
2869 4460
2871 4040
2872 23880
2873 7180
2879 30460
2887 16900
2890 32120
2891 23880
2894 4460
2901 4440
2903 6480
2908 5460
2909 7180
2911 4860
2912 3760
2913 6540
2919 12740
2927 4040
2930 14580
2931 3760
2934 7180
2941 24200
2943 9400
2948 5360
2949 6540
2951 3960
2952 4520
2953 23960
2959 12760
2967 4860
2970 14180
2971 4520
2974 6540
2981 4460
2983 7200
2988 3560
2989 23960
2991 9480
2992 3192
