0 0
440 43240
480 16900
520 4040
560 4860
600 3960
640 9480
680 3640
720 3340
760 2500
800 14200
840 2680
880 4400
917 43240
920 46900
954 43240
957 16900
960 42740
994 16900
997 4040
1000 9380
1034 4040
1037 4860
1039 43240
1040 11260
1074 4860
1077 3960
1079 16900
1080 7420
1114 3960
1117 9480
1119 4040
1120 30700
1154 9480
1157 3640
1159 4860
1160 8460
1194 3640
1197 3340
1199 3960
1200 7680
1234 3340
1237 2500
1239 9480
1240 5180
1274 2500
1277 14200
1279 3640
1280 38080
1314 14200
1317 2680
1319 3340
1320 6440
1354 2680
1357 4400
1359 2500
1360 8920
1394 4400
1397 3660
1399 14200
1400 8220
1434 3660
1437 25840
1439 2680
1440 48260
1474 25840
1477 5340
1479 4400
1480 9600
1514 5340
1517 6400
1519 3660
1520 9300
1554 6400
1557 3460
1559 25840
1560 5600
1594 3460
1597 21220
1599 5340
1600 28000
1634 21220
1637 4820
1639 6400
1640 8040
1674 4820
1677 4340
1679 3460
1680 8000
1714 4340
1717 2680
1719 21220
1720 88180
1754 2680
1757 23880
1759 4820
1760 52420
1794 23880
1797 3760
1799 4340
1800 9780
1834 3760
1837 4520
1839 2680
1840 13100
1874 4520
1877 4560
1879 23880
1880 9660
1914 4560
1917 22420
1919 3760
1920 39160
1954 22420
1957 4260
1959 4520
1960 9720
1994 4260
1997 2900
1999 4560
2000 8260
2034 2900
2037 2140
2039 22420
2040 5700
2062 43240
2074 2140
2077 6780
2079 4260
2080 26580
2102 16900
2114 6780
2117 3220
2119 2900
2120 7840
2142 4040
2154 3220
2157 3660
2159 2140
2160 9680
2182 4860
2194 3660
2197 85500
2199 6780
2200 89940
2210 43240
2222 3960
2234 85500
2237 28540
2239 3220
2240 52740
2250 16900
2262 9480
2274 28540
2277 6020
2279 3660
2280 53720
2290 4040
2302 3640
2314 6020
2317 8580
2319 85500
2320 32660
2330 4860
2342 3340
2354 8580
2357 5100
2359 28540
2360 15680
2370 3960
2382 2500
2389 43240
2394 5100
2397 16740
2399 6020
2400 45560
2410 9480
2422 14200
2429 16900
2434 16740
2437 5460
2439 8580
2440 16040
2450 3640
2462 2680
2469 4040
2474 5460
2477 5360
2479 5100
2480 21040
2490 3340
2502 4400
2509 4860
2514 5360
2517 3560
2519 16740
2520 11080
2530 2500
2542 3660
2549 3960
2554 3560
2557 19800
2559 5460
2560 52280
2570 14200
2582 25840
2589 9480
2594 19800
2597 4620
2599 5360
2600 13380
2610 2680
2622 5340
2626 43240
2629 3640
2634 4620
2637 6020
2639 3560
2640 28500
2650 4400
2662 6400
2666 16900
2669 3340
2674 6020
2677 4440
2679 19800
2680 12700
2690 3660
2702 3460
2706 4040
2709 2500
2714 4440
2717 24200
2719 4620
2720 53020
2730 25840
2742 21220
2746 4860
2749 14200
2754 24200
2757 4460
2759 6020
2760 13860
2770 5340
2781 43240
2782 4820
2786 3960
2789 2680
2794 4460
2797 7180
2799 4440
2800 40480
2810 6400
2821 16900
2822 4340
2826 9480
2829 4400
2834 7180
2837 6540
2839 24200
2840 16920
2850 3460
2861 4040
2862 2680
2866 3640
2869 3660
2874 6540
2877 23960
2879 4460
2880 39540
2890 21220
2901 4860
2902 23880
2906 3340
2909 25840
2914 23960
2917 6620
2919 7180
2920 15220
2930 4820
2941 3960
2942 3760
2946 2500
2949 5340
2954 6620
2957 6200
2959 6540
2960 33800
2970 4340
2981 9480
