0 0
182 43240
222 16900
232 43240
262 4040
272 16900
302 4860
307 43240
312 4040
342 3960
347 16900
352 4860
382 9480
387 4040
392 3960
422 3640
427 4860
432 9480
462 46580
467 3960
472 3640
502 19400
507 9480
512 3340
542 18240
547 3640
552 2500
582 7540
587 3340
592 14200
617 43240
622 8360
627 2500
632 2680
657 16900
662 13140
667 14200
672 4400
697 4040
702 29480
707 2680
712 3660
737 4860
742 8680
747 4400
752 25840
777 3960
782 8900
787 3660
792 5340
809 43240
817 9480
822 17660
827 25840
832 6400
849 16900
857 3640
862 23900
867 5340
872 3460
889 4040
897 3340
902 9220
907 6400
912 21220
929 4860
937 2500
942 8000
947 3460
952 4820
969 3960
977 14200
982 28520
987 21220
992 4340
1009 9480
1017 2680
1022 29220
1027 4820
1032 2680
1049 3640
1057 4400
1062 10160
1067 4340
1072 23880
1089 3340
1097 3660
1102 7980
1107 2680
1112 3760
1129 2500
1137 25840
1142 25780
1147 23880
1152 4520
1169 14200
1177 5340
1182 27240
1187 3760
1192 4560
1209 2680
1217 6400
1222 8600
1227 4520
1232 22420
1249 4400
1257 3460
1262 5580
1267 4560
1269 43240
1272 4260
1289 3660
1297 21220
1302 26020
1307 22420
1309 16900
1312 2900
1329 25840
1337 4820
1342 10540
1347 4260
1349 4040
1352 2140
1369 5340
1377 4340
1382 7740
1387 2900
1389 4860
1392 6780
1409 6400
1417 2680
1422 8220
1427 2140
1429 3960
1432 3220
1449 3460
1457 23880
1462 107920
1467 6780
1469 9480
1472 3660
1489 21220
1497 3760
1502 32800
1507 3220
1509 3640
1512 85500
1529 4820
1537 4520
1542 8920
1547 3660
1549 3340
1552 28540
1569 4340
1570 43240
1577 4560
1582 10720
1583 43240
1587 85500
1589 2500
1592 6020
1609 2680
1610 16900
1617 22420
1622 11880
1623 16900
1627 28540
1629 14200
1632 8580
1649 23880
1650 4040
1657 4260
1662 19960
1663 4040
1667 6020
1669 2680
1672 5100
1689 3760
1690 4860
1697 2900
1702 9120
1703 4860
1707 8580
1709 4400
1712 16740
1729 4520
1730 3960
1737 2140
1742 90860
1743 3960
1747 5100
1749 3660
1752 5460
1769 4560
1770 9480
1777 6780
1782 32100
1783 9480
1787 16740
1789 25840
1792 5360
1809 22420
1810 3640
1813 43240
1817 3220
1822 25820
1823 3640
1827 5460
1829 5340
1832 3560
1849 4260
1850 3340
1853 16900
1857 3660
1862 13200
1863 3340
1867 5360
1869 6400
1872 19800
1878 43240
1889 2900
1890 2500
1893 4040
1897 85500
1902 11120
1903 2500
1907 3560
1909 3460
1912 4620
1918 16900
1929 2140
1930 14200
1933 4860
1934 43240
1937 28540
1942 21180
1943 14200
1947 19800
1949 21220
1952 6020
1958 4040
1969 6780
1970 2680
1973 3960
1974 16900
1977 6020
1982 29660
1983 2680
1987 4620
1989 4820
1992 4440
1998 4860
2009 3220
2010 4400
2013 9480
2014 4040
2017 8580
2022 9820
2023 4400
2027 6020
2029 4340
2032 24200
2038 3960
2049 3660
2050 3660
2053 3640
2054 4860
2057 5100
2062 10740
2063 3660
2067 4440
2069 2680
2072 4460
2078 9480
2089 85500
2090 25840
2093 3340
2094 3960
2097 16740
2102 26340
2103 25840
2107 24200
2109 23880
2112 7180
2118 3640
2129 28540
2130 5340
2133 2500
2134 9480
2137 5460
2142 28580
2143 5340
2147 4460
2149 3760
2152 6540
2158 3340
2169 6020
2170 6400
2173 14200
2174 3640
2177 5360
2182 12640
2183 6400
2187 7180
2189 4520
2192 23960
2198 2500
2209 8580
2210 3460
2213 2680
2214 3340
2217 3560
2222 10640
2223 3460
2227 6540
2229 4560
2232 6620
2238 14200
2249 5100
2250 21220
2253 4400
2254 2500
2257 19800
2262 28080
2263 21220
2267 23960
2269 22420
2272 6200
2275 43240
2278 2680
2289 16740
2290 4820
2293 3660
2294 14200
2297 4620
2302 33600
2303 4820
2307 6620
2309 4260
2312 3880
2315 16900
2318 4400
2329 5460
2330 4340
2333 25840
2334 2680
2337 6020
2342 13440
2343 4340
2347 6200
2349 2900
2352 29140
2355 4040
2358 3660
2369 5360
2370 2680
2373 5340
2374 4400
2377 4440
2382 14820
2383 2680
2387 3880
2389 2140
2392 6260
2395 4860
2398 25840
2409 3560
2410 23880
2413 6400
2414 3660
2417 24200
2422 29540
2423 23880
2427 29140
2429 6780
2432 8280
2435 3960
2438 5340
2449 19800
2450 3760
2453 3460
2454 25840
2457 4460
2462 31040
2463 3760
2467 6260
2469 3220
2472 5580
2475 9480
2478 6400
2489 4620
2490 4520
2493 21220
2494 5340
2497 7180
2502 11940
2503 4520
2507 8280
2509 3660
2512 24420
2515 3640
2518 3460
2529 6020
2530 4560
2533 4820
2534 6400
2537 6540
2542 11340
2543 4560
2547 5580
2549 85500
2552 5740
2555 3340
2558 21220
2569 4440
2570 22420
2573 4340
2574 3460
2577 23960
2582 34180
2583 22420
2587 24420
2589 28540
2592 7460
2595 2500
2598 4820
2609 24200
2610 4260
2613 2680
2614 21220
2617 6620
2622 15440
2623 4260
2627 5740
2629 6020
2632 5040
2633 43240
2635 14200
2638 4340
2649 4460
2650 2900
2653 23880
2654 4820
2657 6200
2662 13420
2663 2900
2667 7460
2669 8580
2672 9180
2673 16900
2675 2680
2678 2680
2689 7180
2690 2140
2693 3760
2694 4340
2697 3880
2702 11960
2703 2140
2707 5040
2709 5100
2712 5140
2713 4040
2715 4400
2718 23880
2729 6540
2730 6780
2733 4520
2734 2680
2737 29140
2742 138760
2743 6780
2747 9180
2749 16740
2752 6380
2753 4860
2755 3660
2758 3760
2764 43240
2769 23960
2770 3220
2773 4560
2774 23880
2777 6260
2782 31840
2783 3220
2787 5140
2789 5460
2792 114340
2793 3960
2795 25840
2798 4520
2804 16900
2809 6620
2810 3660
2813 22420
2814 3760
2817 8280
2822 13460
2823 3660
2827 6380
2829 5360
2832 26100
2833 9480
2835 5340
2838 4560
2843 43240
2844 4040
2849 6200
2850 85500
2853 4260
2854 4520
2857 5580
2862 14120
2863 85500
2867 114340
2869 3560
2872 6000
2873 3640
2875 6400
2878 22420
2883 16900
2884 4860
2889 3880
2890 28540
2893 2900
2894 4560
2897 24420
2902 15040
2903 28540
2907 26100
2909 19800
2912 9080
2913 3340
2915 3460
2918 4260
2923 4040
2924 3960
2929 29140
2930 6020
2933 2140
2934 22420
2937 5740
2942 28720
2943 6020
2947 6000
2949 4620
2952 5860
2953 2500
2955 21220
2958 2900
2963 4860
2964 9480
2969 6260
2970 8580
2973 6780
2974 4260
2977 7460
2982 12860
2983 8580
2987 9080
