0 0
202 43240
242 16900
282 4040
322 4860
362 3960
402 9480
442 3640
482 3340
522 2500
562 14200
602 2680
642 4400
682 3660
694 43240
722 25840
734 16900
762 5340
774 4040
802 6400
814 4860
842 3460
854 3960
882 21220
894 9480
922 4820
934 3640
951 43240
962 4340
974 3340
981 43240
991 16900
1002 2680
1014 2500
1021 16900
1031 4040
1042 23880
1054 14200
1061 4040
1071 4860
1082 3760
1094 2680
1101 4860
1111 3960
1122 4520
1134 4400
1141 3960
1151 9480
1162 4560
1174 3660
1177 43240
1181 9480
1191 3640
1202 22420
1210 43240
1214 25840
1217 16900
1221 3640
1231 3340
1242 4260
1250 16900
1254 5340
1257 4040
1261 3340
1271 2500
1282 2900
1290 4040
1294 6400
1297 4860
1301 2500
1311 14200
1322 2140
1330 4860
1334 3460
1337 3960
1341 14200
1351 2680
1362 6780
1370 3960
1374 21220
1377 9480
1381 2680
1391 4400
1402 3220
1410 9480
1414 4820
1417 3640
1421 4400
1431 3660
1442 3660
1450 3640
1454 4340
1457 3340
1461 3660
1471 25840
1482 85500
1490 3340
1494 2680
1497 2500
1501 25840
1511 5340
1522 28540
1530 2500
1534 23880
1537 14200
1541 5340
1551 6400
1562 6020
1570 14200
1573 43240
1574 3760
1577 2680
1581 6400
1591 3460
1602 8580
1610 2680
1613 16900
1614 4520
1617 4400
1621 3460
1631 21220
1642 5100
1650 4400
1653 4040
1654 4560
1657 3660
1661 21220
1671 4820
1682 16740
1690 3660
1693 4860
1694 22420
1697 25840
1701 4820
1702 43240
1711 4340
1722 5460
1730 25840
1733 3960
1734 4260
1737 5340
1741 4340
1742 16900
1751 2680
1762 5360
1770 5340
1773 9480
1774 2900
1777 6400
1781 2680
1782 4040
1791 23880
1802 3560
1810 6400
1813 3640
1814 2140
1817 3460
1821 23880
1822 4860
1831 47000
1842 19800
1850 3460
1853 3340
1854 6780
1857 21220
1861 3760
1862 3960
1871 21420
1882 4620
1890 21220
1893 2500
1894 3220
1897 4820
1901 4520
1902 9480
1911 8600
1922 6020
1930 4820
1933 14200
1934 3660
1937 4340
1941 4560
1942 3640
1951 27280
1962 4440
1970 4340
1973 2680
1974 85500
1977 2680
1981 22420
1982 3340
1991 8220
2002 24200
2010 2680
2013 4400
2014 28540
2017 23880
2021 4260
2022 2500
2031 12380
2042 4460
2050 23880
2053 3660
2054 6020
2057 3760
2061 2900
2062 14200
2071 5780
2082 7180
2090 3760
2093 25840
2094 8580
2097 4520
2101 2140
2102 2680
2111 10120
2122 6540
2130 4520
2133 5340
2134 5100
2137 4560
2141 6780
2142 4400
2151 5720
2154 43240
2162 23960
2170 4560
2173 6400
2174 16740
2177 22420
2181 3220
2182 3660
2191 17860
2194 16900
2202 6620
2210 22420
2213 3460
2214 5460
2217 4260
2221 3660
2222 25840
2231 88180
2234 4040
2242 6200
2250 4260
2253 21220
2254 5360
2257 2900
2261 85500
2262 5340
2271 32940
2274 4860
2282 3880
2290 2900
2293 4820
2294 3560
2297 2140
2301 28540
2302 6400
2311 9680
2314 3960
2322 29140
2330 2140
2333 4340
2334 19800
2337 6780
2341 6020
2342 3460
2351 34420
2354 9480
2362 6260
2369 43240
2370 6780
2373 2680
2374 4620
2377 3220
2381 8580
2382 21220
2391 10440
2394 3640
2402 8280
2409 16900
2410 3220
2413 23880
2414 6020
2417 3660
2421 5100
2422 4820
2431 23140
2434 3340
2442 5580
2443 43240
2449 4040
2450 3660
2453 3760
2454 4440
2457 85500
2461 16740
2462 4340
2471 8920
2474 2500
2482 24420
2483 16900
2485 43240
2489 4860
2490 85500
2493 4520
2494 24200
2497 28540
2501 5460
2502 2680
2511 26580
2514 14200
2522 5740
2523 4040
2525 16900
2529 3960
2530 28540
2533 4560
2534 4460
2537 6020
2541 5360
2542 23880
2551 8380
2554 2680
2558 43240
2562 7460
2563 4860
2565 4040
2569 9480
2570 6020
2573 22420
2574 7180
2577 8580
2581 3560
2582 3760
2591 24140
2594 4400
2598 16900
2602 5040
2603 3960
2605 4860
2609 3640
2610 8580
2613 4260
2614 6540
2617 5100
2621 19800
2622 4520
2631 7300
2634 3660
2638 4040
2642 9180
2643 9480
2645 3960
2649 3340
2650 5100
2653 2900
2654 23960
2657 16740
2661 4620
2662 4560
2671 29900
2674 25840
2678 4860
2682 5140
2683 3640
2685 9480
2689 2500
2690 16740
2693 2140
2694 6620
2697 5460
2701 6020
2702 22420
2711 8200
2714 48580
2718 3960
2722 6380
2723 3340
2725 3640
2729 14200
2730 5460
2733 6780
2734 6200
2737 5360
2741 4440
2742 4260
2751 28720
2754 23300
2758 9480
2762 114340
2763 2500
2765 3340
2769 2680
2770 5360
2773 3220
2774 3880
2777 3560
2781 24200
2782 2900
2791 9020
2794 7500
2798 3640
2802 26100
2803 14200
2805 2500
2809 4400
2810 3560
2813 3660
2814 29140
2817 19800
2821 4460
2822 2140
2831 29600
2834 26080
2838 3340
2842 6000
2843 2680
2845 14200
2849 3660
2850 19800
2853 85500
2854 6260
2857 4620
2861 7180
2862 6780
2871 10800
2874 8780
2878 2500
2882 9080
2883 4400
2885 2680
2889 25840
2890 4620
2893 28540
2894 8280
2897 6020
2901 6540
2902 3220
2911 26860
2914 13820
2918 14200
2922 5860
2923 3660
2925 4400
2929 5340
2930 6020
2933 6020
2934 5580
2937 4440
2941 23960
2942 3660
2951 8760
2954 6320
2958 2680
2962 23580
2963 25840
2965 3660
2969 6400
2970 4440
2973 8580
2974 24420
2977 24200
2981 6620
2982 85500
2991 12670
