0 0
199 43240
239 16900
279 4040
298 43240
319 4860
331 43240
338 16900
359 3960
371 16900
378 4040
385 43240
399 9480
411 4040
418 4860
425 16900
439 3640
451 4860
458 3960
465 4040
479 3340
491 3960
498 9480
505 4860
519 2500
531 9480
538 3640
545 3960
557 43240
559 14200
571 3640
578 3340
579 43240
585 9480
597 16900
599 2680
611 3340
618 2500
619 16900
625 3640
637 4040
639 4400
651 2500
653 43240
658 14200
659 4040
665 3340
677 4860
679 3660
691 14200
693 16900
698 2680
699 4860
705 2500
717 3960
719 25840
731 2680
733 4040
738 4400
739 3960
745 14200
757 9480
759 5340
771 4400
773 4860
778 3660
779 9480
785 2680
797 3640
799 6400
811 3660
813 3960
818 25840
819 3640
825 4400
837 3340
839 3460
847 43240
851 25840
853 9480
858 5340
859 3340
865 3660
877 2500
879 21220
887 16900
891 5340
893 3640
898 6400
899 2500
905 25840
917 14200
919 4820
927 4040
931 6400
933 3340
938 3460
939 14200
945 5340
957 2680
959 4340
967 4860
971 3460
973 2500
978 21220
979 2680
985 6400
997 4400
999 2680
1007 3960
1011 21220
1013 14200
1018 4820
1019 4400
1025 3460
1037 3660
1039 23880
1047 9480
1051 4820
1053 2680
1058 4340
1059 3660
1065 21220
1077 25840
1079 3760
1087 3640
1091 4340
1093 4400
1098 2680
1099 25840
1105 4820
1117 5340
1119 4520
1127 3340
1131 2680
1133 3660
1138 23880
1139 5340
1145 4340
1157 6400
1159 4560
1167 2500
1171 23880
1173 25840
1178 3760
1179 6400
1185 2680
1197 3460
1199 22420
1207 14200
1211 3760
1213 5340
1218 4520
1219 3460
1225 23880
1237 21220
1239 4260
1247 2680
1251 4520
1253 6400
1258 4560
1259 21220
1265 3760
1277 4820
1279 2900
1287 4400
1291 4560
1293 3460
1298 22420
1299 4820
1305 4520
1317 4340
1319 2140
1327 3660
1331 22420
1333 21220
1338 4260
1339 4340
1345 4560
1357 2680
1359 6780
1367 25840
1371 4260
1373 4820
1378 2900
1379 2680
1385 22420
1397 23880
1399 3220
1407 5340
1411 2900
1413 4340
1418 2140
1419 23880
1425 4260
1437 3760
1439 3660
1447 6400
1451 2140
1453 2680
1458 6780
1459 3760
1465 2900
1477 4520
1479 85500
1487 3460
1491 6780
1493 23880
1498 3220
1499 4520
1505 2140
1517 4560
1519 28540
1527 21220
1531 3220
1533 3760
1538 3660
1539 4560
1545 6780
1557 22420
1559 6020
1567 4820
1571 3660
1573 4520
1578 85500
1579 22420
1585 3220
1597 4260
1599 8580
1602 43240
1607 4340
1611 85500
1613 4560
1618 28540
1619 4260
1625 3660
1637 2900
1639 5100
1642 16900
1647 2680
1651 28540
1653 22420
1658 6020
1659 2900
1665 85500
1677 2140
1679 16740
1682 4040
1687 23880
1691 6020
1693 4260
1698 8580
1699 2140
1705 28540
1717 6780
1719 5460
1722 4860
1727 3760
1731 8580
1733 2900
1738 5100
1739 6780
1745 6020
1757 3220
1759 5360
1762 3960
1767 4520
1768 43240
1771 5100
1773 2140
1778 16740
1779 3220
1785 8580
1797 3660
1799 3560
1802 9480
1807 4560
1808 16900
1811 16740
1813 6780
1818 5460
1819 3660
1825 5100
1837 85500
1839 19800
1842 3640
1847 22420
1848 4040
1851 5460
1853 3220
1858 5360
1859 85500
1865 16740
1877 28540
1879 4620
1882 3340
1887 4260
1888 4860
1891 5360
1893 3660
1898 3560
1899 28540
1905 5460
1917 6020
1919 6020
1922 2500
1927 2900
1928 3960
1931 3560
1933 85500
1938 19800
1939 6020
1945 5360
1957 8580
1959 4440
1962 14200
1967 2140
1968 9480
1971 19800
1973 28540
1978 4620
1979 8580
1985 3560
1997 5100
1999 24200
2002 2680
2007 6780
2008 3640
2011 4620
2013 6020
2018 6020
2019 5100
2025 19800
2037 16740
2039 4460
2042 4400
2047 3220
2048 3340
2051 6020
2053 8580
2058 4440
2059 16740
2065 47860
2077 5460
2079 7180
2082 3660
2087 3660
2088 2500
2091 4440
2093 5100
2098 24200
2099 5460
2105 22920
2117 5360
2119 6540
2122 25840
2127 85500
2128 14200
2131 24200
2133 16740
2138 4460
2139 5360
2145 8480
2157 3560
2159 23960
2162 5340
2167 28540
2168 2680
2171 4460
2173 5460
2178 7180
2179 3560
2185 29060
2197 19800
2199 6620
2202 6400
2207 6020
2208 4400
2211 7180
2213 5360
2218 6540
2219 19800
2225 8420
2237 4620
2239 6200
2242 3460
2247 8580
2248 3660
2251 6540
2253 3560
2258 23960
2259 4620
2265 16660
2277 6020
2279 3880
2282 21220
2287 5100
2288 25840
2291 23960
2293 19800
2296 43240
2298 6620
2299 6020
2305 10180
2312 43240
2317 4440
2319 29140
2322 4820
2327 16740
2328 5340
2331 6620
2333 4620
2336 16900
2338 6200
2339 4440
2345 27300
2352 16900
2357 24200
2359 6260
2362 4340
2367 5460
2368 6400
2371 6200
2373 6020
2376 4040
2378 3880
2379 24200
2385 9120
2392 4040
2397 4460
2399 8280
2402 2680
2407 5360
2408 3460
2411 3880
2413 4440
2416 4860
2418 29140
2419 4460
2425 20400
2432 4860
2437 7180
2439 5580
2442 23880
2447 3560
2448 21220
2451 29140
2452 43240
2453 24200
2456 3960
2458 6260
2459 7180
2465 6560
2472 3960
2477 6540
2479 24420
2482 3760
2487 19800
2488 4820
2491 6260
2492 16900
2493 4460
2496 9480
2498 8280
2499 6540
2505 33540
2512 9480
2517 23960
2519 5740
2522 4520
2527 4620
2528 4340
2531 8280
2532 4040
2533 7180
2536 3640
2538 5580
2539 23960
2545 9920
2552 3640
2557 6620
2559 7460
2562 4560
2567 6020
2568 2680
2571 5580
2572 4860
2573 6540
2576 3340
2578 24420
2579 6620
2585 34120
2592 3340
2597 6200
2599 5040
2602 22420
2607 4440
2608 23880
2611 24420
2612 3960
2613 23960
2616 2500
2618 5740
2619 6200
2625 10920
2632 2500
2637 3880
2639 9180
2642 4260
2647 24200
2648 3760
2651 5740
2652 9480
2653 6620
2656 14200
2658 7460
2659 3880
2665 30820
2672 14200
2677 29140
2679 5140
2682 2900
2687 4460
2688 4520
2691 7460
2692 3640
2693 6200
2696 2680
2698 5040
2699 29140
2705 9200
2712 2680
2717 6260
2719 6380
2722 2140
2727 7180
2728 4560
2731 5040
2732 3340
2733 3880
2736 4400
2738 9180
2739 6260
2745 28680
2752 4400
2757 8280
2759 114340
2762 6780
2767 6540
2768 22420
2771 9180
2772 2500
2773 29140
2776 3660
2778 5140
2779 8280
2785 9860
2792 3660
2797 5580
2799 26100
2802 3220
2807 23960
2808 4260
2811 5140
2812 14200
2813 6260
2815 43240
2816 25840
2818 6380
2819 5580
2825 13520
2832 25840
2837 24420
2839 6000
2842 3660
2847 6620
2848 2900
2851 6380
2852 2680
2853 8280
2855 16900
2856 5340
2858 114340
2859 24420
2865 7820
2872 5340
2877 5740
2879 9080
2882 85500
2887 6200
2888 2140
2891 114340
2892 4400
2893 5580
2895 4040
2896 6400
2898 26100
2899 5740
2905 30260
2912 6400
2917 7460
2919 5860
2922 28540
2927 3880
2928 6780
2931 26100
2932 3660
2933 24420
2935 4860
2936 3460
2938 6000
2939 7460
2945 118100
2952 3460
2957 5040
2959 23580
2962 6020
2967 29140
2968 3220
2971 6000
2972 25840
2973 5740
2975 3960
2976 21220
2978 9080
2979 5040
2985 30620
2992 3183
