0 0
115 43240
155 16900
195 4040
235 4860
252 43240
274 43240
275 3960
292 16900
302 43240
314 16900
315 9480
332 4040
342 16900
354 4040
355 3640
372 4860
382 4040
394 4860
395 3340
412 3960
422 4860
434 3960
435 2500
452 9480
459 43240
462 3960
474 9480
475 14200
478 43240
492 3640
496 43240
499 16900
502 9480
514 3640
515 2680
518 16900
532 3340
536 16900
539 4040
542 3640
554 3340
555 4400
558 4040
572 2500
576 4040
579 4860
582 3340
594 2500
595 3660
598 4860
612 14200
616 4860
619 3960
622 2500
634 14200
635 25840
638 3960
651 43240
652 2680
656 3960
659 9480
662 14200
674 2680
675 5340
678 9480
691 16900
692 4400
696 9480
699 3640
702 2680
714 4400
715 6400
718 3640
731 4040
732 3660
736 3640
739 3340
742 4400
754 3660
755 3460
758 3340
771 4860
772 25840
776 3340
779 2500
782 3660
794 25840
795 21220
798 2500
811 3960
812 5340
816 2500
819 14200
822 25840
834 5340
835 4820
838 14200
851 9480
852 6400
856 14200
859 2680
862 5340
874 6400
875 4340
878 2680
891 3640
892 3460
896 2680
899 4400
902 6400
914 3460
915 2680
918 4400
931 3340
932 21220
936 4400
939 3660
942 3460
954 21220
955 23880
958 3660
971 2500
972 4820
976 3660
979 25840
982 21220
994 4820
995 3760
998 25840
1011 14200
1012 4340
1016 25840
1019 5340
1022 4820
1032 43240
1034 4340
1035 4520
1038 5340
1051 2680
1052 2680
1056 5340
1059 6400
1062 4340
1072 16900
1074 2680
1075 4560
1078 6400
1091 4400
1092 23880
1096 6400
1099 3460
1102 2680
1112 4040
1114 23880
1115 22420
1118 3460
1131 3660
1132 3760
1136 3460
1139 21220
1142 23880
1152 4860
1154 3760
1155 4260
1158 21220
1171 25840
1172 4520
1176 21220
1179 4820
1182 3760
1192 3960
1194 4520
1195 2900
1198 4820
1211 5340
1212 4560
1216 4820
1219 4340
1222 4520
1232 9480
1234 4560
1235 2140
1238 4340
1251 6400
1252 22420
1256 4340
1259 2680
1262 4560
1272 3640
1274 22420
1275 6780
1278 2680
1291 3460
1292 4260
1296 2680
1299 23880
1302 22420
1312 3340
1314 4260
1315 3220
1318 23880
1331 21220
1332 2900
1336 23880
1339 3760
1342 4260
1352 2500
1354 2900
1355 3660
1358 3760
1371 4820
1372 2140
1376 3760
1379 4520
1382 2900
1392 14200
1394 2140
1395 85500
1398 4520
1402 43240
1411 4340
1412 6780
1416 4520
1419 4560
1422 2140
1432 2680
1434 6780
1435 28540
1438 4560
1442 16900
1451 2680
1452 3220
1456 4560
1459 22420
1462 6780
1472 4400
1474 3220
1475 6020
1478 22420
1482 4040
1491 23880
1492 3660
1496 22420
1499 4260
1502 3220
1512 3660
1514 3660
1515 8580
1518 4260
1522 4860
1531 3760
1532 85500
1536 4260
1539 2900
1542 3660
1552 25840
1554 85500
1555 5100
1558 2900
1562 3960
1571 4520
1572 28540
1576 2900
1579 2140
1582 85500
1592 5340
1594 28540
1595 16740
1598 2140
1602 9480
1611 4560
1612 6020
1616 2140
1619 6780
1622 28540
1632 6400
1634 6020
1635 5460
1638 6780
1642 3640
1651 22420
1652 8580
1656 6780
1659 3220
1662 6020
1672 3460
1674 8580
1675 5360
1678 3220
1682 3340
1691 4260
1692 5100
1696 3220
1699 3660
1702 8580
1712 21220
1714 5100
1715 3560
1718 3660
1722 2500
1731 2900
1732 16740
1736 3660
1739 85500
1742 5100
1752 4820
1754 16740
1755 19800
1758 85500
1762 14200
1771 2140
1772 5460
1776 85500
1779 28540
1782 16740
1792 4340
1794 5460
1795 4620
1798 28540
1802 2680
1808 43240
1811 6780
1812 5360
1816 28540
1819 6020
1822 5460
1832 2680
1834 5360
1835 6020
1838 6020
1842 4400
1848 16900
1851 3220
1852 3560
1856 6020
1859 8580
1862 5360
1872 23880
1874 3560
1875 4440
1878 8580
1882 3660
1888 4040
1891 3660
1892 19800
1896 8580
1899 5100
1902 3560
1912 3760
1914 19800
1915 24200
1918 5100
1922 25840
1928 4860
1931 85500
1932 4620
1936 5100
1939 16740
1942 19800
1952 4520
1954 4620
1955 4460
1958 16740
1962 5340
1968 3960
1971 28540
1972 6020
1976 16740
1979 5460
1982 4620
1992 4560
1994 6020
1995 7180
1998 5460
2002 6400
2008 9480
2011 6020
2012 4440
2016 5460
2019 5360
2022 6020
2032 22420
2034 4440
2035 6540
2038 5360
2042 3460
2048 3640
2051 8580
2052 24200
2056 5360
2059 3560
2062 4440
2072 4260
2074 24200
2075 23960
2078 3560
2082 21220
2088 3340
2091 5100
2092 4460
2096 3560
2099 19800
2102 24200
2112 2900
2114 4460
2115 6620
2118 19800
2122 4820
2128 2500
2131 16740
2132 7180
2136 19800
2139 4620
2142 4460
2152 2140
2154 7180
2155 6200
2158 4620
2162 4340
2168 14200
2171 5460
2172 6540
2176 4620
2177 43240
2179 6020
2182 7180
2192 6780
2194 6540
2195 3880
2198 6020
2202 2680
2208 2680
2211 5360
2212 23960
2216 6020
2217 16900
2219 4440
2222 6540
2232 3220
2234 23960
2235 29140
2238 4440
2242 23880
2248 4400
2251 3560
2252 6620
2256 4440
2257 4040
2259 24200
2262 23960
2272 3660
2274 6620
2275 6260
2278 24200
2282 3760
2288 3660
2291 19800
2292 6200
2296 24200
2297 4860
2299 4460
2302 6620
2312 85500
2314 6200
2315 8280
2318 4460
2322 4520
2328 25840
2331 4620
2332 3880
2336 4460
2337 3960
2339 7180
2342 6200
2352 28540
2354 3880
2355 5580
2358 7180
2362 4560
2368 5340
2371 6020
2372 29140
2376 7180
2377 9480
2379 6540
2382 3880
2392 6020
2394 29140
2395 24420
2398 6540
2402 22420
2408 6400
2411 4440
2412 6260
2416 6540
2417 3640
2419 23960
2422 29140
2432 8580
2434 6260
2435 5740
2438 23960
2442 4260
2448 3460
2451 24200
2452 8280
2456 23960
2457 3340
2459 6620
2462 6260
2472 5100
2474 8280
2475 7460
2478 6620
2482 2900
2488 21220
2491 4460
2492 5580
2496 6620
2497 2500
2499 6200
2502 8280
2512 16740
2514 5580
2515 5040
2518 6200
2522 2140
2528 4820
2531 7180
2532 24420
2536 6200
2537 14200
2539 3880
2542 5580
2552 5460
2554 24420
2555 9180
2558 3880
2562 6780
2568 4340
2571 6540
2572 5740
2576 3880
2577 2680
2579 29140
2582 24420
2592 5360
2594 5740
2595 5140
2598 29140
2602 3220
2608 2680
2611 23960
2612 7460
2616 29140
2617 4400
2619 6260
2622 5740
2632 3560
2634 7460
2635 6380
2638 6260
2642 3660
2648 23880
2651 6620
2652 5040
2656 6260
2657 3660
2659 8280
2662 7460
2671 43240
2672 19800
2674 5040
2675 114340
2678 8280
2682 85500
2688 3760
2691 6200
2692 9180
2696 8280
2697 25840
2699 5580
2702 5040
2711 16900
2712 4620
2714 9180
2715 26100
2718 5580
2722 28540
2728 4520
2731 3880
2732 5140
2736 5580
2737 5340
2739 24420
2742 9180
2751 4040
2752 6020
2754 5140
2755 6000
2758 24420
2762 6020
2768 4560
2771 29140
2772 6380
2776 24420
2777 6400
2779 5740
2782 5140
2791 4860
2792 4440
2794 6380
2795 9080
2798 5740
2802 8580
2808 22420
2811 6260
2812 114340
2816 5740
2817 3460
2819 7460
2822 6380
2831 3960
2832 24200
2834 114340
2835 5860
2838 7460
2842 5100
2848 4260
2851 8280
2852 26100
2856 7460
2857 21220
2859 5040
2862 114340
2871 9480
2872 4460
2874 26100
2875 23580
2878 5040
2882 16740
2888 2900
2891 5580
2892 6000
2896 5040
2897 4820
2899 9180
2902 26100
2911 3640
2912 7180
2914 6000
2915 6480
2918 9180
2922 5460
2928 2140
2931 24420
2932 9080
2936 9180
2937 4340
2939 5140
2942 6000
2951 3340
2952 6540
2954 9080
2955 9400
2958 5140
2962 5360
2968 6780
2971 5740
2972 5860
2976 5140
2977 2680
2979 6380
2982 9080
2991 2500
2992 23960
2994 5860
2995 7200
