0 0
445 43240
469 43240
485 16900
509 16900
525 4040
549 4040
565 4860
589 4860
605 3960
629 3960
645 9480
669 9480
680 43240
685 3640
709 3640
720 16900
725 3340
748 43240
749 3340
760 4040
765 2500
788 16900
789 2500
800 4860
805 14200
828 4040
829 14200
840 3960
845 2680
868 4860
869 2680
880 9480
885 4400
908 3960
909 4400
920 3640
925 3660
948 9480
949 3660
960 3340
965 25840
988 3640
989 25840
1000 2500
1005 5340
1028 3340
1029 5340
1040 14200
1041 43240
1045 6400
1068 2500
1069 6400
1080 2680
1081 16900
1085 3460
1108 14200
1109 3460
1120 4400
1121 4040
1125 21220
1148 2680
1149 21220
1160 3660
1161 4860
1165 4820
1188 4400
1189 4820
1200 25840
1201 47200
1205 4340
1228 3660
1229 4340
1240 5340
1241 26380
1245 2680
1268 25840
1269 2680
1280 6400
1281 7680
1285 23880
1305 43240
1308 5340
1309 23880
1320 3460
1321 8200
1325 3760
1345 16900
1348 6400
1349 3760
1360 21220
1361 6460
1365 4520
1385 4040
1388 3460
1389 4520
1400 4820
1401 23680
1405 4560
1425 4860
1428 21220
1429 4560
1440 4340
1441 6320
1445 22420
1465 3960
1468 4820
1469 22420
1480 2680
1481 7740
1485 4260
1505 9480
1508 4340
1509 4260
1520 23880
1521 6160
1525 2900
1545 3640
1548 2680
1549 2900
1560 3760
1561 40040
1565 2140
1585 3340
1588 23880
1589 2140
1600 4520
1601 8020
1605 6780
1625 2500
1628 3760
1629 6780
1640 4560
1641 10800
1645 3220
1665 14200
1668 4520
1669 3220
1680 22420
1681 7120
1685 3660
1705 2680
1708 4560
1709 3660
1720 4260
1721 47060
1725 85500
1745 4400
1748 22420
1749 85500
1760 2900
1761 10160
1765 28540
1785 3660
1788 4260
1789 28540
1800 2140
1801 10740
1805 6020
1824 43240
1825 25840
1828 2900
1829 6020
1840 6780
1841 6140
1845 8580
1864 16900
1865 5340
1868 2140
1869 8580
1880 3220
1881 45100
1885 5100
1904 4040
1905 6400
1908 6780
1909 5100
1920 3660
1921 8580
1925 16740
1944 4860
1945 3460
1948 3220
1949 16740
1960 85500
1961 8860
1965 5460
1984 3960
1985 21220
1988 3660
1989 5460
2000 28540
2001 7240
2005 5360
2024 9480
2025 4820
2028 85500
2029 5360
2040 6020
2041 46300
2045 3560
2064 3640
2065 4340
2068 28540
2069 3560
2080 8580
2081 8020
2085 19800
2104 3340
2105 2680
2108 6020
2109 19800
2120 5100
2121 7420
2125 4620
2144 2500
2145 23880
2148 8580
2149 4620
2160 16740
2161 6700
2165 6020
2169 43240
2184 14200
2185 3760
2188 5100
2189 6020
2200 5460
2201 29200
2205 4440
2209 16900
2224 2680
2225 4520
2228 16740
2229 4440
2240 5360
2241 7480
2245 24200
2249 4040
2254 43240
2264 4400
2265 4560
2268 5460
2269 24200
2280 3560
2281 6560
2285 4460
2289 4860
2294 16900
2304 3660
2305 22420
2308 5360
2309 4460
2320 19800
2321 87640
2325 7180
2329 3960
2334 4040
2344 25840
2345 4260
2348 3560
2349 7180
2360 4620
2361 35320
2365 6540
2369 9480
2374 48100
2384 5340
2385 2900
2388 19800
2389 6540
2400 6020
2401 9240
2405 23960
2409 3640
2414 20860
2424 6400
2425 2140
2428 4620
2429 23960
2440 4440
2441 12240
2445 6620
2449 3340
2454 13520
2464 3460
2465 6780
2468 6020
2469 6620
2480 24200
2481 90600
2485 6200
2489 2500
2494 8500
2504 21220
2505 3220
2508 4440
2509 6200
2520 4460
2521 45280
2525 3880
2529 14200
2534 7300
2544 4820
2545 3660
2548 24200
2549 3880
2560 7180
2561 11480
2565 29140
2569 2680
2574 11980
2584 4340
2585 85500
2588 4460
2589 29140
2600 6540
2601 13940
2605 6260
2609 4400
2614 17840
2624 2680
2625 28540
2628 7180
2629 6260
2640 23960
2641 8660
2645 8280
2649 3660
2654 6020
2664 23880
2665 6020
2668 6540
2669 8280
2680 6620
2681 36540
2685 5580
2689 25840
2694 6900
2704 3760
2705 8580
2708 23960
2709 5580
2720 6200
2721 10080
2725 24420
2727 43240
2729 5340
2734 17860
2744 4520
2745 5100
2748 6620
2749 24420
2760 3880
2761 11380
2765 5740
2767 16900
2769 6400
2774 28520
2784 4560
2785 16740
2788 6200
2789 5740
2800 29140
2801 8000
2805 7460
2807 4040
2809 3460
2814 9740
2824 22420
2825 5460
2828 3880
2829 7460
2840 6260
2841 44000
2845 5040
2847 4860
2849 21220
2854 10060
2864 4260
2865 5360
2868 29140
2869 5040
2880 8280
2881 9080
2885 9180
2887 3960
2889 4820
2894 29300
2904 2900
2905 3560
2908 6260
2909 9180
2920 5580
2921 13200
2925 5140
2927 52720
2929 4340
2934 26560
2944 2140
2945 19800
2948 8280
2949 5140
2960 24420
2961 10980
2965 6380
2967 20540
2969 2680
2974 3615
