0 0
154 43240
194 60140
234 20940
274 8900
314 8820
354 13440
394 13120
434 6980
474 5840
514 16700
553 43240
554 16880
593 16900
594 7080
633 4040
634 8060
673 4860
674 29500
713 3960
714 31180
753 9480
754 11740
793 3640
794 9860
833 3340
834 24680
873 2500
874 26040
913 14200
914 9160
953 2680
954 7020
993 4400
994 26560
1033 3660
1034 27640
1073 25840
1074 8280
1113 5340
1114 9080
1153 6400
1154 26980
1193 3460
1194 69920
1233 21220
1234 24060
1273 4820
1274 9080
1313 4340
1314 13780
1324 43240
1345 43240
1353 2680
1354 13960
1364 16900
1375 43240
1385 16900
1393 23880
1394 16360
1404 4040
1415 16900
1425 4040
1433 3760
1434 92800
1444 4860
1455 4040
1465 4860
1473 4520
1474 117380
1484 3960
1495 4860
1505 3960
1513 4560
1514 37060
1524 9480
1535 3960
1545 9480
1553 22420
1554 28800
1564 3640
1575 9480
1585 3640
1593 4260
1594 16360
1600 43240
1604 3340
1612 43240
1615 3640
1625 3340
1633 2900
1634 26240
1640 16900
1644 2500
1652 16900
1655 3340
1665 2500
1673 2140
1674 25860
1680 4040
1684 14200
1692 4040
1695 2500
1705 14200
1713 6780
1714 36660
1720 4860
1724 2680
1732 4860
1735 14200
1745 2680
1753 3220
1754 14260
1760 3960
1764 4400
1772 3960
1775 2680
1785 4400
1793 3660
1794 29760
1800 9480
1804 3660
1812 9480
1815 4400
1825 3660
1833 85500
1834 27880
1840 3640
1844 25840
1852 3640
1855 3660
1865 25840
1873 28540
1874 31860
1880 3340
1884 5340
1892 3340
1895 25840
1905 5340
1913 6020
1914 15280
1920 2500
1924 6400
1932 2500
1935 5340
1945 6400
1953 8580
1954 32980
1960 14200
1964 3460
1972 14200
1975 6400
1985 3460
1993 5100
1994 31340
2000 2680
2004 21220
2012 2680
2015 3460
2025 21220
2033 16740
2034 35520
2040 4400
2044 4820
2052 4400
2055 21220
2065 4820
2073 5460
2074 17480
2080 3660
2084 4340
2092 3660
2095 4820
2105 4340
2113 5360
2114 35020
2120 25840
2124 2680
2132 25840
2135 4340
2145 2680
2153 3560
2154 35140
2160 5340
2164 23880
2172 5340
2175 2680
2185 23880
2193 19800
2194 35240
2200 6400
2204 3760
2212 6400
2215 23880
2225 3760
2233 4620
2234 14340
2240 3460
2244 4520
2252 3460
2255 3760
2265 4520
2270 43240
2273 6020
2274 35920
2280 21220
2284 4560
2292 21220
2295 4520
2305 4560
2310 16900
2313 47680
2314 37540
2320 4820
2324 22420
2332 4820
2335 4560
2345 22420
2350 4040
2353 41100
2354 21320
2360 4340
2364 4260
2372 4340
2375 22420
2385 4260
2390 4860
2393 8500
2394 17080
2400 2680
2404 2900
2412 2680
2415 4260
2425 2900
2430 3960
2433 12040
2434 33660
2440 23880
2444 2140
2452 23880
2455 2900
2465 2140
2470 9480
2473 10500
2474 115660
2480 3760
2484 6780
2492 3760
2495 2140
2505 6780
2510 3640
2513 33440
2514 41740
2520 4520
2524 3220
2532 4520
2535 6780
2545 3220
2550 3340
2553 10260
2554 18520
2560 4560
2564 3660
2572 4560
2573 43240
2575 3220
2585 3660
2590 2500
2593 9540
2594 22800
2600 22420
2604 85500
2612 22420
2613 16900
2615 3660
2625 85500
2630 14200
2633 6380
2634 19420
2640 4260
2644 28540
2652 4260
2653 4040
2655 85500
2665 28540
2670 2680
2673 43340
2674 28260
2680 2900
2684 6020
2692 2900
2693 4860
2695 28540
2705 6020
2710 4400
2713 8940
2714 126180
2720 2140
2724 8580
2732 2140
2733 3960
2735 6020
2745 8580
2750 3660
2753 12680
2754 145800
2760 6780
2764 5100
2772 6780
2773 9480
2775 8580
2785 5100
2790 25840
2793 9240
2794 35660
2800 3220
2804 16740
2812 3220
2813 3640
2815 5100
2825 16740
2830 5340
2833 50260
2834 34880
2840 3660
2844 5460
2852 3660
2853 3340
2855 16740
2865 5460
2870 6400
2873 11080
2874 19560
2880 85500
2884 5360
2892 85500
2893 2500
2895 5460
2905 5360
2910 3460
2913 13860
2914 35460
2920 28540
2924 3560
2932 28540
2933 14200
2935 5360
2945 3560
2950 21220
2953 8500
2954 34500
2960 6020
2964 19800
2972 6020
2973 2680
2975 3560
2985 16830
