0 0
164 43240
204 16900
244 4040
284 4860
324 3960
364 9480
404 3640
444 3340
484 2500
524 14200
564 2680
604 4400
639 43240
644 3660
679 16900
684 25840
719 4040
724 5340
759 4860
764 6400
799 3960
804 3460
839 9480
844 21220
879 3640
884 4820
919 3340
924 4340
959 2500
964 2680
980 43240
999 14200
1004 23880
1020 16900
1039 2680
1044 3760
1056 86480
1060 4040
1079 4400
1084 4520
1096 33800
1100 4860
1119 3660
1124 4560
1136 8080
1140 3960
1159 25840
1164 22420
1176 9720
1180 9480
1199 5340
1204 4260
1216 7920
1220 3640
1239 6400
1244 2900
1250 43240
1256 18960
1260 3340
1279 3460
1284 2140
1290 16900
1296 7280
1300 2500
1319 21220
1324 6780
1330 4040
1336 6680
1340 14200
1359 4820
1364 3220
1370 4860
1376 5000
1380 2680
1399 4340
1404 3660
1410 3960
1416 28400
1420 4400
1439 2680
1444 85500
1450 9480
1456 5360
1460 3660
1479 23880
1484 28540
1490 3640
1496 8800
1500 25840
1519 3760
1524 6020
1529 43240
1530 3340
1536 7320
1540 5340
1559 4520
1564 8580
1569 16900
1570 2500
1576 51680
1580 6400
1599 4560
1604 5100
1609 4040
1610 14200
1616 10680
1620 3460
1639 22420
1644 16740
1649 4860
1650 2680
1656 12800
1660 21220
1679 4260
1684 5460
1689 3960
1690 4400
1696 6920
1700 4820
1719 2900
1724 5360
1729 9480
1730 3660
1736 42440
1740 4340
1759 2140
1764 3560
1769 3640
1770 25840
1776 9640
1780 2680
1799 6780
1804 19800
1809 3340
1810 5340
1816 8680
1820 23880
1839 3220
1844 4620
1849 2500
1850 6400
1856 5360
1860 3760
1879 3660
1884 6020
1889 14200
1890 3460
1896 47760
1900 4520
1919 85500
1924 4440
1929 2680
1930 21220
1936 7520
1940 4560
1959 28540
1964 24200
1969 4400
1970 4820
1976 9040
1980 22420
1999 6020
2004 4460
2009 3660
2010 4340
2016 9120
2020 4260
2039 8580
2044 7180
2049 25840
2050 2680
2056 44840
2060 2900
2079 5100
2084 6540
2089 5340
2090 23880
2096 8520
2100 2140
2119 16740
2124 23960
2129 6400
2130 3760
2136 5800
2140 6780
2159 5460
2164 6620
2169 3460
2170 4520
2176 4280
2180 3220
2184 43240
2199 5360
2204 6200
2209 21220
2210 4560
2216 13560
2220 3660
2224 16900
2239 3560
2244 3880
2249 4820
2250 22420
2256 6440
2260 85500
2264 4040
2279 19800
2284 29140
2289 4340
2290 4260
2296 7320
2300 28540
2304 4860
2319 4620
2324 6260
2329 2680
2330 46140
2336 171000
2340 6020
2344 3960
2359 6020
2364 8280
2369 23880
2370 19040
2376 57080
2380 8580
2384 9480
2399 4440
2404 5580
2409 3760
2410 10820
2416 12040
2420 5100
2424 3640
2439 24200
2444 24420
2449 4520
2450 8080
2456 17160
2460 16740
2464 3340
2479 4460
2484 5740
2489 4560
2490 7620
2496 10200
2500 5460
2504 2500
2519 7180
2524 7460
2529 22420
2530 94980
2536 33480
2540 5360
2544 14200
2559 6540
2564 5040
2569 4260
2570 32180
2576 10920
2580 3560
2584 2680
2599 23960
2604 9180
2609 2900
2610 9360
2616 10720
2620 19800
2624 4400
2639 6620
2644 5140
2649 2140
2650 11080
2656 7120
2660 4620
2664 3660
2679 6200
2684 6380
2689 6780
2690 19300
2696 39600
2700 6020
2704 25840
2719 3880
2724 114340
2729 3220
2730 19420
2736 9240
2740 4440
2744 5340
2759 29140
2764 26100
2769 3660
2770 9860
2776 12040
2780 24200
2784 6400
2799 6260
2804 6000
2809 85500
2810 9020
2816 8880
2820 4460
2824 3460
2839 8280
2844 9080
2849 28540
2850 29400
2856 48400
2860 7180
2864 21220
2879 5580
2884 5860
2889 6020
2890 25140
2896 8920
2900 6540
2904 4820
2919 24420
2924 23580
2929 8580
2930 11020
2936 14360
2940 23960
2944 4340
2959 5740
2964 6480
2969 5100
2970 9480
