0 0
148 43240
188 16900
228 4040
268 4860
308 3960
348 9480
388 3640
428 3340
468 2500
508 14200
548 2680
588 4400
628 3660
668 25840
708 5340
748 6400
788 3460
828 21220
868 4820
908 4340
912 43240
948 2680
952 16900
988 23880
992 4040
1028 3760
1032 4860
1068 4520
1072 3960
1074 43240
1108 4560
1112 9480
1114 16900
1148 22420
1152 3640
1154 4040
1188 4260
1192 3340
1194 4860
1228 2900
1232 2500
1234 3960
1268 2140
1272 14200
1274 9480
1308 6780
1312 2680
1314 3640
1316 43240
1348 3220
1352 4400
1354 3340
1356 16900
1388 3660
1392 3660
1394 2500
1396 4040
1428 85500
1432 25840
1434 14200
1436 4860
1438 43240
1468 28540
1472 5340
1474 2680
1476 3960
1478 16900
1508 6020
1512 6400
1514 4400
1516 9480
1518 4040
1548 8580
1552 3460
1554 3660
1556 3640
1558 4860
1588 5100
1592 21220
1594 25840
1596 3340
1598 3960
1628 16740
1632 4820
1634 5340
1636 2500
1638 9480
1668 5460
1672 4340
1674 6400
1676 14200
1678 3640
1708 5360
1712 2680
1714 3460
1716 2680
1718 46580
1748 3560
1752 23880
1754 21220
1756 4400
1758 19400
1788 19800
1792 3760
1794 4820
1796 3660
1798 18240
1828 4620
1830 43240
1832 4520
1834 4340
1836 25840
1838 7540
1868 6020
1870 16900
1872 4560
1874 2680
1876 5340
1878 8360
1908 4440
1910 4040
1912 22420
1914 23880
1916 6400
1918 13140
1948 24200
1950 4860
1952 4260
1954 47000
1956 3460
1958 29480
1988 4460
1990 3960
1992 2900
1994 21420
1996 21220
1998 8680
2019 43240
2028 7180
2030 9480
2032 2140
2034 8600
2036 4820
2038 8900
2059 16900
2068 6540
2070 3640
2072 6780
2074 27280
2076 4340
2078 17660
2099 4040
2108 23960
2110 3340
2112 3220
2114 8220
2116 2680
2118 23900
2139 4860
2148 6620
2150 2500
2152 3660
2154 12380
2156 23880
2158 9220
2179 3960
2188 6200
2190 14200
2192 85500
2194 5780
2196 3760
2198 8000
2219 9480
2228 3880
2230 2680
2232 28540
2234 10120
2236 4520
2238 28520
2259 3640
2265 43240
2268 29140
2270 4400
2272 6020
2274 5720
2276 4560
2278 29220
2299 3340
2305 16900
2308 6260
2310 46900
2312 8580
2314 17860
2316 22420
2318 10160
2339 2500
2345 4040
2348 8280
2350 42740
2352 5100
2354 88180
2356 4260
2358 7980
2379 14200
2385 4860
2388 5580
2390 9380
2392 16740
2394 32940
2396 2900
2398 25780
2419 2680
2425 3960
2428 24420
2430 11260
2432 5460
2434 9680
2436 2140
2438 27240
2459 4400
2465 9480
2468 5740
2470 7420
2472 5360
2474 34420
2476 6780
2478 8600
2483 43240
2499 3660
2505 3640
2508 7460
2510 30700
2512 3560
2514 10440
2516 3220
2518 5580
2523 16900
2539 25840
2545 3340
2548 5040
2550 8460
2552 19800
2554 23140
2556 3660
2558 26020
2563 4040
2579 5340
2585 2500
2588 9180
2590 7680
2592 4620
2594 8920
2596 85500
2598 10540
2603 4860
2619 6400
2625 14200
2628 5140
2630 5180
2632 6020
2634 26580
2636 28540
2638 7740
2643 3960
2659 3460
2663 43240
2665 2680
2668 6380
2670 38080
2672 4440
2674 8380
2676 6020
2678 8220
2683 9480
2699 21220
2703 16900
2705 4400
2708 114340
2710 6440
2712 24200
2714 24140
2716 8580
2718 107920
2723 3640
2739 4820
2743 4040
2745 3660
2748 26100
2750 8920
2752 4460
2754 7300
2756 5100
2758 32800
2763 3340
2779 4340
2783 4860
2785 25840
2788 6000
2790 8220
2792 7180
2794 29900
2796 16740
2798 8920
2803 2500
2819 2680
2823 3960
2825 5340
2828 9080
2830 48260
2832 6540
2834 8200
2836 5460
2838 10720
2843 14200
2859 23880
2863 9480
2865 6400
2868 5860
2870 9600
2872 23960
2874 28720
2876 5360
2878 11880
2883 2680
2899 3760
2903 3640
2905 3460
2908 23580
2910 9300
2912 6620
2914 9020
2916 3560
2918 19960
2923 4400
2939 4520
2943 3340
2945 21220
2948 6480
2950 5600
2952 6200
2954 29600
2956 19800
2957 43240
2958 9120
2963 3660
2979 4560
2983 2500
2985 4820
2988 9400
2990 28000
2992 3880
2994 6876
