0 0
529 43240
569 16900
609 4040
626 43240
649 4860
666 16900
689 3960
706 4040
729 9480
746 4860
767 43240
769 3640
786 3960
807 16900
809 3340
826 9480
847 4040
849 2500
866 3640
887 4860
889 14200
906 3340
927 3960
929 2680
946 2500
967 9480
969 4400
977 43240
986 14200
1007 3640
1009 3660
1017 16900
1026 2680
1039 43240
1047 3340
1049 25840
1057 4040
1066 4400
1079 16900
1087 2500
1089 5340
1097 4860
1106 3660
1119 4040
1127 14200
1129 6400
1137 3960
1146 25840
1159 4860
1167 2680
1169 3460
1177 9480
1186 5340
1199 3960
1207 4400
1209 21220
1217 3640
1226 6400
1239 9480
1247 3660
1249 4820
1257 3340
1266 3460
1279 3640
1287 25840
1289 4340
1297 2500
1306 21220
1319 3340
1327 5340
1329 2680
1337 14200
1346 4820
1359 2500
1367 6400
1369 23880
1377 2680
1386 4340
1399 14200
1407 3460
1409 3760
1417 4400
1426 2680
1439 2680
1447 21220
1449 4520
1457 3660
1466 23880
1479 47640
1487 4820
1489 4560
1497 25840
1506 3760
1519 20560
1527 4340
1529 22420
1537 5340
1546 4520
1559 29880
1567 2680
1569 4260
1577 6400
1586 4560
1599 10200
1607 23880
1609 2900
1617 3460
1626 22420
1639 10360
1647 3760
1649 2140
1657 21220
1666 4260
1679 12940
1687 4520
1689 6780
1697 4820
1706 2900
1719 24860
1727 4560
1729 3220
1737 4340
1746 2140
1759 8160
1767 22420
1769 3660
1777 2680
1786 6780
1796 43240
1799 6840
1807 4260
1809 85500
1817 23880
1826 3220
1836 16900
1839 16880
1847 2900
1849 28540
1857 3760
1866 3660
1876 4040
1879 26560
1887 2140
1889 6020
1897 4520
1906 85500
1916 4860
1919 8160
1927 6780
1929 8580
1937 4560
1946 28540
1956 3960
1959 8180
1967 3220
1969 5100
1977 22420
1986 6020
1996 9480
1999 30400
2007 3660
2009 16740
2017 4260
2026 8580
2036 3640
2039 27760
2047 85500
2049 5460
2057 2900
2066 5100
2076 3340
2079 10660
2087 28540
2089 5360
2097 2140
2106 16740
2116 2500
2119 6360
2127 6020
2129 3560
2137 6780
2146 5460
2156 14200
2159 23360
2167 8580
2169 19800
2177 3220
2186 5360
2196 2680
2199 11600
2200 43240
2207 5100
2209 4620
2217 3660
2226 3560
2236 4400
2239 7560
2240 16900
2247 16740
2249 6020
2257 85500
2266 19800
2276 3660
2279 6340
2280 4040
2287 5460
2289 4440
2297 28540
2306 4620
2316 25840
2319 109380
2320 4860
2327 5360
2329 24200
2337 6020
2346 6020
2347 43240
2356 5340
2357 43240
2359 32300
2360 3960
2367 3560
2369 4460
2377 8580
2386 4440
2387 16900
2396 6400
2397 16900
2399 10540
2400 9480
2407 19800
2409 7180
2417 5100
2426 24200
2427 4040
2428 43240
2436 3460
2437 4040
2439 13140
2440 3640
2447 4620
2449 6540
2457 16740
2466 4460
2467 4860
2468 16900
2476 21220
2477 4860
2479 27520
2480 3340
2487 6020
2489 23960
2497 5460
2506 7180
2507 3960
2508 4040
2516 4820
2517 3960
2519 21000
2520 2500
2527 4440
2529 6620
2537 5360
2546 6540
2547 9480
2548 4860
2556 4340
2557 9480
2559 8360
2560 14200
2567 24200
2569 6200
2577 3560
2586 23960
2587 3640
2588 3960
2596 2680
2597 3640
2599 7500
2600 2680
2607 4460
2609 3880
2617 19800
2626 6620
2627 3340
2628 9480
2636 23880
2637 3340
2639 10340
2640 4400
2647 7180
2649 29140
2657 4620
2666 6200
2667 2500
2668 3640
2676 47000
2677 2500
2679 23020
2680 3660
2687 6540
2689 6260
2697 6020
2706 3880
2707 14200
2708 3340
2716 21420
2717 14200
2719 8280
2720 25840
2727 23960
2729 8280
2737 4440
2746 29140
2747 2680
2748 2500
2756 8600
2757 2680
2759 91520
2760 5340
2767 6620
2769 5580
2777 24200
2786 6260
2787 4400
2788 14200
2796 27280
2797 4400
2799 32980
2800 6400
2807 6200
2809 24420
2817 4460
2818 43240
2826 8280
2827 3660
2828 2680
2833 43240
2836 8220
2837 3660
2839 30220
2840 3460
2847 3880
2849 5740
2857 7180
2858 16900
2866 5580
2867 25840
2868 4400
2873 16900
2876 12380
2877 25840
2879 13040
2880 21220
2887 29140
2889 7460
2897 6540
2898 4040
2906 24420
2907 5340
2908 3660
2913 4040
2916 5780
2917 5340
2919 12280
2920 4820
2927 6260
2929 5040
2937 23960
2938 4860
2946 5740
2947 6400
2948 25840
2953 4860
2956 10120
2957 6400
2959 23280
2960 4340
2967 8280
2969 9180
2977 6620
2978 3960
2986 7460
2987 3460
2988 5340
2993 3960
2996 5720
2997 3460
2999 16242
