0 0
136 43240
176 16900
216 4040
256 4860
296 3960
336 9480
368 43240
376 3640
408 16900
416 3340
448 4040
456 2500
488 4860
496 14200
528 3960
536 2680
568 9480
576 4400
608 3640
616 3660
648 3340
656 25840
688 2500
696 5340
728 14200
736 6400
768 2680
776 3460
808 4400
816 21220
848 3660
856 4820
888 25840
896 4340
928 5340
936 2680
968 6400
976 23880
1008 3460
1016 3760
1048 21220
1056 4520
1088 4820
1096 4560
1128 4340
1136 22420
1168 2680
1176 4260
1208 23880
1216 2900
1248 3760
1256 2140
1288 4520
1296 6780
1328 4560
1336 3220
1358 43240
1368 22420
1376 3660
1398 16900
1408 4260
1416 85500
1438 4040
1448 2900
1456 28540
1478 4860
1488 2140
1496 6020
1518 3960
1528 6780
1536 8580
1543 43240
1558 9480
1568 3220
1576 5100
1583 16900
1598 3640
1608 3660
1616 16740
1623 4040
1638 3340
1648 85500
1656 5460
1663 4860
1678 2500
1688 28540
1696 5360
1703 3960
1718 14200
1728 6020
1736 3560
1743 9480
1758 2680
1768 8580
1776 19800
1781 43240
1783 3640
1798 4400
1808 5100
1816 4620
1821 16900
1823 3340
1838 3660
1848 16740
1856 6020
1861 4040
1863 2500
1878 69080
1888 5460
1896 4440
1901 4860
1903 14200
1918 22240
1928 5360
1936 24200
1941 3960
1943 2680
1958 10440
1968 3560
1976 4460
1981 9480
1983 4400
1998 8320
2008 19800
2016 7180
2021 3640
2023 3660
2038 25180
2048 4620
2056 6540
2061 3340
2063 25840
2078 14300
2088 6020
2096 23960
2101 2500
2103 5340
2118 7980
2119 43240
2128 4440
2136 6620
2141 14200
2143 6400
2158 6020
2159 16900
2168 24200
2176 6200
2181 2680
2183 3460
2198 26380
2199 4040
2203 43240
2208 4460
2216 3880
2221 4400
2223 21220
2238 17960
2239 4860
2243 16900
2248 7180
2256 29140
2261 3660
2263 4820
2278 7200
2279 3960
2283 4040
2288 6540
2296 6260
2301 25840
2303 4340
2318 8960
2319 9480
2323 4860
2328 23960
2336 8280
2341 5340
2343 2680
2358 26080
2359 3640
2363 3960
2368 6620
2376 5580
2381 6400
2383 23880
2398 30100
2399 3340
2403 9480
2408 6200
2416 24420
2421 3460
2423 3760
2438 8240
2439 2500
2443 3640
2448 3880
2456 5740
2458 43240
2461 21220
2463 4520
2478 8540
2479 14200
2483 3340
2488 29140
2496 7460
2498 16900
2501 4820
2503 4560
2518 10240
2519 2680
2523 2500
2528 6260
2536 5040
2538 4040
2541 4340
2543 22420
2558 24440
2559 4400
2563 14200
2568 8280
2576 9180
2578 4860
2581 2680
2583 4260
2598 8480
2599 3660
2603 2680
2608 5580
2616 5140
2618 3960
2621 23880
2623 2900
2638 89840
2639 25840
2643 4400
2648 24420
2656 6380
2658 9480
2661 3760
2663 2140
2678 31220
2679 5340
2683 3660
2688 5740
2696 114340
2698 3640
2701 4520
2703 6780
2718 29900
2719 6400
2723 25840
2728 7460
2736 26100
2738 3340
2741 4560
2743 3220
2758 12340
2759 3460
2763 5340
2768 5040
2776 6000
2778 2500
2781 22420
2783 3660
2798 9620
2799 21220
2803 6400
2808 9180
2816 9080
2818 14200
2821 4260
2823 85500
2838 21300
2839 4820
2843 3460
2848 5140
2856 5860
2858 2680
2861 2900
2863 28540
2878 27880
2879 4340
2883 21220
2888 6380
2896 23580
2898 4400
2901 2140
2903 6020
2918 9620
2919 2680
2923 4820
2928 114340
2936 6480
2938 3660
2941 6780
2943 8580
2958 6460
2959 23880
2963 4340
2968 26100
2976 9400
2978 25840
2981 3220
