0 0
549 43240
589 16900
629 4040
669 4860
709 3960
749 9480
789 3640
829 3340
869 2500
909 14200
949 2680
989 4400
1029 3660
1069 25840
1109 5340
1149 6400
1177 43240
1189 3460
1195 43240
1217 16900
1229 21220
1235 16900
1257 4040
1269 4820
1275 4040
1297 4860
1309 4340
1315 4860
1327 43240
1337 3960
1349 2680
1355 3960
1367 16900
1377 9480
1389 23880
1395 9480
1407 4040
1417 3640
1429 3760
1435 3640
1447 4860
1457 3340
1469 4520
1475 3340
1487 3960
1497 2500
1509 4560
1515 2500
1527 9480
1537 14200
1549 22420
1555 14200
1567 3640
1577 2680
1589 4260
1595 2680
1607 3340
1617 4400
1629 2900
1635 4400
1647 2500
1657 3660
1669 2140
1675 3660
1687 14200
1697 25840
1709 6780
1715 25840
1727 2680
1737 5340
1749 3220
1755 5340
1762 43240
1767 4400
1777 6400
1789 3660
1795 6400
1802 16900
1807 3660
1817 3460
1829 85500
1835 3460
1842 4040
1847 25840
1857 21220
1869 28540
1875 21220
1882 4860
1887 5340
1897 4820
1909 6020
1915 4820
1922 3960
1927 6400
1937 4340
1949 8580
1955 4340
1962 9480
1967 3460
1977 2680
1989 5100
1995 2680
2002 3640
2007 21220
2017 23880
2029 16740
2035 23880
2042 3340
2047 4820
2057 3760
2069 5460
2075 3760
2082 2500
2087 4340
2097 4520
2109 5360
2115 4520
2122 14200
2127 2680
2137 4560
2149 3560
2155 4560
2162 2680
2167 23880
2177 22420
2189 19800
2195 22420
2202 4400
2207 3760
2217 4260
2229 4620
2235 4260
2242 3660
2247 4520
2257 2900
2269 6020
2275 2900
2282 25840
2287 4560
2297 2140
2309 4440
2315 2140
2322 5340
2327 22420
2337 6780
2349 24200
2355 6780
2362 6400
2367 4260
2377 3220
2389 4460
2395 3220
2402 3460
2407 2900
2417 3660
2429 7180
2435 3660
2442 21220
2447 2140
2457 85500
2469 6540
2475 85500
2482 4820
2487 6780
2497 28540
2509 23960
2515 28540
2522 4340
2527 3220
2537 6020
2549 6620
2555 6020
2562 2680
2567 3660
2577 8580
2579 43240
2589 6200
2595 8580
2602 23880
2607 85500
2617 5100
2619 16900
2629 3880
2635 5100
2642 3760
2647 28540
2657 16740
2659 4040
2669 29140
2675 16740
2682 4520
2687 6020
2697 5460
2699 4860
2709 6260
2715 5460
2722 4560
2727 8580
2737 5360
2739 3960
2749 8280
2755 5360
2762 22420
2763 43240
2767 5100
2777 3560
2779 9480
2789 5580
2795 3560
2802 4260
2803 16900
2807 16740
2817 19800
2819 3640
2829 24420
2835 19800
2842 2900
2843 4040
2847 5460
2857 4620
2859 3340
2869 5740
2875 4620
2882 2140
2883 4860
2887 5360
2897 6020
2899 2500
2909 7460
2915 6020
2922 6780
2923 3960
2927 3560
2937 4440
2939 14200
2949 5040
2955 4440
2962 3220
2963 9480
2967 19800
2977 24200
2979 2680
2989 9180
2995 4840
