0 0
488 43240
528 16900
568 4040
608 4860
648 3960
688 9480
728 3640
768 3340
808 2500
809 43240
848 14200
849 16900
888 2680
889 4040
928 4400
929 4860
968 3660
969 3960
1003 43240
1008 25840
1009 9480
1043 16900
1048 5340
1049 3640
1056 43240
1083 4040
1088 6400
1089 3340
1096 16900
1123 4860
1128 3460
1129 2500
1136 4040
1163 3960
1168 21220
1169 14200
1176 4860
1203 9480
1208 4820
1209 2680
1216 3960
1243 3640
1248 4340
1249 4400
1256 9480
1283 3340
1288 2680
1289 3660
1296 3640
1323 2500
1328 23880
1329 25840
1336 3340
1363 14200
1368 3760
1369 5340
1376 2500
1403 2680
1408 4520
1409 6400
1416 14200
1443 4400
1448 4560
1449 3460
1456 2680
1483 3660
1488 22420
1489 21220
1496 4400
1523 25840
1528 47500
1529 4820
1536 3660
1563 5340
1568 19800
1569 4340
1576 25840
1603 6400
1608 6180
1609 2680
1616 5340
1620 43240
1643 3460
1648 11640
1649 23880
1656 6400
1660 16900
1683 21220
1688 7180
1689 3760
1696 3460
1700 4040
1723 4820
1728 13140
1729 4520
1736 21220
1740 4860
1763 4340
1768 89140
1769 4560
1776 4820
1780 3960
1803 2680
1808 31880
1809 22420
1816 4340
1820 9480
1843 23880
1848 8520
1849 4260
1856 2680
1860 3640
1872 43240
1883 3760
1888 22780
1889 2900
1896 23880
1900 3340
1904 43240
1912 16900
1923 4520
1928 7780
1929 2140
1936 3760
1940 2500
1944 16900
1952 4040
1963 4560
1968 21140
1969 6780
1976 4520
1980 14200
1984 4040
1992 48100
2003 22420
2008 9120
2009 3220
2016 4560
2020 2680
2024 4860
2032 20860
2043 4260
2048 31200
2049 3660
2056 22420
2060 4400
2064 3960
2072 13520
2083 2900
2088 8900
2089 85500
2096 4260
2100 3660
2104 9480
2112 8500
2123 2140
2128 26200
2129 28540
2136 2900
2140 25840
2144 3640
2152 7300
2163 6780
2168 8080
2169 6020
2176 2140
2180 5340
2184 3340
2192 11980
2203 3220
2208 27240
2209 8580
2216 6780
2220 6400
2224 2500
2232 17840
2243 3660
2248 9260
2249 5100
2256 3220
2260 3460
2264 14200
2272 6020
2283 85500
2288 28540
2289 16740
2296 3660
2300 21220
2304 2680
2312 6900
2323 28540
2328 7140
2329 5460
2336 85500
2340 4820
2344 4400
2352 17860
2363 6020
2368 31060
2369 5360
2376 28540
2380 4340
2384 3660
2392 28520
2403 8580
2408 10300
2409 3560
2416 6020
2420 2680
2424 25840
2432 9740
2443 5100
2448 28480
2449 19800
2456 8580
2460 23880
2464 5340
2472 10060
2483 16740
2488 11180
2489 4620
2490 43240
2496 5100
2500 3760
2504 6400
2512 29300
2523 5460
2528 28620
2529 6020
2530 16900
2536 16740
2540 4520
2544 3460
2552 26560
2563 5360
2568 8140
2569 4440
2570 4040
2576 5460
2580 4560
2584 21220
2592 11220
2603 3560
2608 32040
2609 24200
2610 4860
2616 5360
2620 22420
2624 4820
2632 7800
2643 19800
2648 8400
2649 4460
2650 3960
2656 3560
2660 4260
2664 4340
2672 23900
2683 4620
2688 15060
2689 7180
2690 9480
2696 19800
2700 2900
2704 2680
2712 28700
2723 6020
2728 8800
2729 6540
2730 3640
2736 4620
2740 2140
2744 23880
2752 8100
2763 4440
2768 28080
2769 23960
2770 3340
2776 6020
2780 6780
2784 3760
2792 7200
2803 24200
2808 91240
2809 6620
2810 2500
2816 4440
2820 3220
2824 4520
2832 28440
2843 4460
2848 36000
2849 6200
2850 14200
2856 24200
2860 3660
2864 4560
2872 26180
2883 7180
2888 11060
2889 3880
2890 2680
2896 4460
2900 85500
2904 22420
2912 8780
2923 6540
2928 17760
2929 29140
2930 4400
2936 7180
2940 28540
2944 4260
2952 7460
2963 23960
2968 10240
