0 0
238 43240
278 16900
318 4040
358 4860
398 3960
438 9480
478 3640
518 3340
554 43240
558 2500
594 16900
598 14200
634 4040
638 2680
674 4860
678 4400
714 3960
718 3660
754 9480
758 25840
794 3640
798 5340
834 3340
838 6400
874 2500
878 3460
914 14200
918 21220
954 2680
958 4820
994 4400
998 4340
1031 43240
1034 3660
1038 2680
1039 43240
1071 16900
1074 25840
1078 23880
1079 16900
1111 4040
1114 5340
1118 3760
1119 4040
1151 4860
1154 6400
1158 4520
1159 4860
1191 3960
1194 3460
1198 4560
1199 3960
1231 9480
1234 21220
1238 22420
1239 9480
1271 3640
1274 4820
1278 4260
1279 3640
1311 3340
1314 4340
1318 2900
1319 3340
1351 2500
1354 2680
1358 2140
1359 2500
1391 14200
1394 23880
1398 6780
1399 14200
1431 2680
1434 3760
1438 3220
1439 2680
1471 4400
1474 4520
1478 3660
1479 4400
1511 3660
1514 4560
1518 85500
1519 46900
1551 25840
1554 22420
1558 28540
1559 42740
1591 5340
1594 4260
1598 6020
1599 9380
1631 6400
1634 2900
1638 8580
1639 11260
1671 3460
1674 2140
1678 5100
1679 7420
1711 21220
1714 6780
1718 16740
1719 30700
1751 4820
1754 3220
1758 5460
1759 8460
1791 4340
1794 3660
1798 5360
1799 7680
1823 43240
1831 2680
1834 85500
1838 3560
1839 5180
1863 16900
1871 23880
1874 28540
1878 19800
1879 38080
1903 4040
1911 3760
1914 6020
1918 4620
1919 6440
1943 4860
1951 4520
1954 8580
1958 6020
1959 8920
1983 3960
1990 43240
1991 4560
1994 5100
1998 4440
1999 8220
2023 9480
2030 16900
2031 22420
2034 16740
2038 24200
2039 48260
2062 43240
2063 3640
2070 4040
2071 4260
2074 5460
2078 4460
2079 9600
2102 16900
2103 3340
2110 4860
2111 2900
2114 5360
2118 7180
2119 9300
2142 4040
2143 2500
2150 3960
2151 2140
2154 3560
2158 6540
2159 5600
2182 4860
2183 14200
2190 9480
2191 50020
2194 19800
2198 23960
2199 28000
2222 3960
2223 2680
2230 3640
2231 20120
2234 4620
2238 6620
2239 8040
2262 9480
2263 4400
2270 3340
2271 7700
2274 6020
2278 6200
2279 8000
2302 3640
2303 3660
2310 2500
2311 90360
2314 4440
2318 3880
2319 88180
2342 3340
2343 25840
2350 14200
2351 32500
2354 24200
2358 29140
2359 52420
2382 2500
2383 5340
2390 2680
2391 15500
2394 4460
2398 6260
2399 9780
2422 14200
2423 6400
2430 4400
2431 12220
2434 7180
2438 8280
2439 13100
2462 2680
2463 3460
2470 3660
2471 8440
2474 6540
2478 5580
2479 9660
2502 4400
2503 21220
2510 25840
2511 19240
2514 23960
2518 24420
2519 39160
2542 3660
2543 4820
2545 43240
2550 5340
2551 19660
2554 6620
2558 5740
2559 9720
2582 25840
2583 4340
2585 16900
2590 6400
2591 8040
2594 6200
2598 7460
2599 8260
2622 5340
2623 2680
2625 4040
2630 3460
2631 7960
2634 3880
2638 5040
2639 5700
2662 6400
2663 23880
2665 4860
2670 21220
2671 23460
2674 29140
2678 9180
2679 26580
2702 3460
2703 3760
2705 3960
2710 4820
2711 30460
2714 6260
2718 5140
2719 7840
2742 21220
2743 4520
2745 9480
2750 4340
2751 11360
2754 8280
2758 6380
2759 9680
2782 4820
2783 4560
2785 3640
2790 2680
2791 10840
2794 5580
2798 114340
2799 89940
2822 4340
2823 22420
2825 3340
2830 23880
2831 27660
2834 24420
2838 26100
2839 52740
2858 43240
2862 2680
2863 4260
2865 2500
2870 3760
2871 25680
2874 5740
2878 6000
2879 10480
2898 16900
2900 43240
2902 23880
2903 2900
2905 14200
2910 4520
2911 12000
2914 7460
2918 9080
2919 15760
2938 4040
2940 16900
2942 3760
2943 2140
2945 2680
2950 4560
2951 10880
2954 5040
2958 5860
2959 11640
2978 4860
2980 4040
2982 4520
2983 6780
2985 4400
2990 22420
2991 26640
2994 9180
2998 23580
