0 0
425 43240
465 16900
505 4040
545 4860
562 43240
585 3960
602 16900
625 9480
642 4040
665 3640
682 4860
705 3340
722 3960
745 2500
762 9480
785 14200
802 3640
825 2680
842 3340
865 4400
882 2500
905 3660
922 14200
945 25840
958 43240
959 43240
962 2680
971 43240
985 5340
998 16900
999 16900
1002 4400
1011 16900
1025 6400
1038 4040
1039 4040
1042 3660
1051 4040
1065 3460
1078 4860
1079 4860
1082 25840
1091 4860
1105 21220
1118 3960
1119 3960
1122 5340
1131 3960
1145 4820
1158 9480
1159 9480
1162 6400
1171 9480
1185 4340
1198 3640
1199 3640
1202 3460
1211 3640
1225 2680
1238 3340
1239 3340
1242 21220
1251 3340
1265 23880
1278 2500
1279 2500
1282 4820
1291 2500
1305 3760
1318 14200
1319 14200
1322 4340
1331 14200
1345 4520
1358 2680
1359 2680
1362 2680
1371 2680
1379 43240
1385 4560
1398 4400
1399 4400
1402 23880
1411 4400
1419 16900
1425 22420
1438 3660
1439 3660
1442 3760
1451 3660
1459 4040
1465 4260
1478 25840
1479 25840
1482 4520
1491 25840
1499 4860
1505 2900
1518 5340
1519 5340
1522 4560
1531 5340
1539 3960
1545 2140
1558 6400
1559 6400
1562 22420
1571 6400
1579 9480
1585 6780
1598 3460
1599 3460
1602 4260
1611 3460
1619 3640
1625 3220
1638 21220
1639 21220
1642 2900
1651 21220
1659 3340
1665 3660
1678 4820
1679 4820
1682 2140
1691 4820
1699 2500
1705 85500
1718 4340
1719 4340
1722 6780
1731 4340
1739 14200
1745 28540
1758 2680
1759 2680
1762 3220
1771 2680
1779 2680
1785 6020
1798 23880
1799 23880
1802 3660
1811 23880
1819 4400
1825 8580
1838 3760
1839 3760
1842 85500
1851 3760
1859 3660
1865 5100
1878 4520
1879 4520
1882 28540
1891 4520
1899 25840
1905 16740
1918 4560
1919 4560
1922 6020
1931 4560
1939 5340
1945 5460
1958 22420
1959 22420
1962 8580
1971 22420
1979 6400
1985 5360
1998 4260
1999 4260
2002 5100
2011 4260
2019 3460
2025 3560
2038 2900
2039 2900
2042 16740
2050 43240
2051 2900
2059 21220
2065 19800
2078 2140
2079 2140
2082 5460
2090 16900
2091 2140
2095 43240
2099 4820
2105 4620
2118 6780
2119 6780
2122 5360
2130 4040
2131 6780
2135 16900
2139 4340
2145 6020
2158 3220
2159 3220
2162 3560
2170 4860
2171 3220
2175 4040
2179 2680
2185 4440
2187 43240
2198 3660
2199 3660
2202 19800
2210 3960
2211 3660
2215 4860
2219 23880
2225 24200
2227 16900
2238 85500
2239 85500
2242 4620
2250 9480
2251 85500
2255 3960
2259 3760
2265 4460
2267 4040
2278 28540
2279 28540
2282 6020
2290 3640
2291 28540
2295 9480
2299 4520
2305 7180
2307 4860
2318 6020
2319 6020
2322 4440
2330 3340
2331 6020
2335 3640
2339 4560
2345 6540
2347 3960
2358 8580
2359 8580
2362 24200
2370 2500
2371 8580
2375 3340
2379 22420
2385 23960
2387 9480
2398 5100
2399 5100
2402 4460
2410 14200
2411 5100
2415 2500
2419 4260
2425 6620
2427 3640
2438 16740
2439 16740
2442 7180
2450 2680
2451 16740
2455 14200
2459 2900
2465 6200
2467 3340
2478 5460
2479 5460
2482 6540
2490 4400
2491 5460
2495 2680
2499 2140
2505 3880
2507 2500
2518 5360
2519 5360
2522 23960
2530 3660
2531 48600
2535 4400
2539 6780
2545 29140
2547 14200
2558 3560
2559 3560
2562 6620
2570 25840
2571 20460
2575 3660
2579 3220
2585 6260
2587 2680
2598 19800
2599 19800
2602 6200
2610 5340
2611 23840
2615 25840
2619 3660
2625 8280
2627 4400
2638 4620
2639 4620
2642 3880
2650 6400
2651 9480
2653 43240
2655 5340
2659 85500
2665 5580
2667 3660
2678 6020
2679 6020
2682 29140
2690 3460
2691 9980
2693 16900
2695 6400
2699 28540
2705 24420
2707 25840
2718 4440
2719 4440
2722 6260
2730 21220
2731 13920
2733 4040
2735 3460
2739 6020
2745 5740
2747 5340
2758 24200
2759 24200
2762 8280
2770 4820
2771 27840
2773 4860
2775 21220
2779 8580
2785 7460
2787 6400
2798 4460
2799 4460
2802 5580
2810 4340
2811 7800
2813 3960
2815 4820
2819 5100
2825 5040
2827 3460
2838 7180
2839 7180
2842 24420
2850 2680
2851 9680
2853 9480
2855 4340
2859 16740
2865 9180
2867 21220
2878 6540
2879 6540
2882 5740
2890 23880
2891 20740
2893 3640
2895 2680
2899 5460
2905 5140
2907 4820
2918 23960
2919 23960
2922 7460
2930 3760
2931 26640
2933 3340
2935 23880
2939 5360
2945 6380
2947 4340
2958 6620
2959 6620
2962 5040
2970 4520
2971 11020
2973 2500
2975 3760
2979 3560
2985 114340
2987 2680
2998 1550
