0 0
480 43240
514 43240
520 16900
554 16900
560 4040
594 4040
600 4860
634 4860
640 3960
674 3960
680 9480
714 9480
720 3640
754 3640
760 3340
794 3340
800 2500
834 2500
840 14200
874 14200
880 2680
914 2680
920 4400
954 4400
960 3660
994 3660
1000 25840
1025 43240
1034 25840
1040 5340
1065 16900
1074 5340
1080 6400
1105 4040
1114 6400
1120 3460
1145 4860
1154 3460
1160 21220
1185 3960
1191 43240
1194 21220
1200 4820
1225 9480
1231 16900
1234 4820
1240 4340
1265 3640
1271 4040
1274 4340
1280 2680
1305 3340
1311 4860
1314 2680
1320 23880
1345 2500
1351 3960
1354 23880
1360 3760
1385 14200
1391 9480
1394 3760
1400 4520
1425 2680
1431 46880
1434 4520
1440 4560
1465 4400
1471 20240
1474 4560
1480 22420
1505 3660
1506 43240
1511 6540
1514 22420
1520 4260
1545 25840
1546 16900
1551 19060
1554 4260
1560 2900
1585 5340
1586 4040
1591 6640
1594 2900
1600 2140
1625 6400
1626 4860
1631 13880
1634 2140
1640 6780
1665 3460
1666 3960
1671 7300
1674 6780
1679 43240
1680 3220
1705 21220
1706 9480
1711 29180
1714 3220
1719 16900
1720 3660
1745 4820
1746 3640
1751 7840
1754 3660
1759 4040
1760 85500
1785 4340
1786 3340
1791 20600
1794 85500
1799 4860
1800 28540
1825 2680
1826 2500
1831 6140
1834 28540
1839 3960
1840 6020
1865 23880
1866 14200
1871 25620
1874 6020
1879 9480
1880 8580
1905 3760
1906 2680
1911 8480
1914 8580
1919 3640
1920 5100
1945 4520
1946 4400
1951 30180
1954 5100
1959 3340
1960 16740
1985 4560
1986 3660
1991 8020
1994 16740
1999 2500
2000 5460
2025 22420
2026 25840
2031 30280
2034 5460
2039 14200
2040 5360
2065 4260
2066 5340
2071 7220
2074 5360
2079 2680
2080 3560
2105 2900
2106 6400
2111 25740
2114 3560
2119 4400
2120 19800
2145 2140
2146 3460
2151 9380
2154 19800
2159 3660
2160 4620
2185 6780
2186 21220
2191 26760
2194 4620
2199 25840
2200 6020
2225 3220
2226 4820
2231 6940
2234 6020
2239 5340
2240 4440
2265 3660
2266 4340
2271 26780
2274 4440
2279 6400
2280 24200
2305 85500
2306 2680
2311 5900
2314 24200
2319 3460
2320 4460
2337 43240
2345 28540
2346 23880
2351 11300
2354 4460
2359 21220
2360 7180
2377 16900
2385 6020
2386 3760
2391 7780
2394 7180
2399 4820
2400 6540
2417 4040
2425 8580
2426 4520
2431 26080
2434 6540
2439 4340
2440 23960
2457 4860
2465 5100
2466 4560
2471 89760
2473 43240
2474 23960
2479 2680
2480 6620
2497 3960
2505 16740
2506 22420
2511 31440
2513 16900
2514 6620
2519 23880
2520 6200
2537 9480
2545 5460
2546 4260
2551 8160
2553 4040
2554 6200
2559 3760
2560 3880
2577 3640
2585 5360
2586 2900
2591 15360
2593 4860
2594 3880
2599 4520
2600 29140
2617 3340
2625 3560
2626 2140
2631 8320
2633 3960
2634 29140
2639 4560
2640 6260
2657 2500
2665 19800
2666 6780
2671 20400
2673 9480
2674 6260
2679 22420
2680 8280
2697 14200
2705 4620
2706 3220
2711 90960
2713 3640
2714 8280
2719 4260
2720 5580
2737 2680
2742 43240
2745 6020
2746 3660
2751 33900
2753 3340
2754 5580
2759 2900
2760 24420
2777 4400
2782 16900
2785 4440
2786 85500
2791 9580
2793 2500
2794 24420
2799 2140
2800 5740
2817 3660
2822 4040
2825 24200
2826 28540
2831 28380
2833 14200
2834 5740
2839 6780
2840 7460
2857 25840
2862 4860
2865 4460
2866 6020
2871 9720
2873 2680
2874 7460
2879 3220
2880 5040
2897 5340
2902 3960
2905 7180
2906 8580
2911 22760
2913 4400
2914 5040
2919 3660
2920 9180
2937 6400
2942 9480
2945 6540
2946 5100
2951 9900
2953 3660
2954 9180
2959 85500
2960 5140
2970 43240
2977 3460
2982 3640
2985 23960
2986 16740
2991 25540
