0 0
155 43240
195 16900
232 43240
235 4040
239 43240
272 16900
275 4860
279 16900
312 4040
315 3960
319 4040
352 4860
355 9480
359 4860
392 3960
395 3640
399 3960
432 9480
435 3340
439 9480
472 3640
475 2500
479 3640
512 3340
515 14200
519 3340
522 43240
552 2500
555 2680
559 2500
562 16900
592 14200
595 4400
598 43240
599 14200
602 4040
632 2680
635 3660
638 16900
639 2680
642 4860
672 4400
675 25840
678 4040
679 4400
682 3960
712 3660
715 5340
718 4860
719 3660
721 43240
722 9480
752 25840
755 6400
758 3960
759 25840
761 16900
762 3640
792 5340
795 3460
798 9480
799 5340
801 4040
802 3340
832 6400
835 21220
838 3640
839 6400
841 4860
842 2500
872 3460
875 4820
878 3340
879 3460
881 3960
882 14200
912 21220
915 4340
918 2500
919 21220
921 9480
922 2680
952 4820
955 2680
958 14200
959 4820
961 3640
962 4400
983 43240
986 43240
992 4340
995 23880
998 2680
999 4340
1001 3340
1002 3660
1023 16900
1026 16900
1032 2680
1035 3760
1038 4400
1039 2680
1041 2500
1042 25840
1063 4040
1066 4040
1072 23880
1075 4520
1078 3660
1079 23880
1081 14200
1082 5340
1103 4860
1106 4860
1112 3760
1115 4560
1118 25840
1119 3760
1121 2680
1122 6400
1143 3960
1146 3960
1152 4520
1155 22420
1158 5340
1159 4520
1161 4400
1162 3460
1183 9480
1186 9480
1191 43240
1192 4560
1195 4260
1198 6400
1199 4560
1201 3660
1202 21220
1223 3640
1226 3640
1231 16900
1232 22420
1235 2900
1238 3460
1239 22420
1241 25840
1242 4820
1263 3340
1266 3340
1271 4040
1272 4260
1275 2140
1278 21220
1279 4260
1281 5340
1282 4340
1303 2500
1306 2500
1311 4860
1312 2900
1315 6780
1318 4820
1319 2900
1321 6400
1322 2680
1343 14200
1346 14200
1351 3960
1352 2140
1355 3220
1358 4340
1359 2140
1361 3460
1362 23880
1383 2680
1386 2680
1391 9480
1392 6780
1395 3660
1398 2680
1399 6780
1401 21220
1402 3760
1423 4400
1426 4400
1431 3640
1432 3220
1435 85500
1438 23880
1439 3220
1441 4820
1442 4520
1463 3660
1466 3660
1471 3340
1472 3660
1475 28540
1478 3760
1479 3660
1481 4340
1482 4560
1503 25840
1506 25840
1511 2500
1512 85500
1515 6020
1518 4520
1519 85500
1521 2680
1522 22420
1543 5340
1546 5340
1551 14200
1552 28540
1555 8580
1558 4560
1559 28540
1561 23880
1562 4260
1583 6400
1586 6400
1591 2680
1592 6020
1595 5100
1598 22420
1599 6020
1601 3760
1602 2900
1623 3460
1626 3460
1631 4400
1632 8580
1635 16740
1638 4260
1639 8580
1641 4520
1642 2140
1663 21220
1666 21220
1671 3660
1672 5100
1675 5460
1678 2900
1679 5100
1681 4560
1682 6780
1703 4820
1706 4820
1711 25840
1712 16740
1715 5360
1718 2140
1719 16740
1721 22420
1722 3220
1743 4340
1746 4340
1751 5340
1752 5460
1755 3560
1758 6780
1759 5460
1761 4260
1762 3660
1783 2680
1786 2680
1791 6400
1792 5360
1795 19800
1798 3220
1799 5360
1801 2900
1802 85500
1815 43240
1823 23880
1826 23880
1831 3460
1832 3560
1835 4620
1838 3660
1839 3560
1841 2140
1842 28540
1855 16900
1863 3760
1866 3760
1871 21220
1872 19800
1875 6020
1878 85500
1879 19800
1881 6780
1882 6020
1895 4040
1903 4520
1906 4520
1911 4820
1912 4620
1915 4440
1918 28540
1919 4620
1921 3220
1922 8580
1935 4860
1943 4560
1946 4560
1951 4340
1952 6020
1955 24200
1958 6020
1959 6020
1961 3660
1962 5100
1975 3960
1983 22420
1986 22420
1991 2680
1992 4440
1995 4460
1998 8580
1999 4440
2001 85500
2002 16740
2015 9480
2019 43240
2023 4260
2026 4260
2031 23880
2032 24200
2035 7180
2038 5100
2039 24200
2041 28540
2042 5460
2055 3640
2059 16900
2063 2900
2066 2900
2071 3760
2072 4460
2075 6540
2078 16740
2079 4460
2081 6020
2082 5360
2095 3340
2099 4040
2103 2140
2106 2140
2111 4520
2112 7180
2115 23960
2118 5460
2119 7180
2121 8580
2122 3560
2135 2500
2139 4860
2143 6780
2146 6780
2151 4560
2152 6540
2155 6620
2158 5360
2159 6540
2161 5100
2162 19800
2175 14200
2179 3960
2183 3220
2186 3220
2191 22420
2192 23960
2195 6200
2198 3560
2199 23960
2201 16740
2202 4620
2215 2680
2219 9480
2223 3660
2226 3660
2231 4260
2232 6620
2235 3880
2238 19800
2239 6620
2241 5460
2242 6020
2255 4400
2259 3640
2263 85500
2266 85500
2271 2900
2272 6200
2275 29140
2278 4620
2279 6200
2281 5360
2282 4440
2295 3660
2299 3340
2303 28540
2306 28540
2311 2140
2312 3880
2315 6260
2318 6020
2319 3880
2321 3560
2322 24200
2335 25840
2339 2500
2343 6020
2346 6020
2351 6780
2352 29140
2355 8280
2358 4440
2359 29140
2361 19800
2362 4460
2375 5340
2379 14200
2383 8580
2386 8580
2391 3220
2392 6260
2395 5580
2398 24200
2399 6260
2401 4620
2402 7180
2415 6400
2419 2680
2423 5100
2426 5100
2431 3660
2432 8280
2435 24420
2438 4460
2439 8280
2441 6020
2442 6540
2455 3460
2459 4400
2463 16740
2466 16740
2471 85500
2472 5580
2475 5740
2478 7180
2479 5580
2481 4440
2482 23960
2495 21220
2499 3660
2503 5460
2506 5460
2511 28540
2512 24420
2515 7460
2518 6540
2519 24420
2521 24200
2522 6620
2535 4820
2539 25840
2543 5360
2546 5360
2551 6020
2552 5740
2555 5040
2558 23960
2559 5740
2561 4460
2562 6200
2575 4340
2579 5340
2583 3560
2586 3560
2591 8580
2592 7460
2595 9180
2598 6620
2599 7460
2601 7180
2602 3880
2615 2680
2619 6400
2623 19800
2626 19800
2631 5100
2632 5040
2635 5140
2638 6200
2639 5040
2641 6540
2642 29140
2655 23880
2659 3460
2663 4620
2666 4620
2671 16740
2672 9180
2675 6380
2678 47120
2679 9180
2681 23960
2682 6260
2695 3760
2699 21220
2703 6020
2706 6020
2711 5460
2712 5140
2715 114340
2718 46040
2719 5140
2721 6620
2722 8280
2735 4520
2739 4820
2743 4440
2746 4440
2751 5360
2752 6380
2755 26100
2758 10300
2759 6380
2761 6200
2762 5580
2775 4560
2779 4340
2783 24200
2786 24200
2791 3560
2792 114340
2795 6000
2798 13140
2799 114340
2801 3880
2802 24420
2815 22420
2819 2680
2823 4460
2826 4460
2831 19800
2832 26100
2835 9080
2838 9540
2839 26100
2841 29140
2842 5740
2855 4260
2859 23880
2863 7180
2866 7180
2871 4620
2872 6000
2875 5860
2878 33900
2879 6000
2881 6260
2882 7460
2895 2900
2899 3760
2903 6540
2906 6540
2911 6020
2912 9080
2915 23580
2918 9380
2919 9080
2921 8280
2922 5040
2935 2140
2939 4520
2943 23960
2946 23960
2951 4440
2952 5860
2955 6480
2958 10800
2959 5860
2961 5580
2962 9180
2975 6780
2979 4560
2983 6620
2986 6620
2991 24200
2992 23580
2995 9400
2998 2772
