0 0
438 43240
478 16900
518 4040
558 4860
571 43240
598 3960
611 16900
638 9480
651 4040
678 3640
691 4860
718 3340
731 3960
758 2500
771 9480
798 14200
804 43240
811 3640
838 2680
844 16900
851 3340
878 47640
884 4040
891 2500
918 20560
924 4860
931 14200
958 29880
964 3960
971 2680
998 10200
1004 9480
1011 4400
1038 10360
1044 3640
1051 3660
1078 12940
1084 3340
1091 25840
1118 24860
1124 2500
1131 5340
1158 8160
1164 14200
1171 6400
1198 6840
1204 2680
1211 3460
1238 16880
1244 4400
1251 21220
1278 26560
1284 3660
1291 4820
1318 8160
1324 25840
1331 4340
1358 8180
1364 5340
1371 2680
1398 30400
1404 6400
1411 23880
1429 43240
1438 27760
1444 3460
1451 3760
1469 16900
1478 10660
1484 21220
1491 4520
1509 4040
1518 6360
1524 4820
1531 4560
1549 4860
1558 23360
1564 47580
1571 22420
1589 3960
1598 11600
1604 19580
1611 4260
1629 9480
1638 7560
1644 27920
1651 2900
1669 3640
1678 6340
1684 8620
1691 2140
1709 3340
1718 109380
1724 8480
1731 6780
1749 2500
1758 32300
1764 14040
1771 3220
1789 14200
1798 10540
1804 26060
1811 3660
1829 2680
1838 13140
1844 7600
1851 85500
1869 4400
1878 27520
1884 5400
1891 28540
1909 3660
1918 21000
1924 16340
1931 6020
1949 25840
1958 8360
1964 9460
1971 8580
1989 5340
1998 7500
2004 7620
2011 5100
2029 6400
2038 10340
2044 7320
2051 16740
2069 3460
2078 23020
2084 111340
2091 5460
2109 21220
2118 8280
2124 33880
2131 5360
2149 4820
2158 91520
2164 12420
2171 3560
2189 4340
2198 32980
2204 12040
2211 19800
2229 2680
2238 30220
2244 26320
2251 4620
2269 23880
2278 13040
2280 43240
2284 21560
2291 6020
2301 43240
2309 3760
2318 12280
2320 16900
2324 9800
2331 4440
2341 16900
2343 43240
2349 4520
2358 23280
2360 4040
2364 8040
2371 24200
2381 4040
2383 16900
2384 43240
2389 4560
2398 29420
2400 4860
2404 27440
2411 4460
2421 4860
2423 4040
2424 16900
2429 22420
2438 11980
2440 3960
2444 23560
2451 7180
2461 3960
2463 4860
2464 4040
2469 4260
2478 9760
2480 9480
2481 43240
2484 9140
2491 6540
2501 9480
2503 3960
2504 4860
2509 2900
2518 23680
2520 3640
2521 16900
2524 10580
2531 23960
2534 43240
2541 3640
2543 9480
2544 3960
2549 2140
2558 33760
2560 3340
2561 4040
2564 26860
2571 6620
2574 16900
2581 3340
2583 3640
2584 9480
2589 6780
2598 12280
2600 2500
2601 4860
2604 28460
2611 6200
2614 4040
2621 2500
2623 3340
2624 3640
2629 3220
2638 12720
2640 14200
2641 3960
2644 7360
2651 3880
2654 4860
2661 14200
2663 2500
2664 3340
2669 3660
2678 29780
2680 2680
2681 9480
2684 9320
2691 29140
2694 3960
2701 2680
2703 14200
2704 2500
2709 85500
2718 28880
2720 4400
2721 3640
2724 13320
2731 6260
2734 9480
2741 4400
2743 2680
2744 14200
2749 28540
2758 12920
2760 3660
2761 3340
2764 27180
2771 8280
2774 3640
2781 3660
2783 4400
2784 2680
2789 6020
2798 14000
2800 25840
2801 2500
2804 10280
2811 5580
2814 3340
2821 25840
2823 3660
2824 4400
2829 8580
2838 29000
2840 5340
2841 14200
2844 91700
2851 24420
2854 2500
2861 5340
2863 25840
2864 3660
2869 5100
2878 15800
2880 6400
2881 2680
2884 32420
2887 43240
2891 5740
2894 14200
2901 6400
2903 5340
2904 25840
2909 16740
2918 11340
2920 3460
2921 4400
2924 35160
2927 16900
2931 7460
2934 2680
2941 3460
2943 6400
2944 5340
2949 5460
2958 10260
2960 21220
2961 3660
2964 14840
2967 4040
2971 5040
2974 4400
2981 21220
2983 3460
2984 6400
2989 5360
