0 0
298 43240
338 16900
378 4040
418 4860
458 3960
498 9480
538 3640
578 3340
618 2500
658 14200
698 2680
707 43240
712 43240
738 4400
747 16900
752 16900
778 3660
787 4040
792 4040
818 25840
827 4860
828 43240
832 4860
858 5340
867 3960
868 16900
872 3960
898 6400
907 9480
908 4040
912 9480
938 3460
947 3640
948 4860
952 3640
978 21220
987 3340
988 3960
992 3340
1015 43240
1018 4820
1027 2500
1028 9480
1032 2500
1055 16900
1058 4340
1067 14200
1068 3640
1072 14200
1095 4040
1098 2680
1107 2680
1108 3340
1112 2680
1135 4860
1138 23880
1147 4400
1148 2500
1152 4400
1175 3960
1178 3760
1187 3660
1188 14200
1192 3660
1215 9480
1218 4520
1227 25840
1228 2680
1232 25840
1255 3640
1258 4560
1267 5340
1268 4400
1272 5340
1277 43240
1295 3340
1298 22420
1307 6400
1308 3660
1312 6400
1317 16900
1335 2500
1338 4260
1347 3460
1348 25840
1352 3460
1357 4040
1375 14200
1378 2900
1385 43240
1387 21220
1388 5340
1392 21220
1397 4860
1415 2680
1418 2140
1425 16900
1427 4820
1428 6400
1432 4820
1437 3960
1455 4400
1458 6780
1465 4040
1467 4340
1468 3460
1472 4340
1477 52720
1495 3660
1498 3220
1501 43240
1505 4860
1507 2680
1508 21220
1512 2680
1517 20540
1535 25840
1538 3660
1541 16900
1545 3960
1547 23880
1548 4820
1552 23880
1557 7380
1575 5340
1578 85500
1581 4040
1585 9480
1587 3760
1588 4340
1592 3760
1597 7360
1615 6400
1618 28540
1621 4860
1625 3640
1627 4520
1628 2680
1632 4520
1637 18160
1655 3460
1658 6020
1661 3960
1665 3340
1667 4560
1668 23880
1672 4560
1677 12160
1695 21220
1698 8580
1701 9480
1705 2500
1707 22420
1708 3760
1712 22420
1717 8040
1735 4820
1738 5100
1741 3640
1745 14200
1747 4260
1748 4520
1752 4260
1757 7000
1775 4340
1778 16740
1781 3340
1785 2680
1787 2900
1788 4560
1792 2900
1797 28340
1815 2680
1818 5460
1821 2500
1825 4400
1827 2140
1828 22420
1832 2140
1837 19540
1855 23880
1858 5360
1861 14200
1865 3660
1867 6780
1868 4260
1872 6780
1877 9080
1895 3760
1898 3560
1901 2680
1905 25840
1907 3220
1908 2900
1912 3220
1917 7860
1935 4520
1938 19800
1941 4400
1945 5340
1947 3660
1948 2140
1952 3660
1957 24880
1975 4560
1978 4620
1981 3660
1985 6400
1987 85500
1988 6780
1992 85500
1997 30660
2015 22420
2018 6020
2021 25840
2025 3460
2027 28540
2028 3220
2032 28540
2037 9680
2055 4260
2058 4440
2061 5340
2065 21220
2067 6020
2068 3660
2072 6020
2077 9080
2095 2900
2098 24200
2101 6400
2105 4820
2107 8580
2108 85500
2112 8580
2117 27340
2135 2140
2138 4460
2141 3460
2145 4340
2147 5100
2148 28540
2152 5100
2157 24980
2175 6780
2178 7180
2181 21220
2185 2680
2187 16740
2188 6020
2192 16740
2197 9340
2215 3220
2218 6540
2221 4820
2225 23880
2227 5460
2228 8580
2232 5460
2237 8900
2255 3660
2258 23960
2261 4340
2265 3760
2267 5360
2268 5100
2272 5360
2277 25100
2295 85500
2298 6620
2301 2680
2305 4520
2307 3560
2308 16740
2312 3560
2317 28140
2335 28540
2338 6200
2341 23880
2345 4560
2347 19800
2348 5460
2352 19800
2357 6660
2375 6020
2378 3880
2381 3760
2385 22420
2387 4620
2388 5360
2389 43240
2392 4620
2397 6660
2415 8580
2418 29140
2421 4520
2423 43240
2425 4260
2427 6020
2428 3560
2429 16900
2432 6020
2437 11340
2455 5100
2458 6260
2461 4560
2463 16900
2465 2900
2467 4440
2468 19800
2469 4040
2472 4440
2477 25640
2495 16740
2498 8280
2501 22420
2503 4040
2505 2140
2507 24200
2508 4620
2509 4860
2512 24200
2517 7920
2535 5460
2538 5580
2541 4260
2543 4860
2545 6780
2547 4460
2548 6020
2549 3960
2552 4460
2557 88400
2575 5360
2578 24420
2581 2900
2583 3960
2585 3220
2587 7180
2588 4440
2589 9480
2592 7180
2597 30680
2615 3560
2618 5740
2621 2140
2623 9480
2625 3660
2627 6540
2628 24200
2629 3640
2632 6540
2637 12800
2655 19800
2658 7460
2661 6780
2663 3640
2665 85500
2667 23960
2668 4460
2669 3340
2672 23960
2677 11800
2695 4620
2698 5040
2701 3220
2703 3340
2705 28540
2707 6620
2708 7180
2709 2500
2712 6620
2717 8760
2735 6020
2738 9180
2741 3660
2743 2500
2745 6020
2747 6200
2748 6540
2749 14200
2752 6200
2757 102240
2775 4440
2778 5140
2781 85500
2783 14200
2785 8580
2787 3880
2788 23960
2789 2680
2792 3880
2797 34000
2815 24200
2818 6380
2821 28540
2823 2680
2825 5100
2827 29140
2828 6620
2829 4400
2832 29140
2837 11380
2855 4460
2858 114340
2861 6020
2863 4400
2865 16740
2867 6260
2868 6200
2869 3660
2872 6260
2877 12140
2895 7180
2898 26100
2901 8580
2903 3660
2905 5460
2907 8280
2908 3880
2909 25840
2912 8280
2917 24900
2935 6540
2938 6000
2941 5100
2943 25840
2945 5360
2947 5580
2948 29140
2949 5340
2951 43240
2952 5580
2957 21360
2975 23960
2978 9080
2981 16740
2983 5340
2985 3560
2987 24420
2988 6260
2989 6400
2991 16900
2992 24420
