0 0
536 43240
576 16900
616 4040
656 4860
696 3960
711 43240
731 43240
736 9480
751 16900
771 16900
776 3640
791 4040
811 4040
816 3340
831 4860
851 4860
856 2500
871 3960
891 3960
896 14200
911 9480
931 9480
936 2680
951 3640
971 3640
976 4400
991 3340
1011 3340
1016 3660
1031 2500
1051 2500
1056 25840
1071 14200
1091 14200
1096 5340
1108 43240
1111 2680
1131 2680
1136 6400
1148 16900
1151 4400
1171 4400
1176 3460
1188 4040
1191 3660
1211 3660
1216 21220
1228 4860
1231 25840
1251 25840
1256 4820
1268 3960
1271 5340
1291 5340
1296 4340
1308 9480
1311 6400
1331 6400
1336 2680
1348 3640
1351 3460
1367 43240
1371 3460
1376 23880
1388 3340
1391 21220
1407 16900
1411 21220
1416 3760
1428 2500
1431 4820
1447 4040
1451 4820
1456 4520
1468 14200
1471 4340
1487 4860
1491 4340
1496 4560
1508 2680
1511 2680
1527 3960
1531 2680
1536 22420
1548 4400
1551 23880
1567 9480
1571 23880
1576 4260
1582 43240
1588 3660
1591 3760
1607 3640
1611 3760
1616 2900
1622 16900
1628 25840
1631 4520
1647 3340
1651 4520
1656 2140
1662 4040
1668 5340
1671 4560
1687 2500
1691 4560
1696 6780
1702 4860
1708 6400
1710 43240
1711 22420
1727 14200
1731 22420
1736 3220
1742 3960
1748 3460
1750 16900
1751 4260
1767 2680
1771 4260
1776 3660
1782 9480
1788 21220
1790 4040
1791 2900
1807 4400
1811 2900
1816 85500
1822 3640
1828 4820
1830 4860
1831 2140
1847 3660
1851 2140
1856 28540
1862 3340
1868 4340
1870 3960
1871 6780
1887 25840
1891 6780
1896 6020
1902 2500
1908 2680
1910 9480
1911 3220
1927 5340
1931 3220
1936 8580
1942 14200
1948 23880
1950 3640
1951 3660
1967 6400
1971 3660
1976 5100
1982 2680
1988 3760
1990 3340
1991 85500
2007 3460
2011 85500
2016 16740
2022 4400
2028 4520
2030 2500
2031 28540
2032 43240
2047 21220
2051 28540
2056 5460
2062 3660
2068 4560
2070 14200
2071 6020
2072 16900
2087 4820
2091 6020
2096 5360
2102 25840
2108 22420
2110 2680
2111 8580
2112 4040
2127 4340
2131 8580
2136 3560
2142 5340
2148 4260
2150 4400
2151 5100
2152 4860
2167 2680
2171 5100
2176 19800
2182 6400
2188 2900
2190 3660
2191 16740
2192 3960
2207 23880
2211 16740
2216 4620
2222 3460
2228 2140
2230 25840
2231 5460
2232 9480
2247 3760
2251 5460
2256 6020
2262 21220
2268 6780
2270 5340
2271 5360
2272 3640
2287 4520
2291 5360
2296 4440
2302 4820
2308 3220
2310 6400
2311 3560
2312 3340
2327 4560
2331 3560
2336 24200
2342 4340
2348 3660
2350 3460
2351 19800
2352 2500
2367 22420
2371 19800
2376 4460
2382 2680
2388 85500
2390 21220
2391 4620
2392 14200
2407 4260
2411 4620
2416 7180
2422 23880
2428 28540
2430 4820
2431 6020
2432 2680
2447 2900
2451 6020
2453 43240
2456 6540
2462 3760
2468 6020
2470 4340
2471 4440
2472 4400
2487 2140
2491 4440
2493 16900
2496 23960
2502 4520
2508 8580
2510 2680
2511 24200
2512 3660
2527 6780
2531 24200
2533 4040
2536 49860
2542 4560
2548 5100
2550 23880
2551 4460
2552 25840
2567 3220
2571 4460
2573 4860
2576 23100
2582 22420
2588 16740
2590 3760
2591 7180
2592 5340
2607 3660
2611 7180
2613 3960
2616 7920
2622 4260
2628 5460
2630 4520
2631 6540
2632 6400
2647 85500
2651 6540
2653 9480
2656 34000
2662 2900
2668 5360
2670 4560
2671 23960
2672 3460
2687 28540
2691 23960
2693 3640
2696 10220
2702 2140
2708 3560
2710 22420
2711 6620
2712 21220
2727 6020
2731 6620
2733 3340
2736 17760
2742 6780
2748 19800
2750 4260
2751 6200
2752 4820
2767 8580
2771 6200
2773 2500
2776 9220
2782 3220
2788 4620
2790 2900
2791 3880
2792 4340
2807 5100
2811 3880
2813 14200
2816 27760
2822 3660
2828 6020
2830 2140
2831 29140
2832 2680
2847 16740
2851 29140
2853 2680
2856 8240
2862 85500
2868 4440
2870 6780
2871 6260
2872 23880
2887 5460
2891 6260
2893 4400
2896 21660
2902 28540
2908 24200
2910 3220
2911 8280
2912 3760
2927 5360
2931 8280
2933 3660
2936 7720
2942 6020
2948 4460
2950 3660
2951 5580
2952 4520
2967 3560
2971 5580
2973 25840
2976 13580
2982 8580
2988 7180
2990 82715
