0 0
266 43240
306 16900
346 4040
386 4860
416 43240
426 3960
456 16900
466 9480
496 4040
506 3640
536 4860
546 3340
553 43240
576 3960
586 2500
593 16900
616 9480
626 14200
633 4040
656 3640
666 2680
673 4860
696 3340
706 4400
713 3960
736 2500
746 3660
753 9480
776 14200
786 25840
793 3640
816 2680
826 5340
833 3340
856 4400
866 6400
873 2500
896 3660
906 3460
913 14200
936 25840
946 21220
953 2680
976 5340
986 4820
993 4400
1016 6400
1026 4340
1033 3660
1056 3460
1066 2680
1073 25840
1096 21220
1106 23880
1113 5340
1136 4820
1146 3760
1153 6400
1176 4340
1186 4520
1193 3460
1216 2680
1226 4560
1233 21220
1256 23880
1266 22420
1273 4820
1296 3760
1306 4260
1313 4340
1336 4520
1346 2900
1353 2680
1376 4560
1386 2140
1393 23880
1416 22420
1426 6780
1433 3760
1456 4260
1466 3220
1473 4520
1496 2900
1506 3660
1513 4560
1536 2140
1546 85500
1553 22420
1576 6780
1586 28540
1593 4260
1616 3220
1619 43240
1626 6020
1633 2900
1656 3660
1659 16900
1666 8580
1673 2140
1696 85500
1699 4040
1706 5100
1713 6780
1736 28540
1739 4860
1746 16740
1753 3220
1776 6020
1779 3960
1786 5460
1793 3660
1816 8580
1819 9480
1826 5360
1833 85500
1856 5100
1859 3640
1866 3560
1873 28540
1896 16740
1899 3340
1906 19800
1913 6020
1918 43240
1936 5460
1939 2500
1946 4620
1953 8580
1958 16900
1976 5360
1979 14200
1986 6020
1993 5100
1998 4040
2016 3560
2019 2680
2026 4440
2033 16740
2038 4860
2056 19800
2059 4400
2066 24200
2073 5460
2078 3960
2096 4620
2099 3660
2106 4460
2113 5360
2115 43240
2118 9480
2136 6020
2139 25840
2146 7180
2153 3560
2155 16900
2158 3640
2176 4440
2179 5340
2186 6540
2187 43240
2193 19800
2195 4040
2198 3340
2216 24200
2219 6400
2226 23960
2227 16900
2233 4620
2235 4860
2238 2500
2256 4460
2259 3460
2266 6620
2267 4040
2273 6020
2274 43240
2275 3960
2278 14200
2296 7180
2299 21220
2306 6200
2307 4860
2313 4440
2314 16900
2315 9480
2318 2680
2336 6540
2339 4820
2346 3880
2347 3960
2353 24200
2354 4040
2355 3640
2358 4400
2376 23960
2379 4340
2386 29140
2387 9480
2393 4460
2394 4860
2395 3340
2398 3660
2416 6620
2419 45920
2426 6260
2427 3640
2433 7180
2434 3960
2435 2500
2438 25840
2456 6200
2459 40780
2466 8280
2467 3340
2473 6540
2474 9480
2475 14200
2478 5340
2496 3880
2499 7800
2506 5580
2507 2500
2513 23960
2514 3640
2515 2680
2518 6400
2536 29140
2539 9380
2546 24420
2547 14200
2553 6620
2554 3340
2555 4400
2558 3460
2576 6260
2579 8520
2586 5740
2587 2680
2593 6200
2594 2500
2595 3660
2598 21220
2616 8280
2619 31900
2626 7460
2627 4400
2633 3880
2634 14200
2635 25840
2638 4820
2656 5580
2659 7900
2666 5040
2667 3660
2671 43240
2673 29140
2674 2680
2675 5340
2678 4340
2691 43240
2696 24420
2699 6240
2706 9180
2707 25840
2711 16900
2713 6260
2714 4400
2715 6400
2718 2680
2731 16900
2736 5740
2739 4640
2746 5140
2747 5340
2751 4040
2753 8280
2754 3660
2755 3460
2758 23880
2771 4040
2776 7460
2779 20980
2786 6380
2787 6400
2791 4860
2793 5580
2794 25840
2795 21220
2798 3760
2811 4860
2816 5040
2819 5900
2826 114340
2827 3460
2831 3960
2833 24420
2834 5340
2835 4820
2838 4520
2851 3960
2856 9180
2859 8060
2866 26100
2867 21220
2871 9480
2873 5740
2874 6400
2875 4340
2878 4560
2891 9480
2896 5140
2899 89160
2906 6000
2907 4820
2910 43240
2911 3640
2913 7460
2914 3460
2915 2680
2918 22420
2931 3640
2936 6380
2939 54380
2946 9080
2947 4340
2950 16900
2951 3340
2953 5040
2954 21220
2955 23880
2958 4260
2971 3340
2976 114340
2979 11360
2986 5860
2987 2680
2990 4040
2991 2500
2993 9180
2994 4820
