0 0
368 43240
408 16900
440 43240
448 4040
480 16900
488 4860
520 4040
528 3960
560 4860
568 9480
600 3960
608 3640
624 43240
640 9480
648 3340
664 16900
680 3640
688 2500
704 4040
720 3340
728 14200
744 4860
760 2500
768 2680
784 3960
800 14200
808 4400
824 9480
840 2680
848 3660
864 3640
880 4400
888 25840
904 3340
920 3660
928 5340
944 2500
960 25840
968 6400
984 14200
1000 5340
1008 3460
1024 2680
1040 6400
1048 21220
1064 4400
1080 3460
1088 4820
1104 3660
1105 43240
1120 21220
1128 4340
1144 25840
1145 60140
1160 4820
1168 2680
1184 5340
1185 20940
1200 4340
1204 43240
1208 23880
1224 6400
1225 8900
1240 2680
1244 16900
1248 3760
1264 3460
1265 8820
1280 23880
1284 4040
1288 4520
1304 21220
1305 13440
1320 3760
1324 4860
1328 4560
1344 4820
1345 13120
1360 4520
1364 3960
1368 22420
1384 4340
1385 6980
1400 4560
1404 9480
1408 4260
1424 2680
1425 5840
1440 22420
1444 3640
1448 2900
1464 23880
1465 16700
1480 4260
1484 3340
1488 2140
1504 3760
1505 16880
1520 2900
1524 2500
1528 6780
1544 4520
1545 7080
1560 2140
1564 14200
1568 3220
1584 4560
1585 8060
1598 43240
1600 6780
1604 2680
1608 3660
1624 22420
1625 29500
1635 43240
1638 16900
1640 3220
1644 4400
1648 85500
1664 4260
1665 31180
1675 16900
1678 4040
1680 3660
1684 3660
1688 28540
1704 2900
1705 11740
1715 4040
1718 4860
1720 85500
1724 25840
1728 6020
1744 2140
1745 9860
1755 4860
1758 3960
1760 28540
1764 5340
1768 8580
1784 6780
1785 24680
1795 3960
1798 9480
1800 6020
1804 49640
1808 5100
1824 3220
1825 26040
1835 9480
1838 3640
1840 8580
1844 20360
1848 16740
1864 3660
1865 9160
1875 3640
1878 3340
1880 5100
1884 25260
1888 5460
1904 85500
1905 7020
1915 3340
1918 2500
1920 16740
1924 9680
1928 5360
1940 43240
1944 28540
1945 26560
1955 2500
1958 14200
1960 5460
1964 8300
1968 3560
1980 16900
1984 6020
1985 27640
1995 14200
1998 2680
2000 5360
2004 12160
2008 19800
2020 4040
2024 8580
2025 8280
2026 43240
2035 2680
2038 4400
2040 3560
2044 27520
2048 4620
2060 4860
2064 48340
2065 9080
2066 16900
2075 4400
2078 3660
2080 19800
2084 7100
2088 6020
2100 3960
2104 33640
2105 26980
2106 4040
2115 3660
2118 25840
2120 4620
2124 7020
2128 4440
2140 9480
2144 9500
2145 26680
2146 4860
2155 25840
2158 5340
2160 6020
2164 62000
2167 43240
2168 24200
2180 3640
2184 10220
2185 7160
2186 3960
2195 5340
2198 6400
2200 4440
2204 42000
2207 16900
2208 4460
2220 3340
2224 7520
2225 5040
2226 9480
2235 6400
2238 3460
2240 24200
2244 12700
2247 4040
2248 7180
2260 2500
2264 29280
2265 8920
2266 3640
2275 3460
2278 21220
2280 4460
2284 11420
2287 4860
2288 6540
2300 14200
2304 8260
2305 10000
2306 3340
2315 21220
2318 4820
2320 7180
2324 31940
2327 3960
2328 23960
2340 2680
2344 9360
2345 6880
2346 2500
2355 4820
2358 4340
2360 6540
2364 21600
2367 9480
2368 6620
2380 4400
2384 6940
2385 89160
2386 14200
2395 4340
2398 2680
2400 23960
2404 13260
2407 3640
2408 6200
2420 3660
2424 38400
2425 114040
2426 2680
2435 2680
2438 23880
2440 6620
2444 10460
2447 3340
2448 3880
2460 25840
2464 7140
2465 34560
2466 4400
2475 23880
2478 3760
2480 6200
2484 109220
2487 2500
2488 29140
2500 5340
2504 11580
2505 14600
2506 3660
2515 3760
2518 4520
2520 3880
2524 47560
2527 14200
2528 6260
2540 6400
2544 10200
2545 13680
2546 25840
2555 4520
2558 4560
2560 29140
2564 13040
2567 2680
2568 8280
2580 3460
2584 49800
2585 21840
2586 5340
2595 4560
2598 22420
2600 6260
2604 15660
2607 4400
2608 5580
2620 21220
2624 11960
2625 22200
2626 6400
2635 22420
2638 4260
2640 8280
2644 32640
2647 3660
2648 24420
2660 4820
2664 12600
2665 10820
2666 3460
2675 4260
2678 2900
2680 5580
2684 46340
2687 25840
2688 5740
2700 4340
2704 7340
2705 8920
2706 21220
2715 2900
2718 2140
2720 24420
2724 15320
2727 5340
2728 7460
2740 2680
2744 50360
2745 23360
2746 4820
2755 2140
2758 6780
2760 5740
2764 16320
2767 6400
2768 5040
2780 23880
2784 11080
2785 24420
2786 4340
2795 6780
2798 3220
2800 7460
2804 29440
2807 3460
2808 9180
2820 3760
2824 12620
2825 10640
2826 2680
2835 3220
2838 3660
2840 5040
2844 45280
2847 21220
2848 5140
2860 4520
2864 8260
2865 10460
2866 23880
2875 3660
2878 85500
2880 9180
2884 12340
2887 4820
2888 6380
2900 4560
2904 48300
2905 28640
2906 3760
2915 85500
2918 28540
2920 5140
2924 12500
2927 4340
2928 114340
2940 22420
2944 9500
2945 28660
2946 4520
2955 28540
2958 6020
2960 6380
2964 13900
2967 2680
2968 26100
2980 4260
2984 11980
2985 6103
