0 0
604 43240
644 16900
684 4040
688 43240
724 4860
728 16900
764 3960
768 4040
804 9480
808 4860
844 3640
848 3960
884 3340
888 9480
924 2500
928 3640
964 14200
968 3340
1004 2680
1008 2500
1015 43240
1044 4400
1048 14200
1055 16900
1084 3660
1088 2680
1091 43240
1095 4040
1124 25840
1128 4400
1131 16900
1135 4860
1164 5340
1168 3660
1171 4040
1175 3960
1204 6400
1208 25840
1211 4860
1215 9480
1244 3460
1248 5340
1251 3960
1255 3640
1284 21220
1288 6400
1291 9480
1295 3340
1314 43240
1324 4820
1328 3460
1331 3640
1335 2500
1354 16900
1364 4340
1368 21220
1371 3340
1375 14200
1394 4040
1404 2680
1408 4820
1411 2500
1415 2680
1434 4860
1444 23880
1448 4340
1451 14200
1455 4400
1474 3960
1484 3760
1488 2680
1491 2680
1495 3660
1514 9480
1524 4520
1528 23880
1531 4400
1535 25840
1554 3640
1564 4560
1568 3760
1571 3660
1575 5340
1594 3340
1604 22420
1608 4520
1611 25840
1615 6400
1634 2500
1644 4260
1648 4560
1651 5340
1655 3460
1674 14200
1684 2900
1688 22420
1691 6400
1695 21220
1714 2680
1724 2140
1728 4260
1731 3460
1732 43240
1735 4820
1754 4400
1764 6780
1768 2900
1771 21220
1772 16900
1775 4340
1791 43240
1794 3660
1804 3220
1808 2140
1811 4820
1812 4040
1815 2680
1831 16900
1834 25840
1844 3660
1848 6780
1851 4340
1852 4860
1855 23880
1871 4040
1874 5340
1884 85500
1888 3220
1891 2680
1892 3960
1895 3760
1911 48100
1914 6400
1924 28540
1928 3660
1931 23880
1932 9480
1935 4520
1951 20860
1954 3460
1964 6020
1968 85500
1971 47000
1972 3640
1975 4560
1991 13520
1994 21220
2004 8580
2008 28540
2011 21420
2012 3340
2015 22420
2031 8500
2034 4820
2044 5100
2048 6020
2051 8600
2052 2500
2055 4260
2071 7300
2074 4340
2084 16740
2088 8580
2091 27280
2092 14200
2095 2900
2110 43240
2111 11980
2114 2680
2124 5460
2128 5100
2131 8220
2132 2680
2135 2140
2150 16900
2151 17840
2154 23880
2164 5360
2168 16740
2171 12380
2172 4400
2175 6780
2190 4040
2191 6020
2194 3760
2204 3560
2208 5460
2211 5780
2212 3660
2215 3220
2230 4860
2231 6900
2234 4520
2244 19800
2248 5360
2251 10120
2252 25840
2255 3660
2270 3960
2271 17860
2274 4560
2284 4620
2288 3560
2291 5720
2292 5340
2295 85500
2310 9480
2311 28520
2314 22420
2324 6020
2328 19800
2331 17860
2332 6400
2335 28540
2350 3640
2351 9740
2354 4260
2364 4440
2368 4620
2371 88180
2372 3460
2375 6020
2390 3340
2391 10060
2394 2900
2404 24200
2406 43240
2408 6020
2411 32940
2412 21220
2415 8580
2430 2500
2431 29300
2434 2140
2444 4460
2446 16900
2448 4440
2451 9680
2452 4820
2455 5100
2470 14200
2471 26560
2474 6780
2484 7180
2486 4040
2488 24200
2491 34420
2492 4340
2495 16740
2510 2680
2511 11220
2514 3220
2524 6540
2526 4860
2528 4460
2531 10440
2532 2680
2535 5460
2550 4400
2551 7800
2554 3660
2564 23960
2566 3960
2568 7180
2571 23140
2572 23880
2575 5360
2590 3660
2591 23900
2594 85500
2604 6620
2606 9480
2608 6540
2611 8920
2612 3760
2615 3560
2630 25840
2631 28700
2634 28540
2644 6200
2646 3640
2648 23960
2651 26580
2652 4520
2655 19800
2670 5340
2671 8100
2674 6020
2684 3880
2686 3340
2688 6620
2691 8380
2692 4560
2695 4620
2710 6400
2711 7200
2714 8580
2724 29140
2726 2500
2728 6200
2731 24140
2732 22420
2735 6020
2750 3460
2751 28440
2754 5100
2764 6260
2766 14200
2768 3880
2771 7300
2772 4260
2775 4440
2790 21220
2791 26180
2794 16740
2804 8280
2806 2680
2807 43240
2808 29140
2811 29900
2812 2900
2815 24200
2830 4820
2831 8780
2834 5460
2844 5580
2846 4400
2847 16900
2848 6260
2851 8200
2852 2140
2855 4460
2870 4340
2871 7460
2874 48600
2884 24420
2886 3660
2887 4040
2888 8280
2891 28720
2892 6780
2895 7180
2910 2680
2911 24560
2914 20460
2924 5740
2926 25840
2927 4860
2928 5580
2931 9020
2932 3220
2935 6540
2950 23880
2951 11040
2954 23840
2964 7460
2966 5340
2967 3960
2968 24420
2971 29600
2972 3660
2975 23960
