0 0
243 43240
283 16900
323 4040
363 4860
403 3960
421 43240
443 9480
461 16900
483 3640
501 4040
523 3340
541 4860
563 2500
581 3960
603 14200
621 9480
643 2680
661 3640
683 4400
701 3340
723 3660
741 2500
763 25840
781 14200
803 5340
821 2680
843 6400
861 4400
883 3460
901 3660
923 21220
941 25840
963 4820
981 5340
1003 4340
1014 43240
1021 6400
1043 2680
1054 16900
1055 43240
1061 3460
1083 23880
1094 4040
1095 16900
1101 21220
1123 3760
1134 4860
1135 4040
1141 4820
1163 4520
1174 3960
1175 4860
1181 47580
1203 4560
1214 9480
1215 3960
1221 19580
1243 22420
1254 3640
1255 9480
1261 27920
1283 4260
1294 3340
1295 3640
1301 8620
1323 2900
1334 2500
1335 3340
1341 8480
1363 2140
1374 14200
1375 2500
1381 14040
1403 6780
1414 2680
1415 14200
1421 26060
1443 3220
1454 4400
1455 2680
1461 7600
1465 43240
1483 3660
1494 3660
1495 4400
1501 5400
1503 43240
1505 16900
1523 85500
1534 25840
1535 3660
1541 16340
1543 16900
1545 4040
1563 28540
1574 5340
1575 25840
1581 9460
1583 4040
1585 4860
1603 6020
1614 6400
1615 5340
1621 7620
1623 4860
1624 43240
1625 3960
1643 8580
1654 3460
1655 6400
1661 7320
1663 3960
1664 16900
1665 9480
1683 5100
1694 21220
1695 3460
1701 111340
1703 9480
1704 4040
1705 3640
1723 16740
1734 4820
1735 21220
1741 33880
1743 3640
1744 4860
1745 3340
1763 5460
1774 4340
1775 4820
1781 12420
1783 3340
1784 3960
1785 2500
1803 5360
1806 43240
1814 2680
1815 4340
1821 12040
1823 2500
1824 9480
1825 14200
1843 3560
1846 16900
1854 23880
1855 2680
1861 26320
1863 14200
1864 3640
1865 2680
1883 19800
1886 4040
1894 3760
1895 23880
1901 21560
1903 2680
1904 3340
1905 4400
1923 4620
1926 4860
1934 4520
1935 3760
1941 9800
1943 4400
1944 2500
1945 3660
1963 6020
1966 3960
1974 4560
1975 4520
1981 8040
1983 3660
1984 14200
1985 25840
2003 4440
2006 9480
2014 22420
2015 4560
2021 27440
2023 25840
2024 2680
2025 5340
2043 24200
2046 3640
2054 4260
2055 22420
2061 23560
2063 5340
2064 4400
2065 6400
2083 4460
2086 3340
2094 2900
2095 4260
2101 9140
2103 6400
2104 3660
2105 3460
2123 7180
2126 2500
2134 2140
2135 2900
2141 10580
2143 3460
2144 25840
2145 21220
2163 6540
2166 14200
2174 6780
2175 2140
2181 26860
2183 21220
2184 5340
2185 4820
2203 23960
2206 2680
2214 3220
2215 6780
2221 28460
2223 4820
2224 6400
2225 4340
2243 6620
2246 4400
2254 3660
2255 3220
2261 7360
2263 4340
2264 3460
2265 2680
2283 6200
2286 3660
2294 85500
2295 3660
2301 9320
2303 2680
2304 21220
2305 23880
2323 3880
2326 25840
2334 28540
2335 85500
2341 13320
2343 23880
2344 4820
2345 3760
2363 29140
2366 5340
2374 6020
2375 28540
2381 27180
2383 3760
2384 4340
2385 4520
2403 6260
2406 6400
2414 8580
2415 6020
2421 10280
2423 4520
2424 2680
2425 4560
2443 8280
2446 3460
2454 5100
2455 8580
2461 91700
2463 4560
2464 23880
2465 22420
2482 43240
2483 5580
2486 21220
2488 43240
2494 16740
2495 5100
2501 32420
2503 22420
2504 3760
2505 4260
2522 16900
2523 24420
2526 4820
2528 16900
2534 5460
2535 16740
2541 35160
2543 4260
2544 4520
2545 2900
2562 4040
2563 5740
2566 4340
2568 4040
2574 5360
2575 5460
2581 14840
2583 2900
2584 4560
2585 2140
2602 4860
2603 7460
2606 2680
2608 4860
2614 3560
2615 5360
2621 13380
2623 2140
2624 22420
2625 6780
2642 3960
2643 5040
2646 23880
2648 3960
2654 19800
2655 3560
2661 22320
2663 6780
2664 4260
2665 3220
2682 9480
2683 9180
2686 3760
2688 9480
2694 4620
2695 19800
2696 43240
2701 29880
2703 3220
2704 2900
2705 3660
2722 3640
2723 5140
2726 4520
2728 3640
2734 6020
2735 4620
2736 16900
2741 11100
2743 3660
2744 2140
2745 85500
2762 3340
2763 6380
2766 4560
2768 3340
2772 43240
2774 4440
2775 6020
2776 4040
2781 11020
2783 85500
2784 6780
2785 28540
2802 2500
2803 114340
2806 22420
2808 2500
2812 16900
2814 24200
2815 4440
2816 4860
2821 24840
2823 28540
2824 3220
2825 6020
2842 14200
2843 26100
2846 4260
2848 14200
2852 4040
2854 4460
2855 24200
2856 3960
2861 13800
2863 6020
2864 3660
2865 8580
2881 43240
2882 2680
2883 6000
2886 2900
2888 2680
2892 4860
2894 7180
2895 4460
2896 9480
2901 11160
2903 8580
2904 85500
2905 5100
2921 16900
2922 4400
2923 9080
2924 43240
2926 2140
2928 4400
2932 3960
2934 6540
2935 7180
2936 3640
2941 10820
2943 5100
2944 28540
2945 16740
2961 4040
2962 3660
2963 5860
2964 16900
2966 6780
2968 3660
2972 9480
2974 23960
2975 6540
2976 3340
2981 138540
2983 16740
2984 6020
