0 0
388 43240
428 16900
468 4040
471 43240
508 4860
511 16900
548 3960
551 4040
588 9480
591 4860
592 43240
628 3640
631 3960
632 16900
660 43240
668 3340
671 9480
672 4040
700 16900
708 2500
711 3640
712 4860
719 43240
740 4040
748 14200
751 3340
752 3960
759 16900
780 4860
788 2680
791 2500
792 9480
799 4040
820 3960
828 4400
831 14200
832 3640
839 4860
860 9480
868 3660
871 2680
872 3340
879 3960
900 3640
908 25840
911 4400
912 2500
919 9480
940 3340
948 5340
951 3660
952 14200
959 3640
980 2500
988 6400
991 25840
992 2680
999 3340
1001 43240
1020 14200
1028 3460
1031 5340
1032 4400
1039 2500
1041 16900
1060 2680
1068 21220
1071 6400
1072 3660
1079 14200
1081 4040
1100 4400
1108 4820
1111 3460
1112 25840
1119 2680
1121 4860
1140 3660
1148 4340
1151 21220
1152 5340
1159 4400
1161 3960
1180 25840
1188 2680
1191 4820
1192 6400
1199 3660
1201 9480
1220 5340
1228 23880
1231 4340
1232 3460
1239 25840
1241 3640
1260 6400
1268 3760
1271 2680
1272 21220
1279 5340
1281 3340
1300 3460
1308 4520
1311 23880
1312 4820
1319 6400
1321 2500
1340 21220
1348 4560
1351 3760
1352 4340
1359 3460
1361 14200
1380 4820
1388 22420
1391 4520
1392 2680
1399 21220
1401 2680
1420 4340
1428 4260
1431 4560
1432 23880
1439 4820
1441 4400
1460 2680
1463 43240
1468 2900
1471 22420
1472 3760
1479 4340
1481 3660
1500 23880
1503 16900
1508 2140
1511 4260
1512 4520
1519 2680
1521 25840
1540 3760
1543 4040
1548 6780
1551 2900
1552 4560
1559 23880
1561 5340
1580 4520
1583 4860
1588 3220
1591 2140
1592 22420
1599 3760
1601 6400
1620 4560
1623 3960
1628 3660
1631 6780
1632 4260
1639 4520
1641 3460
1660 22420
1663 9480
1668 85500
1671 3220
1672 2900
1679 4560
1681 21220
1700 4260
1703 3640
1708 28540
1711 3660
1712 2140
1719 22420
1721 4820
1733 43240
1740 2900
1743 3340
1748 6020
1751 85500
1752 6780
1759 4260
1761 4340
1773 16900
1780 2140
1783 2500
1788 8580
1791 28540
1792 3220
1799 2900
1801 2680
1813 4040
1820 6780
1823 14200
1828 5100
1831 6020
1832 3660
1839 2140
1841 23880
1853 4860
1860 3220
1863 2680
1868 16740
1871 8580
1872 85500
1879 6780
1881 3760
1885 43240
1893 3960
1900 3660
1903 4400
1908 5460
1911 5100
1912 28540
1919 3220
1921 4520
1925 16900
1933 9480
1940 85500
1943 3660
1948 5360
1951 16740
1952 6020
1959 3660
1961 4560
1965 4040
1973 3640
1980 28540
1983 25840
1988 3560
1991 5460
1992 8580
1999 85500
2001 22420
2005 4860
2013 3340
2019 43240
2020 6020
2023 5340
2028 19800
2031 5360
2032 5100
2039 28540
2041 4260
2045 3960
2053 2500
2059 16900
2060 8580
2063 6400
2068 4620
2071 3560
2072 16740
2079 6020
2081 2900
2085 9480
2093 14200
2099 4040
2100 5100
2103 3460
2108 6020
2111 19800
2112 5460
2119 8580
2121 2140
2125 3640
2133 2680
2139 4860
2140 16740
2143 21220
2148 4440
2151 4620
2152 5360
2159 5100
2161 6780
2165 3340
2173 4400
2179 3960
2180 5460
2183 4820
2188 24200
2191 6020
2192 3560
2199 16740
2201 3220
2205 2500
2213 3660
2219 9480
2220 5360
2223 4340
2228 4460
2231 4440
2232 19800
2239 5460
2241 3660
2245 14200
2253 25840
2259 3640
2260 3560
2263 2680
2268 7180
2271 24200
2272 4620
2279 5360
2281 85500
2285 2680
2293 5340
2299 3340
2300 19800
2303 23880
2308 6540
2311 4460
2312 6020
2319 3560
2321 28540
2325 4400
2333 6400
2339 2500
2340 4620
2343 3760
2348 23960
2351 7180
2352 4440
2359 19800
2361 6020
2365 3660
2373 3460
2379 14200
2380 6020
2383 4520
2388 6620
2391 6540
2392 24200
2399 4620
2401 8580
2405 25840
2413 21220
2419 2680
2420 4440
2423 4560
2428 6200
2431 23960
2432 4460
2439 6020
2441 5100
2445 5340
2453 4820
2459 4400
2460 24200
2463 22420
2468 3880
2471 6620
2472 7180
2479 4440
2481 16740
2485 6400
2493 4340
2499 3660
2500 4460
2503 4260
2508 29140
2511 6200
2512 6540
2519 24200
2521 5460
2525 3460
2533 2680
2539 25840
2540 7180
2543 2900
2548 6260
2551 3880
2552 23960
2559 4460
2561 5360
2565 21220
2573 23880
2579 5340
2580 6540
2583 2140
2588 8280
2591 29140
2592 6620
2599 7180
2601 3560
2605 4820
2613 3760
2619 6400
2620 23960
2623 6780
2628 5580
2631 6260
2632 6200
2639 6540
2641 19800
2645 4340
2653 4520
2659 3460
2660 6620
2663 3220
2668 24420
2671 8280
2672 3880
2679 23960
2681 4620
2685 2680
2693 4560
2699 21220
2700 6200
2703 3660
2708 5740
2711 5580
2712 29140
2719 6620
2721 6020
2725 23880
2733 22420
2739 4820
2740 3880
2743 85500
2748 7460
2751 24420
2752 6260
2759 6200
2761 4440
2765 3760
2773 4260
2779 4340
2780 29140
2783 28540
2788 5040
2791 5740
2792 8280
2799 3880
2801 24200
2805 4520
2813 2900
2819 2680
2820 6260
2823 6020
2828 9180
2831 7460
2832 5580
2839 29140
2841 4460
2845 4560
2853 2140
2859 23880
2860 8280
2863 8580
2868 48380
2871 5040
2872 24420
2879 6260
2881 7180
2885 22420
2893 6780
2899 3760
2900 5580
2903 5100
2908 23280
2911 9180
2912 5740
2919 8280
2921 6540
2925 4260
2933 3220
2939 4520
2940 24420
2943 16740
2948 118380
2951 5140
2952 7460
2959 5580
2961 23960
2965 2900
2973 3660
2979 4560
2980 5740
2983 5460
2988 29016
