0 0
200 43240
240 16900
248 43240
280 4040
288 16900
320 4860
328 4040
360 3960
368 4860
400 9480
408 3960
440 3640
448 9480
464 43240
480 3340
488 3640
504 16900
520 2500
528 3340
544 4040
560 14200
568 2500
584 4860
591 43240
600 2680
608 14200
624 3960
631 16900
640 4400
648 2680
664 9480
671 4040
680 3660
688 4400
704 3640
709 43240
711 4860
720 25840
728 3660
744 3340
749 16900
751 3960
760 5340
768 25840
784 2500
789 4040
791 9480
800 6400
808 5340
824 14200
829 4860
831 3640
840 3460
848 6400
864 2680
869 3960
871 3340
880 21220
888 3460
904 4400
909 9480
911 2500
920 4820
928 21220
944 3660
949 3640
951 14200
960 4340
968 4820
984 25840
989 3340
991 2680
1000 2680
1008 4340
1024 5340
1029 2500
1031 4400
1040 23880
1048 2680
1064 6400
1069 14200
1071 3660
1080 3760
1088 23880
1104 3460
1109 2680
1111 25840
1120 4520
1128 3760
1144 21220
1149 4400
1151 5340
1160 4560
1168 4520
1184 4820
1189 3660
1191 6400
1200 22420
1208 4560
1224 4340
1229 25840
1231 3460
1240 4260
1248 22420
1264 2680
1269 5340
1271 21220
1280 2900
1288 4260
1304 23880
1309 6400
1311 4820
1320 2140
1328 2900
1344 3760
1349 3460
1351 4340
1360 6780
1368 2140
1384 4520
1389 21220
1391 2680
1400 3220
1408 6780
1424 4560
1429 4820
1431 23880
1440 3660
1448 3220
1464 22420
1469 4340
1471 3760
1480 85500
1488 3660
1504 4260
1509 2680
1511 4520
1520 28540
1528 85500
1544 2900
1549 23880
1551 4560
1558 43240
1560 6020
1568 28540
1584 2140
1589 3760
1591 22420
1598 16900
1600 8580
1608 6020
1624 6780
1629 4520
1631 4260
1638 4040
1640 5100
1648 8580
1664 3220
1669 4560
1671 2900
1678 4860
1680 16740
1681 43240
1688 5100
1704 3660
1709 22420
1711 2140
1718 3960
1720 5460
1721 16900
1728 16740
1744 85500
1749 4260
1751 6780
1758 9480
1760 5360
1761 4040
1768 5460
1784 28540
1789 2900
1791 3220
1798 3640
1800 3560
1801 4860
1804 43240
1808 5360
1824 6020
1829 2140
1831 3660
1838 3340
1840 19800
1841 3960
1844 16900
1848 3560
1864 8580
1869 6780
1871 85500
1878 2500
1880 4620
1881 9480
1884 4040
1888 19800
1904 5100
1909 3220
1911 28540
1918 14200
1920 6020
1921 3640
1924 4860
1928 4620
1944 16740
1949 3660
1951 6020
1958 2680
1960 4440
1961 3340
1964 3960
1968 6020
1984 5460
1989 85500
1991 8580
1998 4400
2000 24200
2001 2500
2004 9480
2008 4440
2024 5360
2029 28540
2031 5100
2038 3660
2040 4460
2041 14200
2044 3640
2048 24200
2064 3560
2069 6020
2071 16740
2078 25840
2080 7180
2081 2680
2084 3340
2088 4460
2104 19800
2109 8580
2111 5460
2118 5340
2120 6540
2121 4400
2124 2500
2128 7180
2144 4620
2149 5100
2151 5360
2158 6400
2160 23960
2161 3660
2164 14200
2168 6540
2184 6020
2189 16740
2191 3560
2198 3460
2200 6620
2201 25840
2204 2680
2208 23960
2224 4440
2229 5460
2231 19800
2238 21220
2240 6200
2241 5340
2244 4400
2248 6620
2264 24200
2269 5360
2271 4620
2278 4820
2280 3880
2281 6400
2284 3660
2288 6200
2304 4460
2309 3560
2311 6020
2318 4340
2320 29140
2321 3460
2324 25840
2328 3880
2342 43240
2344 7180
2349 19800
2351 4440
2358 2680
2360 6260
2361 21220
2364 5340
2365 43240
2368 29140
2382 16900
2384 6540
2389 4620
2391 24200
2398 23880
2400 8280
2401 4820
2404 6400
2405 16900
2408 6260
2422 4040
2424 23960
2429 6020
2431 4460
2438 3760
2440 5580
2441 4340
2444 3460
2445 4040
2448 8280
2462 4860
2464 6620
2469 4440
2471 7180
2478 4520
2480 24420
2481 2680
2484 21220
2485 4860
2488 5580
2502 3960
2503 43240
2504 6200
2509 24200
2511 6540
2518 4560
2520 5740
2521 23880
2524 4820
2525 3960
2528 24420
2542 9480
2543 16900
2544 3880
2549 4460
2551 23960
2558 22420
2560 7460
2561 3760
2564 4340
2565 9480
2568 5740
2582 3640
2583 4040
2584 29140
2589 7180
2591 6620
2598 4260
2600 5040
2601 4520
2604 2680
2605 3640
2608 7460
2622 3340
2623 4860
2624 6260
2629 6540
2631 6200
2638 2900
2640 9180
2641 4560
2644 23880
2645 3340
2648 5040
2662 2500
2663 3960
2664 8280
2669 23960
2671 3880
2678 2140
2680 5140
2681 22420
2684 3760
2685 2500
2688 9180
2702 14200
2703 9480
2704 5580
2709 6620
2711 29140
2718 6780
2720 6380
2721 4260
2724 4520
2725 14200
2728 5140
2742 2680
2743 3640
2744 24420
2749 6200
2751 6260
2758 3220
2760 114340
2761 2900
2764 4560
2765 2680
2768 6380
2782 4400
2783 3340
2784 5740
2789 3880
2791 8280
2798 3660
2800 26100
2801 2140
2804 22420
2805 4400
2808 114340
2822 3660
2823 2500
2824 7460
2829 29140
2831 5580
2838 85500
2840 6000
2841 6780
2844 4260
2845 3660
2848 26100
2862 25840
2863 14200
2864 5040
2869 6260
2871 24420
2878 28540
2880 9080
2881 3220
2884 2900
2885 25840
2888 6000
2902 5340
2903 2680
2904 9180
2909 8280
2911 5740
2918 6020
2920 5860
2921 3660
2924 2140
2925 5340
2928 9080
2942 6400
2943 4400
2944 5140
2949 5580
2951 7460
2958 8580
2960 23580
2961 85500
2964 6780
2965 6400
2968 5860
2982 3460
2983 3660
2984 6380
2989 24420
2991 2268
