0 0
185 43240
221 43240
225 16900
261 16900
265 4040
301 4040
305 4860
341 4860
345 3960
362 43240
381 3960
385 9480
402 16900
421 9480
425 3640
442 47280
461 3640
465 3340
482 21760
501 3340
505 2500
522 8000
541 2500
545 14200
562 14340
581 14200
585 2680
602 7600
621 2680
625 4400
642 12820
661 4400
665 3660
682 6140
701 3660
705 25840
722 17540
741 25840
745 5340
762 5180
781 5340
785 6400
802 18600
821 6400
825 3460
842 6340
861 3460
865 21220
882 30240
901 21220
905 4820
922 9000
933 43240
941 4820
943 43240
945 4340
962 32240
973 16900
981 4340
983 16900
985 2680
1002 8800
1013 4040
1021 2680
1023 4040
1025 23880
1042 27620
1053 4860
1061 23880
1063 4860
1065 3760
1082 8280
1093 3960
1101 3760
1103 3960
1105 4520
1122 25560
1133 9480
1141 4520
1143 9480
1145 4560
1162 7500
1173 3640
1181 4560
1183 3640
1185 22420
1202 28220
1213 3340
1221 22420
1223 3340
1225 4260
1242 6440
1253 2500
1261 4260
1263 2500
1265 2900
1282 28400
1293 14200
1301 2900
1303 14200
1305 2140
1322 8320
1333 2680
1341 2140
1343 2680
1345 6780
1362 26940
1373 4400
1381 6780
1383 4400
1385 3220
1402 8820
1413 3660
1421 3220
1423 3660
1425 3660
1442 25320
1453 25840
1461 3660
1463 25840
1465 85500
1482 6400
1493 5340
1501 85500
1503 5340
1505 28540
1522 9680
1533 6400
1541 28540
1543 6400
1545 6020
1562 5360
1573 3460
1581 6020
1583 3460
1585 8580
1602 10440
1613 21220
1621 8580
1623 21220
1625 5100
1642 88720
1653 4820
1661 5100
1663 4820
1665 16740
1682 32200
1693 4340
1701 16740
1703 4340
1705 5460
1722 91520
1733 2680
1741 5460
1743 2680
1745 5360
1762 37120
1773 23880
1781 5360
1783 23880
1785 3560
1802 11120
1813 3760
1821 3560
1823 3760
1825 19800
1842 25320
1853 4520
1861 19800
1863 4520
1865 4620
1866 43240
1879 43240
1882 10560
1893 4560
1901 4620
1903 4560
1905 6020
1906 16900
1919 16900
1922 65340
1933 22420
1941 6020
1943 22420
1945 4440
1946 4040
1959 4040
1962 25920
1973 4260
1981 4440
1983 4260
1985 24200
1986 4860
1999 4860
2002 29200
2013 2900
2021 24200
2023 2900
2025 4460
2026 3960
2039 3960
2042 13040
2053 2140
2061 4460
2063 2140
2065 7180
2066 9480
2079 9480
2082 29780
2093 6780
2101 7180
2103 6780
2105 6540
2106 3640
2117 43240
2119 3640
2122 18540
2133 3220
2141 6540
2143 3220
2145 23960
2146 3340
2157 16900
2159 3340
2162 33860
2173 3660
2181 23960
2183 3660
2185 6620
2186 2500
2197 4040
2199 2500
2202 12240
2213 85500
2221 6620
2223 85500
2225 6200
2226 14200
2237 4860
2239 14200
2242 33880
2253 28540
2261 6200
2263 28540
2265 3880
2266 2680
2277 3960
2279 2680
2282 25200
2293 6020
2301 3880
2303 6020
2305 29140
2306 4400
2317 9480
2319 4400
2322 33820
2333 8580
2341 29140
2343 8580
2345 6260
2346 3660
2357 3640
2359 3660
2362 17560
2368 43240
2373 5100
2381 6260
2383 5100
2385 8280
2386 25840
2397 3340
2399 25840
2402 33820
2408 16900
2411 43240
2413 16740
2421 8280
2423 16740
2425 5580
2426 5340
2437 2500
2439 5340
2442 36340
2448 4040
2451 16900
2453 5460
2461 5580
2463 5460
2465 24420
2466 6400
2477 14200
2479 6400
2482 40680
2488 4860
2491 4040
2493 5360
2501 24420
2503 5360
2505 5740
2506 3460
2517 2680
2519 3460
2522 16540
2528 3960
2531 4860
2533 3560
2541 5740
2543 3560
2545 7460
2546 21220
2557 4400
2559 21220
2562 40880
2568 9480
2571 3960
2573 19800
2581 7460
2583 19800
2585 5040
2586 4820
2597 3660
2599 4820
2602 33060
2608 3640
2611 9480
2613 4620
2621 5040
2623 4620
2625 9180
2626 4340
2637 25840
2639 4340
2642 37520
2648 3340
2651 3640
2653 6020
2661 9180
2663 6020
2665 5140
2666 2680
2677 5340
2679 2680
2682 15660
2688 2500
2691 3340
2693 4440
2701 5140
2703 4440
2705 6380
2706 23880
2717 6400
2719 23880
2722 34560
2728 14200
2731 2500
2733 24200
2741 6380
2743 24200
2745 114340
2746 3760
2757 3460
2759 3760
2762 34660
2768 2680
2771 14200
2773 4460
2781 157580
2783 4460
2785 26100
2786 4520
2797 21220
2799 4520
2802 20400
2808 4400
2811 2680
2813 7180
2821 43000
2823 7180
2825 6000
2826 4560
2837 4820
2839 4560
2842 14700
2848 3660
2851 4400
2853 6540
2861 10040
2863 6540
2865 9080
2866 22420
2877 4340
2879 22420
2882 20120
2888 25840
2891 3660
2893 23960
2901 13940
2903 23960
2905 5860
2906 4260
2917 2680
2919 4260
2922 141900
2928 5340
2931 25840
2933 6620
2941 9820
2943 6620
2945 23580
2946 2900
2957 23880
2959 2900
2962 36740
2968 6400
2971 5340
2973 6200
2981 33060
2983 6200
2985 6480
2986 1712
