0 0
106 43240
146 16900
186 4040
226 4860
266 3960
306 9480
346 3640
386 3340
426 2500
466 14200
506 2680
546 4400
574 43240
586 3660
614 16900
626 25840
654 4040
666 5340
694 4860
706 6400
734 3960
746 3460
774 9480
786 21220
814 3640
826 4820
854 3340
866 4340
894 2500
906 2680
934 14200
946 23880
974 2680
986 3760
1014 4400
1026 4520
1054 3660
1066 4560
1094 25840
1106 22420
1134 5340
1146 4260
1174 6400
1186 2900
1214 3460
1220 43240
1226 2140
1254 21220
1260 16900
1266 6780
1294 4820
1300 4040
1306 3220
1334 4340
1340 4860
1346 3660
1370 43240
1374 2680
1380 3960
1386 85500
1410 16900
1414 23880
1420 9480
1426 28540
1450 4040
1454 3760
1460 3640
1466 6020
1474 43240
1490 4860
1494 4520
1500 3340
1506 8580
1514 16900
1530 3960
1534 4560
1540 2500
1546 5100
1554 4040
1570 9480
1574 22420
1580 14200
1586 16740
1594 4860
1610 3640
1614 4260
1620 2680
1626 5460
1634 3960
1650 3340
1654 2900
1660 4400
1666 5360
1674 9480
1690 2500
1694 2140
1700 3660
1706 3560
1714 3640
1730 14200
1734 6780
1740 25840
1746 19800
1754 3340
1770 2680
1774 3220
1780 5340
1786 4620
1794 2500
1810 4400
1814 3660
1820 6400
1826 6020
1834 14200
1850 3660
1854 85500
1860 3460
1866 4440
1874 2680
1890 25840
1894 28540
1900 21220
1906 24200
1914 4400
1925 43240
1930 5340
1934 6020
1940 4820
1946 4460
1954 3660
1965 16900
1970 6400
1974 8580
1980 4340
1986 7180
1994 25840
2005 4040
2010 3460
2014 5100
2020 2680
2026 6540
2034 5340
2045 4860
2050 21220
2054 16740
2058 43240
2060 23880
2066 23960
2074 6400
2085 3960
2090 4820
2094 5460
2098 16900
2100 3760
2106 6620
2114 3460
2125 9480
2130 4340
2134 5360
2138 4040
2140 4520
2146 6200
2154 21220
2165 3640
2170 2680
2174 3560
2178 4860
2180 4560
2186 3880
2194 4820
2205 3340
2210 23880
2214 19800
2218 3960
2220 22420
2226 29140
2234 4340
2245 2500
2250 3760
2254 4620
2258 9480
2260 4260
2266 6260
2274 2680
2285 14200
2290 4520
2294 6020
2298 3640
2300 2900
2306 8280
2314 23880
2325 2680
2330 4560
2334 4440
2338 3340
2340 2140
2346 5580
2354 3760
2365 4400
2370 22420
2374 24200
2378 2500
2380 6780
2386 24420
2394 4520
2405 3660
2410 4260
2414 4460
2418 14200
2420 3220
2426 5740
2434 4560
2445 25840
2450 2900
2454 7180
2458 2680
2460 3660
2466 7460
2474 22420
2485 5340
2490 2140
2494 49780
2498 4400
2500 85500
2506 5040
2514 4260
2525 6400
2530 6780
2534 40860
2538 3660
2540 28540
2546 9180
2554 2900
2565 3460
2570 3220
2574 10660
2578 25840
2580 6020
2586 5140
2594 2140
2605 21220
2610 3660
2614 11060
2618 5340
2620 8580
2626 6380
2634 6780
2645 4820
2650 85500
2654 7840
2658 6400
2660 5100
2666 114340
2674 3220
2685 4340
2690 28540
2694 38620
2698 3460
2700 16740
2702 43240
2706 26100
2714 3660
2725 2680
2730 6020
2734 9900
2738 21220
2740 5460
2742 16900
2746 6000
2754 85500
2765 23880
2770 8580
2774 11620
2778 4820
2780 5360
2782 4040
2786 9080
2794 28540
2805 3760
2810 5100
2814 8080
2818 4340
2820 3560
2822 4860
2826 5860
2834 6020
2845 4520
2850 16740
2854 38620
2858 2680
2860 19800
2862 3960
2866 23580
2874 8580
2885 4560
2890 5460
2894 8420
2898 23880
2900 4620
2902 9480
2906 6480
2914 5100
2925 22420
2930 5360
2934 11860
2938 3760
2940 6020
2942 3640
2946 9400
2947 43240
2954 16740
2965 4260
2970 3560
2974 8700
2978 4520
2980 4440
2982 3340
2986 5760
