0 0
176 43240
216 16900
256 4040
296 4860
336 3960
376 9480
416 3640
420 43240
456 3340
460 16900
465 43240
496 2500
500 4040
505 16900
536 14200
540 4860
545 4040
576 2680
580 3960
585 4860
611 43240
616 4400
620 9480
625 3960
651 16900
656 3660
660 3640
665 9480
691 4040
696 25840
700 3340
705 3640
731 4860
736 5340
740 2500
745 3340
771 3960
776 6400
780 14200
785 2500
811 9480
816 3460
820 2680
825 14200
851 3640
856 21220
860 4400
865 2680
891 3340
896 4820
900 3660
905 4400
931 2500
936 4340
940 25840
945 3660
971 14200
976 2680
980 5340
985 25840
1011 2680
1016 23880
1020 6400
1025 5340
1051 4400
1056 3760
1060 3460
1065 6400
1091 3660
1096 4520
1100 21220
1105 3460
1131 25840
1136 4560
1140 4820
1145 21220
1171 5340
1176 22420
1180 4340
1185 4820
1211 6400
1216 4260
1220 2680
1225 4340
1251 3460
1256 2900
1260 23880
1265 2680
1291 21220
1296 2140
1300 3760
1305 23880
1331 4820
1336 6780
1340 4520
1345 3760
1371 4340
1376 3220
1380 4560
1385 4520
1411 2680
1416 3660
1420 22420
1425 4560
1451 23880
1456 85500
1460 4260
1465 22420
1491 3760
1496 28540
1500 2900
1505 4260
1531 4520
1536 6020
1540 2140
1545 2900
1571 4560
1576 8580
1580 6780
1585 2140
1611 22420
1616 5100
1620 3220
1625 6780
1651 4260
1656 16740
1660 3660
1665 3220
1691 2900
1696 5460
1700 85500
1705 3660
1731 2140
1736 5360
1740 28540
1745 85500
1771 6780
1776 3560
1780 6020
1785 28540
1811 3220
1816 19800
1820 51820
1825 6020
1851 3660
1856 4620
1860 22000
1865 8580
1891 85500
1896 6020
1900 20780
1905 5100
1931 28540
1936 4440
1940 10320
1945 16740
1971 6020
1976 24200
1980 9320
1985 5460
2011 8580
2016 4460
2020 13040
2025 5360
2051 5100
2056 7180
2060 23440
2065 3560
2091 16740
2096 6540
2100 7960
2105 19800
2131 5460
2133 43240
2136 23960
2140 8520
2145 4620
2171 5360
2173 16900
2176 6620
2180 18640
2185 6020
2211 3560
2213 4040
2216 6200
2220 26880
2221 43240
2225 4440
2251 19800
2253 4860
2256 3880
2260 8860
2261 60140
2265 24200
2291 4620
2293 3960
2296 29140
2300 10840
2301 20940
2305 4460
2331 6020
2333 9480
2336 6260
2340 32380
2341 8900
2345 50420
2371 4440
2373 3640
2376 8280
2380 29300
2381 8820
2385 23440
2411 24200
2413 3340
2416 5580
2420 13020
2421 13440
2425 28000
2451 4460
2453 2500
2456 24420
2460 9660
2461 13120
2465 11480
2491 7180
2493 14200
2496 5740
2500 25100
2501 50220
2505 10160
2531 6540
2533 2680
2536 7460
2540 33960
2541 22740
2545 13360
2571 23960
2573 4400
2576 5040
2580 10600
2581 20740
2585 32780
2594 43240
2611 6620
2613 3660
2616 9180
2620 10960
2621 21740
2625 9600
2634 16900
2650 43240
2651 6200
2653 25840
2656 5140
2660 29460
2661 11040
2665 10780
2672 43240
2674 4040
2690 16900
2691 3880
2693 5340
2696 6380
2700 28180
2701 17540
2705 19780
2712 16900
2714 4860
2730 4040
2731 29140
2733 6400
2736 114340
2740 10260
2741 33140
2745 27100
2752 4040
2754 3960
2770 4860
2771 6260
2773 3460
2776 26100
2780 12020
2781 34520
2785 10140
2792 4860
2794 9480
2810 3960
2811 8280
2813 21220
2816 6000
2820 27460
2821 14240
2825 11120
2832 3960
2834 3640
2850 9480
2851 5580
2853 4820
2856 9080
2860 13440
2861 24060
2865 30880
2872 9480
2874 3340
2890 3640
2891 24420
2893 4340
2896 5860
2900 8040
2901 27360
2905 14520
2912 3640
2914 2500
2930 3340
2931 5740
2933 2680
2936 23580
2940 8520
2941 30440
2945 11540
2952 3340
2954 14200
2970 2500
2971 7460
2973 23880
2976 6480
2980 121120
2981 12820
2985 9840
2992 2500
2994 670
