0 0
460 43240
500 16900
540 4040
580 4860
620 3960
660 9480
700 3640
740 3340
780 2500
820 14200
837 43240
838 43240
860 2680
877 16900
878 16900
900 4400
917 4040
918 4040
940 3660
957 4860
958 4860
980 25840
997 3960
998 3960
1020 5340
1021 43240
1037 9480
1038 9480
1060 6400
1061 16900
1077 3640
1078 3640
1100 3460
1101 4040
1117 3340
1118 3340
1140 21220
1141 4860
1157 2500
1158 2500
1180 4820
1181 3960
1197 14200
1198 14200
1220 4340
1221 9480
1237 2680
1238 2680
1260 2680
1261 3640
1277 4400
1278 4400
1300 23880
1301 3340
1317 3660
1318 3660
1340 3760
1341 2500
1357 25840
1358 25840
1380 4520
1381 14200
1397 5340
1398 5340
1420 4560
1421 2680
1437 6400
1438 6400
1460 22420
1461 4400
1477 3460
1478 3460
1500 4260
1501 3660
1517 21220
1518 21220
1540 2900
1541 25840
1557 4820
1558 4820
1580 2140
1581 5340
1597 4340
1598 4340
1620 6780
1621 6400
1637 2680
1638 2680
1660 3220
1661 3460
1677 23880
1678 23880
1700 3660
1701 21220
1717 3760
1718 3760
1740 85500
1741 4820
1757 4520
1758 4520
1780 28540
1781 4340
1797 4560
1798 4560
1820 6020
1821 2680
1836 43240
1837 22420
1838 22420
1860 8580
1861 23880
1876 16900
1877 4260
1878 4260
1900 5100
1901 3760
1916 4040
1917 2900
1918 2900
1940 16740
1941 4520
1956 4860
1957 2140
1958 2140
1980 5460
1981 4560
1996 3960
1997 6780
1998 6780
2020 5360
2021 22420
2036 9480
2037 3220
2038 3220
2060 3560
2061 4260
2076 3640
2077 3660
2078 3660
2093 43240
2100 19800
2101 2900
2116 3340
2117 85500
2118 85500
2133 16900
2140 4620
2141 2140
2156 2500
2157 28540
2158 28540
2173 4040
2180 6020
2181 6780
2196 14200
2197 6020
2198 6020
2207 43240
2213 4860
2220 4440
2221 3220
2236 2680
2237 8580
2238 8580
2247 16900
2253 3960
2260 24200
2261 3660
2274 43240
2276 4400
2277 5100
2278 5100
2281 43240
2287 4040
2293 9480
2300 4460
2301 85500
2314 16900
2316 3660
2317 16740
2318 16740
2321 16900
2327 4860
2333 3640
2340 7180
2341 28540
2354 4040
2356 25840
2357 5460
2358 5460
2361 4040
2367 3960
2373 3340
2380 6540
2381 6020
2394 4860
2396 5340
2397 5360
2398 5360
2401 4860
2407 9480
2413 2500
2420 23960
2421 8580
2434 3960
2436 6400
2437 3560
2438 3560
2441 3960
2447 3640
2453 14200
2460 6620
2461 5100
2474 9480
2476 3460
2477 19800
2478 19800
2481 9480
2487 3340
2493 2680
2500 6200
2501 16740
2514 3640
2516 21220
2517 4620
2518 4620
2521 3640
2527 2500
2533 4400
2540 3880
2541 5460
2554 3340
2556 48060
2557 6020
2558 6020
2561 3340
2567 14200
2573 3660
2580 29140
2581 5360
2594 2500
2596 21240
2597 4440
2598 4440
2601 2500
2607 2680
2613 25840
2620 6260
2621 3560
2634 14200
2636 6720
2637 24200
2638 24200
2641 14200
2647 4400
2653 5340
2660 8280
2661 19800
2674 2680
2676 28740
2677 4460
2678 4460
2681 2680
2687 3660
2693 6400
2700 5580
2701 4620
2714 4400
2716 7720
2717 7180
2718 7180
2721 4400
2727 25840
2733 3460
2740 24420
2741 6020
2754 3660
2756 14000
2757 6540
2758 6540
2761 3660
2767 5340
2773 21220
2780 5740
2781 4440
2794 25840
2796 8200
2797 23960
2798 23960
2801 25840
2807 6400
2813 4820
2820 7460
2821 24200
2834 5340
2836 25760
2837 6620
2838 6620
2841 5340
2847 3460
2853 4340
2860 5040
2861 4460
2874 6400
2876 6760
2877 6200
2878 6200
2881 6400
2887 21220
2893 2680
2900 9180
2901 7180
2914 3460
2916 17100
2917 3880
2918 3880
2921 3460
2927 4820
2933 23880
2940 5140
2941 6540
2954 21220
2956 4820
2957 29140
2958 29140
2961 21220
2967 4340
2973 3760
2980 6380
2981 23960
2994 4820
2996 3051
