0 0
314 43240
354 16900
394 4040
434 4860
474 3960
514 9480
554 3640
594 3340
628 43240
634 2500
668 16900
674 14200
706 43240
708 4040
714 2680
746 16900
748 4860
754 4400
761 43240
786 4040
788 3960
794 3660
801 16900
826 4860
828 9480
834 25840
841 4040
858 43240
866 3960
868 3640
874 5340
881 4860
898 16900
906 9480
908 3340
914 6400
921 3960
930 43240
938 4040
946 3640
948 2500
954 3460
961 9480
970 16900
978 4860
986 3340
988 14200
994 21220
1001 3640
1010 4040
1011 43240
1018 3960
1026 2500
1028 2680
1034 4820
1035 43240
1041 3340
1050 4860
1051 16900
1058 9480
1066 14200
1068 4400
1074 4340
1075 16900
1081 2500
1090 3960
1091 4040
1098 3640
1106 2680
1108 3660
1114 2680
1115 4040
1121 14200
1130 9480
1131 4860
1138 3340
1146 4400
1148 25840
1154 23880
1155 4860
1161 2680
1170 3640
1171 3960
1178 2500
1186 3660
1188 5340
1194 3760
1195 3960
1201 4400
1210 3340
1211 9480
1218 14200
1226 25840
1228 6400
1234 4520
1235 9480
1241 3660
1250 2500
1251 3640
1258 2680
1266 5340
1268 3460
1274 4560
1275 3640
1281 25840
1290 14200
1291 3340
1298 4400
1306 6400
1308 21220
1314 22420
1315 3340
1321 5340
1330 2680
1331 2500
1338 3660
1346 3460
1348 4820
1354 4260
1355 2500
1361 6400
1370 4400
1371 14200
1378 25840
1386 21220
1388 4340
1394 2900
1395 14200
1401 3460
1410 3660
1411 2680
1413 86480
1418 5340
1426 4820
1428 2680
1434 2140
1435 2680
1441 21220
1450 25840
1451 4400
1453 33800
1458 6400
1466 4340
1468 23880
1474 6780
1475 4400
1481 4820
1490 5340
1491 3660
1493 8080
1498 3460
1506 2680
1508 3760
1514 3220
1515 3660
1521 4340
1530 6400
1531 25840
1533 9720
1538 21220
1546 23880
1548 4520
1554 3660
1555 25840
1561 2680
1570 3460
1571 5340
1573 7920
1578 4820
1586 3760
1588 4560
1594 85500
1595 5340
1601 23880
1610 21220
1611 6400
1613 18960
1618 4340
1626 4520
1628 22420
1634 28540
1635 6400
1641 3760
1650 4820
1651 3460
1653 7280
1658 2680
1666 4560
1668 4260
1674 6020
1675 3460
1681 4520
1690 4340
1691 21220
1693 6680
1698 23880
1706 22420
1708 2900
1714 8580
1715 21220
1721 4560
1730 2680
1731 4820
1733 5000
1738 3760
1746 4260
1748 2140
1754 5100
1755 4820
1761 22420
1770 23880
1771 4340
1773 28400
1778 4520
1786 2900
1788 6780
1794 16740
1795 4340
1801 4260
1810 3760
1811 2680
1813 5360
1818 4560
1826 2140
1828 3220
1834 5460
1835 2680
1841 2900
1850 4520
1851 23880
1853 8800
1858 22420
1864 43240
1866 6780
1868 3660
1874 5360
1875 23880
1881 2140
1890 4560
1891 3760
1893 7320
1898 4260
1904 16900
1906 3220
1908 85500
1914 3560
1915 3760
1921 6780
1930 22420
1931 4520
1933 51680
1938 2900
1944 4040
1946 3660
1948 28540
1954 19800
1955 4520
1961 3220
1970 4260
1971 4560
1973 10680
1978 2140
1984 4860
1986 85500
1988 6020
1994 4620
1995 4560
2001 3660
2010 2900
2011 22420
2013 12800
2018 6780
2024 3960
2026 28540
2028 8580
2034 6020
2035 22420
2041 85500
2050 2140
2051 4260
2053 6920
2058 3220
2064 9480
2066 6020
2068 5100
2074 4440
2075 4260
2081 28540
2090 6780
2091 2900
2093 42440
2098 3660
2104 3640
2106 8580
2108 16740
2114 24200
2115 2900
2121 49260
2130 3220
2131 2140
2133 9640
2138 85500
2144 3340
2146 5100
2148 5460
2154 4460
2155 2140
2161 25480
2170 3660
2171 6780
2173 8680
2178 28540
2184 2500
2186 16740
2188 5360
2194 7180
2195 6780
2201 9140
2210 85500
2211 3220
2213 5360
2218 6020
2224 14200
2226 5460
2228 3560
2234 6540
2235 3220
2241 21600
2250 28540
2251 3660
2253 47760
2258 8580
2264 2680
2266 5360
2268 19800
2274 23960
2275 3660
2281 9420
2290 6020
2291 85500
2293 7520
2298 5100
2304 4400
2306 46800
2308 4620
2314 6620
2315 85500
2321 14840
2330 8580
2331 28540
2333 9040
2338 16740
2344 3660
2346 36700
2348 6020
2354 6200
2355 28540
2361 7200
2370 5100
2371 6020
2373 9120
2378 5460
2384 25840
2386 8660
2388 4440
2394 3880
2395 6020
2401 23140
2410 16740
2411 8580
2413 44840
2418 5360
2424 5340
2426 10880
2428 24200
2434 29140
2435 8580
2441 7120
2450 5460
2451 5100
2453 8520
2458 3560
2464 6400
2466 8400
2468 4460
2474 6260
2475 5100
2481 20220
2490 5360
2491 16740
2493 5800
2498 19800
2504 3460
2506 33680
2508 7180
2514 8280
2515 16740
2521 7120
2530 3560
2531 5460
2533 4280
2538 4620
2544 21220
2546 8100
2548 6540
2554 5580
2555 5460
2561 28600
2570 19800
2571 5360
2573 13560
2578 6020
2584 4820
2586 10520
2588 23960
2594 24420
2595 5360
2601 8120
2610 4620
2611 3560
2613 6440
2618 4440
2624 4340
2626 9040
2628 6620
2634 5740
2635 3560
2641 33020
2650 6020
2651 19800
2653 7320
2658 24200
2664 2680
2666 38160
2668 6200
2674 7460
2675 19800
2681 11880
2690 4440
2691 4620
2693 171000
2698 4460
2704 23880
2706 9300
2708 3880
2714 5040
2715 4620
2721 30360
2730 24200
2731 6020
2733 57080
2738 7180
2744 3760
2746 10600
2748 29140
2754 9180
2755 6020
2761 10080
2770 4460
2771 4440
2773 12040
2778 6540
2784 4520
2786 7540
2788 6260
2794 5140
2795 4440
2801 27420
2810 7180
2811 24200
2813 17160
2818 23960
2824 4560
2826 54980
2828 8280
2834 6380
2835 24200
2841 8700
2850 6540
2851 4460
2853 10200
2858 6620
2864 22420
2866 11600
2868 5580
2874 114340
2875 4460
2881 33480
2890 23960
2891 7180
2893 33480
2898 6200
2904 4260
2906 14680
2908 24420
2914 26100
2915 7180
2921 8940
2930 6620
2931 6540
2933 10920
2938 3880
2944 2900
2946 9040
2948 5740
2954 6000
2955 6540
2961 32160
2970 6200
2971 23960
2973 10720
2978 29140
2984 2140
2986 45640
2988 7460
2994 9080
2995 7188
