0 0
359 43240
396 43240
399 16900
436 16900
439 4040
476 4040
479 4860
516 4860
519 3960
556 3960
559 9480
596 9480
599 3640
636 3640
639 3340
676 3340
679 2500
716 2500
719 14200
756 14200
759 2680
796 2680
799 4400
836 4400
839 3660
876 3660
879 25840
891 43240
916 25840
919 5340
931 16900
956 5340
959 6400
971 4040
987 43240
996 6400
999 3460
1011 4860
1027 16900
1036 3460
1039 21220
1051 3960
1067 4040
1076 21220
1079 4820
1091 9480
1107 4860
1116 4820
1119 4340
1131 3640
1147 3960
1156 4340
1159 2680
1171 3340
1187 9480
1196 2680
1199 23880
1211 2500
1227 3640
1236 23880
1239 3760
1251 14200
1267 3340
1276 3760
1279 4520
1291 2680
1307 2500
1316 4520
1319 4560
1331 4400
1347 14200
1356 4560
1359 22420
1371 3660
1387 2680
1396 22420
1399 4260
1411 25840
1427 4400
1436 4260
1439 2900
1451 5340
1467 3660
1476 2900
1479 2140
1491 6400
1507 25840
1516 2140
1519 6780
1531 3460
1547 5340
1551 43240
1556 6780
1559 3220
1571 21220
1587 6400
1591 16900
1596 3220
1599 3660
1611 4820
1627 3460
1631 4040
1636 3660
1639 85500
1651 4340
1667 21220
1671 4860
1676 85500
1679 28540
1691 45920
1707 4820
1711 3960
1716 28540
1719 6020
1731 40780
1747 4340
1751 9480
1756 6020
1759 8580
1771 7800
1787 2680
1791 3640
1792 43240
1796 8580
1799 5100
1811 9380
1827 23880
1831 3340
1832 16900
1836 5100
1839 16740
1851 8520
1855 43240
1867 3760
1871 2500
1872 4040
1876 16740
1879 5460
1891 31900
1895 16900
1907 4520
1911 14200
1912 4860
1916 5460
1919 5360
1931 7900
1935 4040
1943 43240
1947 4560
1951 2680
1952 3960
1956 5360
1959 3560
1971 6240
1975 4860
1983 16900
1987 22420
1991 4400
1992 9480
1996 3560
1999 19800
2011 4640
2015 3960
2023 4040
2027 4260
2031 3660
2032 3640
2036 19800
2039 4620
2051 20980
2055 9480
2063 4860
2067 2900
2071 25840
2072 3340
2076 4620
2079 6020
2091 5900
2095 3640
2103 3960
2107 2140
2111 5340
2112 2500
2116 6020
2119 4440
2131 8060
2135 3340
2143 9480
2147 6780
2151 6400
2152 14200
2156 4440
2159 24200
2171 89160
2175 2500
2183 3640
2187 3220
2191 3460
2192 2680
2196 24200
2199 4460
2211 54380
2215 14200
2223 3340
2227 3660
2231 21220
2232 4400
2236 4460
2239 7180
2251 11360
2255 2680
2263 2500
2267 85500
2271 4820
2272 3660
2276 7180
2279 6540
2291 14980
2295 4400
2303 14200
2307 28540
2311 4340
2312 25840
2316 6540
2319 23960
2331 8560
2335 3660
2343 2680
2347 6020
2351 2680
2352 5340
2356 23960
2359 6620
2371 37960
2375 25840
2383 4400
2387 8580
2391 23880
2392 6400
2396 6620
2399 6200
2411 10280
2415 5340
2423 3660
2427 5100
2431 3760
2432 3460
2436 6200
2439 3880
2451 9700
2455 6400
2463 25840
2467 16740
2471 4520
2472 21220
2476 3880
2479 29140
2491 6240
2495 3460
2503 5340
2507 5460
2511 4560
2512 4820
2516 29140
2519 6260
2531 43680
2535 21220
2543 6400
2547 5360
2551 22420
2552 4340
2556 6260
2559 8280
2571 8380
2575 4820
2583 3460
2587 3560
2591 4260
2592 2680
2596 8280
2599 5580
2611 10540
2615 4340
2623 21220
2627 19800
2631 2900
2632 23880
2636 5580
2639 24420
2651 9000
2655 2680
2663 4820
2667 4620
2671 2140
2672 3760
2676 24420
2679 5740
2691 46620
2695 23880
2703 4340
2707 6020
2711 6780
2712 4520
2716 5740
2719 7460
2731 8720
2735 3760
2743 2680
2747 4440
2751 3220
2752 4560
2756 7460
2759 5040
2771 10080
2775 4520
2780 43240
2783 23880
2787 24200
2791 3660
2792 22420
2796 5040
2799 9180
2811 8680
2815 4560
2820 16900
2823 3760
2827 4460
2831 85500
2832 4260
2836 9180
2839 5140
2851 30740
2855 22420
2860 4040
2863 4520
2867 7180
2871 28540
2872 2900
2876 5140
2879 6380
2891 9840
2895 4260
2900 4860
2903 4560
2907 6540
2911 6020
2912 45380
2916 6380
2919 114340
2931 9860
2935 2900
2940 3960
2943 22420
2947 23960
2951 8580
2952 23680
2956 114340
2959 26100
2971 89380
2975 2140
2980 9480
2983 4260
2987 6620
2991 5100
