0 0
165 43240
205 16900
245 4040
285 4860
325 3960
365 9480
405 3640
445 3340
485 2500
525 14200
565 2680
605 4400
645 3660
685 25840
725 5340
765 6400
776 43240
805 3460
816 16900
845 21220
856 4040
885 4820
896 4860
925 4340
936 3960
965 2680
976 9480
1005 23880
1016 3640
1045 3760
1056 3340
1085 4520
1089 43240
1096 2500
1125 4560
1129 16900
1136 14200
1165 22420
1169 4040
1176 2680
1205 4260
1209 4860
1216 4400
1245 2900
1249 3960
1256 3660
1285 2140
1289 9480
1296 25840
1325 6780
1329 3640
1336 5340
1364 43240
1365 3220
1369 3340
1376 6400
1404 16900
1405 3660
1409 2500
1416 3460
1444 4040
1445 85500
1449 14200
1456 21220
1484 4860
1485 28540
1489 2680
1496 4820
1524 3960
1525 6020
1529 4400
1536 4340
1563 43240
1564 9480
1565 8580
1569 3660
1576 2680
1603 16900
1604 3640
1605 5100
1609 25840
1616 23880
1643 4040
1644 3340
1645 16740
1649 5340
1656 3760
1683 4860
1684 2500
1685 5460
1689 6400
1696 4520
1719 43240
1723 3960
1724 14200
1725 5360
1729 3460
1736 4560
1759 16900
1763 9480
1764 2680
1765 3560
1769 21220
1776 22420
1799 4040
1803 3640
1804 4400
1805 19800
1809 4820
1816 4260
1839 4860
1843 3340
1844 3660
1845 4620
1849 4340
1856 2900
1879 3960
1883 2500
1884 25840
1885 6020
1889 2680
1896 2140
1919 9480
1923 14200
1924 5340
1925 4440
1929 23880
1936 6780
1959 3640
1963 2680
1964 6400
1965 24200
1969 3760
1976 3220
1999 3340
2003 4400
2004 3460
2005 4460
2009 4520
2016 3660
2039 2500
2043 3660
2044 21220
2045 7180
2049 4560
2056 85500
2079 14200
2083 25840
2084 4820
2085 6540
2089 22420
2096 28540
2119 2680
2123 5340
2124 4340
2125 23960
2129 4260
2135 43240
2136 6020
2148 43240
2159 4400
2163 6400
2164 2680
2165 6620
2169 2900
2175 16900
2176 8580
2188 16900
2199 3660
2203 3460
2204 23880
2205 6200
2209 2140
2215 4040
2216 5100
2228 4040
2239 69080
2243 21220
2244 3760
2245 3880
2249 6780
2255 4860
2256 16740
2268 4860
2279 22240
2283 4820
2284 4520
2285 29140
2289 3220
2295 3960
2296 5460
2308 3960
2319 10440
2323 4340
2324 4560
2325 6260
2329 3660
2335 9480
2336 5360
2348 9480
2359 8320
2363 2680
2364 22420
2365 8280
2369 85500
2375 3640
2376 3560
2384 43240
2388 3640
2399 25180
2403 23880
2404 4260
2405 5580
2409 28540
2415 3340
2416 19800
2424 16900
2428 3340
2439 14300
2443 3760
2444 2900
2445 24420
2449 6020
2455 2500
2456 4620
2464 4040
2468 2500
2479 7980
2483 4520
2484 2140
2485 5740
2489 8580
2495 14200
2496 6020
2504 4860
2508 14200
2519 6020
2523 4560
2524 6780
2525 7460
2529 5100
2535 2680
2536 4440
2544 3960
2548 2680
2559 26380
2563 22420
2564 3220
2565 5040
2569 16740
2575 4400
2576 24200
2584 9480
2585 43240
2588 4400
2599 17960
2603 4260
2604 3660
2605 9180
2609 5460
2615 3660
2616 4460
2624 3640
2625 16900
2628 3660
2639 7200
2643 2900
2644 85500
2645 5140
2649 5360
2655 25840
2656 7180
2664 3340
2665 4040
2668 25840
2679 8960
2683 2140
2684 28540
2685 6380
2689 3560
2695 5340
2696 6540
2704 2500
2705 4860
2708 5340
2719 26080
2723 6780
2724 6020
2725 114340
2729 19800
2735 6400
2736 23960
2744 14200
2745 3960
2748 6400
2759 30100
2763 3220
2764 8580
2765 26100
2769 4620
2775 3460
2776 6620
2784 2680
2785 9480
2788 3460
2799 8240
2803 3660
2804 5100
2805 6000
2809 6020
2815 21220
2816 6200
2824 4400
2825 3640
2828 21220
2839 8540
2843 85500
2844 16740
2845 9080
2849 4440
2855 4820
2856 3880
2864 3660
2865 3340
2868 4820
2879 10240
2883 28540
2884 5460
2885 5860
2889 24200
2895 4340
2896 29140
2904 25840
2905 2500
2908 4340
2919 24440
2923 6020
2924 5360
2925 23580
2929 4460
2935 2680
2936 6260
2944 5340
2945 14200
2948 2680
2959 8480
2963 8580
2964 3560
2965 6480
2969 7180
2975 23880
2976 8280
2984 6400
2985 2680
2988 23880
2999 85500
