0 0
120 43240
160 16900
200 4040
240 4860
280 3960
320 9480
360 3640
400 3340
440 2500
480 14200
520 2680
560 4400
600 3660
640 25840
680 5340
720 6400
760 3460
763 43240
800 21220
803 16900
840 4820
843 4040
880 4340
883 4860
886 43240
920 2680
923 3960
926 16900
933 43240
960 23880
963 9480
966 4040
973 16900
1000 3760
1003 3640
1006 4860
1013 4040
1040 4520
1043 3340
1046 3960
1053 4860
1080 4560
1083 2500
1086 9480
1093 3960
1120 22420
1123 14200
1126 3640
1133 9480
1160 4260
1163 2680
1166 3340
1173 3640
1200 2900
1203 4400
1206 2500
1213 3340
1222 43240
1240 2140
1243 3660
1246 14200
1253 2500
1262 16900
1280 6780
1283 25840
1286 2680
1293 14200
1302 4040
1320 3220
1323 5340
1326 4400
1333 2680
1342 4860
1346 43240
1360 3660
1363 6400
1366 3660
1373 4400
1382 3960
1386 16900
1400 85500
1403 3460
1406 25840
1413 3660
1422 9480
1426 4040
1440 28540
1443 21220
1446 5340
1453 25840
1462 3640
1466 4860
1480 6020
1483 4820
1486 6400
1493 5340
1502 3340
1506 3960
1520 8580
1523 4340
1526 3460
1533 6400
1542 2500
1546 9480
1560 5100
1563 2680
1566 21220
1573 3460
1582 14200
1586 3640
1600 16740
1603 23880
1606 4820
1613 21220
1622 2680
1626 3340
1640 5460
1643 3760
1646 4340
1653 4820
1662 4400
1666 2500
1680 5360
1683 4520
1686 2680
1693 4340
1702 3660
1706 14200
1720 3560
1723 4560
1726 23880
1733 2680
1742 25840
1746 2680
1760 19800
1763 22420
1766 3760
1773 23880
1782 5340
1786 4400
1800 4620
1803 4260
1806 4520
1813 3760
1822 6400
1826 3660
1840 6020
1843 2900
1846 4560
1847 43240
1853 4520
1862 3460
1866 25840
1880 4440
1883 2140
1886 22420
1887 16900
1893 4560
1902 21220
1906 5340
1920 24200
1923 6780
1926 4260
1927 4040
1933 22420
1942 4820
1946 6400
1960 4460
1961 43240
1963 3220
1966 2900
1967 4860
1973 4260
1982 4340
1986 3460
2000 7180
2001 16900
2003 3660
2006 2140
2007 3960
2013 2900
2022 2680
2026 21220
2040 6540
2041 4040
2043 85500
2046 6780
2047 9480
2053 2140
2062 23880
2066 4820
2080 23960
2081 4860
2083 28540
2086 3220
2087 3640
2093 6780
2102 3760
2106 4340
2120 6620
2121 3960
2123 6020
2126 3660
2127 3340
2133 3220
2142 4520
2146 2680
2160 6200
2161 9480
2163 8580
2166 85500
2167 2500
2173 3660
2182 4560
2186 23880
2200 3880
2201 3640
2203 5100
2206 28540
2207 14200
2213 85500
2222 22420
2226 3760
2240 29140
2241 3340
2243 16740
2246 6020
2247 2680
2253 28540
2262 4260
2266 4520
2280 6260
2281 2500
2283 5460
2286 8580
2287 4400
2293 6020
2302 2900
2306 4560
2320 8280
2321 14200
2323 5360
2326 5100
2327 3660
2333 8580
2342 2140
2346 22420
2360 5580
2361 2680
2363 3560
2366 16740
2367 25840
2373 5100
2382 6780
2386 4260
2400 24420
2401 4400
2403 19800
2406 5460
2407 5340
2413 16740
2422 3220
2426 2900
2440 5740
2441 3660
2443 4620
2446 5360
2447 6400
2453 5460
2462 3660
2466 2140
2480 7460
2481 25840
2483 6020
2486 3560
2487 3460
2493 5360
2500 43240
2502 85500
2506 6780
2520 5040
2521 5340
2523 4440
2526 19800
2527 64460
2533 3560
2540 16900
2542 28540
2546 3220
2560 9180
2561 6400
2563 24200
2566 4620
2567 21720
2573 19800
2580 4040
2582 6020
2586 3660
2600 5140
2601 3460
2603 4460
2606 6020
2607 8380
2613 4620
2620 4860
2622 8580
2626 85500
2640 6380
2641 21220
2643 7180
2646 4440
2647 7540
2653 6020
2660 3960
2662 5100
2666 28540
2680 114340
2681 4820
2683 6540
2686 24200
2687 27840
2693 4440
2700 9480
2702 16740
2706 6020
2720 26100
2721 4340
2723 23960
2726 4460
2727 13240
2733 24200
2740 3640
2742 5460
2746 8580
2760 6000
2761 2680
2763 6620
2766 7180
2767 8160
2773 4460
2780 3340
2782 5360
2786 5100
2800 9080
2801 23880
2803 6200
2806 6540
2807 7900
2813 7180
2820 2500
2822 3560
2826 16740
2840 5860
2841 3760
2843 3880
2846 23960
2847 24920
2853 6540
2860 14200
2862 19800
2866 5460
2880 23580
2881 4520
2883 29140
2886 6620
2887 18460
2893 23960
2900 2680
2902 4620
2906 5360
2916 43240
2920 6480
2921 4560
2923 6260
2926 6200
2927 5580
2933 6620
2940 4400
2942 6020
2946 3560
2956 16900
2960 9400
2961 22420
2963 8280
2966 3880
2967 6540
2973 6200
2980 3660
2982 4440
2986 19800
