0 0
605 43240
645 16900
685 4040
725 4860
765 3960
805 9480
839 43240
845 3640
879 16900
885 3340
919 4040
925 2500
959 4860
965 14200
969 43240
999 3960
1005 2680
1009 16900
1039 9480
1045 4400
1049 4040
1075 43240
1079 3640
1085 3660
1089 4860
1115 16900
1119 3340
1125 25840
1129 3960
1155 4040
1159 2500
1165 5340
1169 9480
1195 4860
1199 14200
1205 6400
1209 3640
1235 3960
1239 2680
1245 3460
1249 3340
1275 9480
1279 4400
1285 21220
1289 2500
1315 3640
1319 3660
1325 4820
1329 14200
1355 3340
1359 25840
1365 4340
1369 2680
1395 2500
1399 48580
1405 2680
1409 4400
1435 14200
1439 23300
1445 23880
1449 3660
1475 2680
1479 7500
1485 3760
1489 25840
1515 4400
1519 26080
1525 4520
1529 5340
1555 3660
1559 8780
1565 4560
1569 6400
1595 25840
1599 13820
1605 22420
1609 3460
1635 5340
1639 6320
1645 4260
1649 21220
1675 6400
1679 27220
1685 2900
1689 4820
1715 3460
1719 6260
1725 2140
1729 4340
1755 21220
1759 18720
1765 6780
1769 2680
1795 4820
1799 7240
1805 3220
1809 23880
1810 43240
1835 4340
1839 26820
1845 3660
1849 3760
1850 16900
1875 2680
1879 7920
1885 85500
1889 4520
1890 4040
1915 23880
1919 28740
1925 28540
1929 4560
1930 4860
1955 3760
1959 7480
1965 6020
1969 22420
1970 3960
1995 4520
1999 13180
2005 8580
2009 4260
2010 9480
2035 4560
2039 6680
2045 5100
2049 2900
2050 3640
2075 22420
2079 24880
2085 16740
2089 2140
2090 3340
2098 43240
2115 4260
2119 90320
2124 43240
2125 5460
2129 6780
2130 2500
2138 16900
2155 2900
2159 32880
2164 16900
2165 5360
2169 3220
2170 14200
2178 4040
2195 2140
2199 8700
2204 4040
2205 3560
2209 3660
2210 2680
2218 4860
2235 6780
2239 32460
2244 4860
2245 19800
2249 85500
2250 4400
2258 3960
2275 3220
2279 8860
2284 3960
2285 4620
2289 28540
2290 3660
2298 9480
2315 3660
2319 21260
2324 9480
2325 6020
2329 6020
2330 25840
2338 3640
2355 85500
2359 10020
2364 3640
2365 4440
2369 8580
2370 5340
2378 3340
2395 28540
2399 27780
2404 3340
2405 24200
2409 48340
2410 6400
2418 2500
2433 43240
2435 6020
2439 7820
2444 2500
2445 4460
2449 33640
2450 3460
2458 14200
2473 16900
2475 8580
2479 22700
2484 14200
2485 7180
2489 9500
2490 21220
2498 2680
2513 4040
2515 5100
2519 6760
2524 2680
2525 6540
2529 10220
2530 4820
2538 4400
2553 4860
2555 16740
2559 12800
2564 4400
2565 23960
2569 7520
2570 4340
2578 3660
2593 3960
2595 5460
2598 43240
2599 7660
2604 3660
2605 6620
2609 29280
2610 2680
2618 25840
2633 9480
2635 5360
2638 16900
2639 27860
2644 25840
2645 6200
2649 8260
2650 23880
2658 5340
2673 3640
2675 3560
2678 4040
2679 89960
2684 5340
2685 3880
2689 9360
2690 3760
2698 6400
2713 3340
2715 19800
2718 4860
2719 35720
2724 6400
2725 29140
2729 6940
2730 4520
2738 3460
2753 2500
2755 4620
2758 3960
2759 12560
2764 3460
2765 6260
2769 38400
2770 4560
2778 21220
2793 14200
2795 6020
2798 9480
2799 32540
2804 21220
2805 8280
2809 7140
2810 22420
2818 4820
2833 2680
2835 4440
2838 3640
2839 11720
2844 4820
2845 5580
2849 11580
2850 4260
2858 4340
2873 4400
2875 24200
2878 3340
2879 22940
2884 4340
2885 24420
2889 10200
2890 2900
2898 2680
2913 3660
2915 4460
2918 2500
2919 9340
2924 2680
2925 5740
2929 49800
2930 2140
2938 23880
2953 25840
2955 7180
2958 14200
2959 34500
2964 23880
2965 7460
2969 11960
2970 6780
2978 3760
2990 43240
2993 5340
2995 6540
2998 2680
