0 0
130 43240
147 43240
170 16900
187 16900
210 4040
227 4040
250 4860
267 4860
290 3960
307 3960
330 9480
347 9480
370 3640
387 3640
410 3340
427 3340
450 2500
467 2500
490 14200
507 14200
524 43240
530 2680
547 2680
564 16900
570 4400
587 4400
604 4040
610 3660
611 43240
627 3660
644 4860
650 25840
651 16900
667 25840
684 3960
690 5340
691 4040
707 5340
724 9480
730 6400
731 4860
747 6400
764 3640
770 3460
771 3960
787 3460
804 3340
810 21220
811 9480
827 21220
844 2500
850 4820
851 3640
867 4820
884 14200
890 4340
891 3340
907 4340
924 2680
930 2680
931 2500
947 2680
964 4400
970 23880
971 14200
987 23880
1004 3660
1010 3760
1011 2680
1027 3760
1044 25840
1050 4520
1051 4400
1067 4520
1084 5340
1090 4560
1091 3660
1107 4560
1124 6400
1130 22420
1131 25840
1146 43240
1147 22420
1164 3460
1170 4260
1171 5340
1186 16900
1187 4260
1204 21220
1210 2900
1211 6400
1226 4040
1227 2900
1244 4820
1250 2140
1251 3460
1266 4860
1267 2140
1284 4340
1290 6780
1291 21220
1306 3960
1307 6780
1324 2680
1330 3220
1331 4820
1346 9480
1347 3220
1364 23880
1370 3660
1371 4340
1386 3640
1387 3660
1404 3760
1410 85500
1411 2680
1426 3340
1427 85500
1444 4520
1450 28540
1451 23880
1466 2500
1467 28540
1484 4560
1490 6020
1491 3760
1506 14200
1507 6020
1524 22420
1530 8580
1531 4520
1546 2680
1547 8580
1560 43240
1564 4260
1569 43240
1570 5100
1571 4560
1586 4400
1587 5100
1600 16900
1604 2900
1609 16900
1610 16740
1611 22420
1626 3660
1627 16740
1640 4040
1644 2140
1649 4040
1650 5460
1651 4260
1666 25840
1667 5460
1680 4860
1684 6780
1689 4860
1690 5360
1691 2900
1706 5340
1707 5360
1720 3960
1724 3220
1729 3960
1730 3560
1731 2140
1746 6400
1747 3560
1760 9480
1764 3660
1769 9480
1770 19800
1771 6780
1786 3460
1787 19800
1800 3640
1804 85500
1809 3640
1810 4620
1811 3220
1826 21220
1827 4620
1840 3340
1844 28540
1849 3340
1850 6020
1851 3660
1866 4820
1867 6020
1880 2500
1884 6020
1889 2500
1890 4440
1891 85500
1906 4340
1907 4440
1920 14200
1924 8580
1929 14200
1930 24200
1931 28540
1946 2680
1947 24200
1960 2680
1964 5100
1969 2680
1970 4460
1971 6020
1986 23880
1987 4460
2000 4400
2004 16740
2009 4400
2010 7180
2011 8580
2026 47000
2027 7180
2040 3660
2044 5460
2049 3660
2050 6540
2051 5100
2066 21420
2067 6540
2080 25840
2084 5360
2089 25840
2090 23960
2091 16740
2106 8600
2107 23960
2120 5340
2124 3560
2129 5340
2130 6620
2131 5460
2146 27280
2147 6620
2160 6400
2164 19800
2169 6400
2170 6200
2171 5360
2186 8220
2187 6200
2200 3460
2204 4620
2206 43240
2209 3460
2210 3880
2211 3560
2226 12380
2227 3880
2240 21220
2244 6020
2246 16900
2249 21220
2250 29140
2251 19800
2266 5780
2267 29140
2280 4820
2284 4440
2286 4040
2289 4820
2290 6260
2291 4620
2306 10120
2307 6260
2320 4340
2324 24200
2326 4860
2329 4340
2330 51520
2331 6020
2346 5720
2347 8280
2360 2680
2364 4460
2366 3960
2369 2680
2370 22480
2371 4440
2386 17860
2387 5580
2400 23880
2404 7180
2406 9480
2409 23880
2410 28460
2411 24200
2421 43240
2426 88180
2427 24420
2440 3760
2444 6540
2446 3640
2448 43240
2449 3760
2450 10600
2451 4460
2461 16900
2466 32940
2467 5740
2477 43240
2480 4520
2484 23960
2486 3340
2488 16900
2489 4520
2490 11420
2491 7180
2501 4040
2506 9680
2507 7460
2517 16900
2520 4560
2524 6620
2526 2500
2528 4040
2529 4560
2530 14520
2531 6540
2541 4860
2546 34420
2547 5040
2557 4040
2560 22420
2564 6200
2566 14200
2568 4860
2569 22420
2570 12820
2571 23960
2581 47200
2586 10440
2587 9180
2597 4860
2600 4260
2604 3880
2606 2680
2608 3960
2609 4260
2610 8480
2611 6620
2621 26380
2626 23140
2627 5140
2637 3960
2640 2900
2644 29140
2646 4400
2648 9480
2649 2900
2650 8880
2651 6200
2661 7680
2666 8920
2667 6380
2677 9480
2680 2140
2684 6260
2686 3660
2688 3640
2689 2140
2690 128540
2691 3880
2701 8200
2706 26580
2707 114340
2717 3640
2720 6780
2724 8280
2726 25840
2728 3340
2729 6780
2730 28780
2731 29140
2741 6460
2746 8380
2747 26100
2757 3340
2760 3220
2764 5580
2766 5340
2768 2500
2769 3220
2770 10400
2771 6260
2781 23680
2786 24140
2787 6000
2797 2500
2800 3660
2804 24420
2806 6400
2808 14200
2809 3660
2810 12740
2811 8280
2821 6320
2826 7300
2827 9080
2837 14200
2840 85500
2844 5740
2846 3460
2848 2680
2849 85500
2850 31700
2851 5580
2861 7740
2866 29900
2867 5860
2877 2680
2880 28540
2884 7460
2886 21220
2888 4400
2889 28540
2890 28920
2891 24420
2901 6160
2906 8200
2907 23580
2917 4400
2920 6020
2924 5040
2926 4820
2928 3660
2929 6020
2930 12880
2931 5740
2941 40040
2946 28720
2947 6480
2957 3660
2960 8580
2964 9180
2966 4340
2968 25840
2969 8580
2970 12860
2971 7460
2981 8020
