0 0
136 43240
146 43240
168 43240
176 16900
186 16900
208 16900
216 4040
226 4040
248 4040
256 4860
266 4860
288 4860
296 3960
306 3960
328 3960
336 9480
346 9480
368 9480
376 3640
386 3640
408 3640
416 3340
426 3340
448 3340
456 2500
466 2500
488 2500
496 14200
506 14200
528 14200
536 2680
546 2680
568 2680
576 4400
586 4400
608 4400
616 3660
626 3660
648 3660
656 25840
666 25840
688 25840
696 5340
706 5340
728 5340
736 6400
746 6400
768 6400
776 3460
786 3460
808 3460
810 43240
816 21220
826 21220
840 43240
848 21220
850 16900
856 4820
866 4820
880 16900
888 4820
890 4040
896 4340
906 4340
919 43240
920 4040
928 4340
930 4860
936 2680
946 2680
959 16900
960 4860
968 2680
970 3960
976 23880
986 23880
999 4040
1000 3960
1008 23880
1010 9480
1016 3760
1022 43240
1026 3760
1039 4860
1040 9480
1041 43240
1048 3760
1050 3640
1056 4520
1062 16900
1066 4520
1079 3960
1080 3640
1081 16900
1088 4520
1090 3340
1096 4560
1102 4040
1106 4560
1119 9480
1120 3340
1121 4040
1128 4560
1130 2500
1136 22420
1142 4860
1146 22420
1159 3640
1160 2500
1161 4860
1168 22420
1170 14200
1176 4260
1182 3960
1186 4260
1199 3340
1200 14200
1201 3960
1208 4260
1210 2680
1216 2900
1222 9480
1226 2900
1239 2500
1240 2680
1241 9480
1248 2900
1250 4400
1256 2140
1262 3640
1266 2140
1279 14200
1280 4400
1281 3640
1288 2140
1290 3660
1296 6780
1302 3340
1306 6780
1319 2680
1320 3660
1321 3340
1328 6780
1330 25840
1336 3220
1342 2500
1346 3220
1359 4400
1360 25840
1361 2500
1368 3220
1370 5340
1376 3660
1382 14200
1386 3660
1399 3660
1400 5340
1401 14200
1408 3660
1410 6400
1416 85500
1422 2680
1426 85500
1439 25840
1440 6400
1441 2680
1448 85500
1449 43240
1450 3460
1456 28540
1462 4400
1466 28540
1479 5340
1480 3460
1481 4400
1488 28540
1489 16900
1490 21220
1495 43240
1496 6020
1502 3660
1506 6020
1519 6400
1520 21220
1521 3660
1528 6020
1529 4040
1530 4820
1535 16900
1536 8580
1542 25840
1546 8580
1559 3460
1560 48060
1561 25840
1568 8580
1569 4860
1570 4340
1575 4040
1576 5100
1582 5340
1586 5100
1599 21220
1600 21240
1601 5340
1608 5100
1609 3960
1610 2680
1615 4860
1616 16740
1622 6400
1626 16740
1639 4820
1640 6720
1641 6400
1648 16740
1649 9480
1650 23880
1655 3960
1656 5460
1662 3460
1666 5460
1679 4340
1680 28740
1681 3460
1688 5460
1689 3640
1690 3760
1695 9480
1696 5360
1702 21220
1706 5360
1719 2680
1720 7720
1721 21220
1728 5360
1729 3340
1730 4520
1735 3640
1736 3560
1742 4820
1746 3560
1759 23880
1760 14000
1761 4820
1768 3560
1769 2500
1770 4560
1775 3340
1776 19800
1782 4340
1786 19800
1799 3760
1800 8200
1801 4340
1808 19800
1809 14200
1810 22420
1815 2500
1816 4620
1822 2680
1826 4620
1839 4520
1840 25760
1841 2680
1848 4620
1849 2680
1850 4260
1855 14200
1856 6020
1862 23880
1866 6020
1879 4560
1880 6760
1881 23880
1888 6020
1889 4400
1890 2900
1895 2680
1896 4440
1902 3760
1906 4440
1919 22420
1920 17100
1921 3760
1928 4440
1929 3660
1930 2140
1935 4400
1936 24200
1942 4520
1946 24200
1959 4260
1960 4820
1961 4520
1968 24200
1969 25840
1970 6780
1975 3660
1976 4460
1982 4560
1986 4460
1999 2900
2000 11180
2001 4560
2008 4460
2009 5340
2010 3220
2015 25840
2016 7180
2022 22420
2026 7180
2039 2140
2040 6880
2041 22420
2048 7180
2049 6400
2050 3660
2055 5340
2056 6540
2062 4260
2066 6540
2079 6780
2080 29500
2081 4260
2088 6540
2089 3460
2090 85500
2095 6400
2096 23960
2102 2900
2106 23960
2119 3220
2120 90840
2121 2900
2128 23960
2129 21220
2130 28540
2135 3460
2136 6620
2142 2140
2146 6620
2149 43240
2159 3660
2160 34940
2161 2140
2167 43240
2168 6620
2169 4820
2170 6020
2175 21220
2176 6200
2182 6780
2186 6200
2189 16900
2199 85500
2200 9480
2201 6780
2207 16900
2208 6200
2209 4340
2210 8580
2215 4820
2216 3880
2222 3220
2226 3880
2229 4040
2239 28540
2240 29800
2241 3220
2247 4040
2248 3880
2249 2680
2250 5100
2255 4340
2256 29140
2262 3660
2266 29140
2269 4860
2279 6020
2280 9920
2281 3660
2287 4860
2288 29140
2289 23880
2290 16740
2295 2680
2296 6260
2302 85500
2306 6260
2309 3960
2319 8580
2320 21080
2321 85500
2327 3960
2328 6260
2329 3760
2330 5460
2335 23880
2336 8280
2342 28540
2346 8280
2349 9480
2359 5100
2360 8140
2361 28540
2367 9480
2368 8280
2369 4520
2370 5360
2375 3760
2376 5580
2382 6020
2386 5580
2389 3640
2399 16740
2400 29240
2401 6020
2407 3640
2408 5580
2409 4560
2410 3560
2415 4520
2416 24420
2422 8580
2426 24420
2429 3340
2439 5460
2440 7320
2441 8580
2447 3340
2448 24420
2449 22420
2450 19800
2455 4560
2456 5740
2462 5100
2466 5740
2469 2500
2479 5360
2480 24320
2481 5100
2487 2500
2488 5740
2489 4260
2490 4620
2495 22420
2496 7460
2502 16740
2506 7460
2509 14200
2519 3560
2520 9180
2521 16740
2527 14200
2528 7460
2529 2900
2530 6020
2535 4260
2536 5040
2542 5460
2546 5040
2549 2680
2559 19800
2560 28440
2561 5460
2567 2680
2568 5040
2569 2140
2570 4440
2575 2900
2576 9180
2582 5360
2586 9180
2589 4400
2599 4620
2600 8700
2601 5360
2607 4400
2608 9180
2609 6780
2610 24200
2615 2140
2616 5140
2622 3560
2626 5140
2629 3660
2639 6020
2640 27100
2641 3560
2647 3660
2648 5140
2649 3220
2650 4460
2655 6780
2656 6380
2662 19800
2666 6380
2669 25840
2679 47680
2680 6600
2681 19800
2687 25840
2688 6380
2689 3660
2690 7180
2695 3220
2696 114340
2702 4620
2706 114340
2709 5340
2719 41100
2720 13960
2721 4620
2727 5340
2728 114340
2729 85500
2730 6540
2735 3660
2736 26100
2742 6020
2746 26100
2749 6400
2759 8500
2760 9760
2761 6020
2767 6400
2768 26100
2769 28540
2770 23960
2775 85500
2776 6000
2782 4440
2786 6000
2789 3460
2799 12040
2800 27620
2801 4440
2807 3460
2808 6000
2809 6020
2810 6620
2815 28540
2816 9080
2822 24200
2826 9080
2829 21220
2839 10500
2840 92120
2841 24200
2847 21220
2848 9080
2849 8580
2850 6200
2855 6020
2856 5860
2862 4460
2866 5860
2869 4820
2879 33440
2880 34740
2881 4460
2887 4820
2888 5860
2889 5100
2890 3880
2895 8580
2896 23580
2902 7180
2906 23580
2909 4340
2919 10260
2920 9900
2921 7180
2927 4340
2928 23580
2929 16740
2930 29140
2935 5100
2936 6480
2942 6540
2946 6480
2949 2680
2959 9540
2960 37720
2961 6540
2967 2680
2968 6480
2969 5460
2970 6260
2975 16740
2976 5170
