0 0
368 43240
408 16900
448 4040
488 4860
528 3960
568 9480
608 3640
648 3340
688 2500
705 86480
728 14200
745 33800
768 2680
785 8080
800 43240
808 4400
825 9720
840 16900
848 3660
850 43240
865 7920
880 4040
888 25840
890 16900
905 18960
920 4860
928 5340
930 4040
945 7280
960 3960
968 6400
970 4860
985 6680
1000 9480
1008 3460
1010 3960
1025 5000
1040 3640
1048 21220
1050 9480
1065 28400
1080 3340
1088 4820
1090 3640
1105 5360
1120 2500
1128 4340
1130 3340
1145 8800
1160 14200
1168 2680
1170 2500
1185 7320
1200 2680
1208 23880
1210 14200
1225 51680
1231 43240
1240 4400
1248 3760
1250 2680
1265 10680
1271 16900
1280 3660
1287 43240
1288 4520
1290 4400
1304 43240
1305 12800
1311 4040
1320 25840
1327 16900
1328 4560
1330 3660
1344 16900
1345 6920
1351 4860
1360 5340
1367 4040
1368 22420
1370 25840
1382 43240
1384 4040
1385 42440
1391 3960
1400 6400
1407 4860
1408 4260
1410 5340
1422 16900
1424 4860
1425 9640
1431 9480
1440 3460
1447 3960
1448 2900
1450 6400
1462 4040
1464 3960
1465 8680
1471 3640
1480 21220
1487 9480
1488 2140
1490 3460
1502 4860
1504 9480
1505 5360
1511 3340
1520 4820
1527 3640
1528 6780
1530 21220
1542 3960
1544 3640
1545 47760
1551 2500
1560 4340
1567 3340
1568 3220
1570 4820
1582 9480
1584 3340
1585 7520
1591 14200
1600 2680
1607 2500
1608 3660
1610 4340
1619 43240
1622 3640
1624 2500
1625 9040
1631 2680
1640 23880
1647 14200
1648 85500
1650 2680
1659 16900
1662 3340
1664 14200
1665 9120
1671 4400
1680 3760
1687 2680
1688 28540
1690 23880
1699 4040
1702 2500
1704 2680
1705 44840
1711 3660
1720 4520
1727 4400
1728 6020
1730 3760
1739 4860
1742 14200
1744 4400
1745 8520
1751 25840
1760 4560
1767 3660
1768 8580
1770 4520
1779 3960
1782 2680
1784 3660
1785 5800
1791 5340
1800 22420
1807 25840
1808 5100
1810 4560
1819 9480
1822 4400
1824 25840
1825 4280
1831 6400
1840 4260
1847 5340
1848 16740
1850 22420
1859 3640
1862 3660
1864 5340
1865 13560
1871 3460
1880 2900
1887 6400
1888 5460
1890 4260
1899 3340
1902 25840
1904 6400
1905 6440
1911 21220
1920 2140
1927 3460
1928 5360
1930 2900
1939 2500
1942 5340
1944 3460
1945 7320
1951 4820
1960 6780
1967 21220
1968 3560
1970 2140
1979 14200
1982 6400
1984 21220
1985 171000
1991 4340
2000 3220
2007 4820
2008 19800
2010 6780
2019 2680
2022 3460
2024 4820
2025 57080
2031 2680
2040 3660
2047 4340
2048 4620
2050 46460
2059 4400
2062 21220
2064 4340
2065 12040
2071 23880
2080 85500
2087 2680
2088 6020
2090 20560
2099 3660
2102 4820
2104 2680
2105 17160
2111 3760
2120 28540
2123 43240
2127 23880
2128 4440
2130 89540
2139 25840
2142 4340
2144 23880
2145 10200
2151 4520
2160 6020
2163 16900
2167 3760
2168 24200
2170 33400
2179 5340
2182 2680
2184 3760
2185 33480
2191 4560
2200 8580
2203 4040
2207 4520
2208 4460
2210 9980
2219 6400
2222 23880
2224 4520
2225 10920
2231 22420
2240 5100
2243 4860
2247 4560
2248 7180
2250 18060
2259 3460
2262 3760
2264 4560
2265 10720
2271 4260
2280 16740
2283 3960
2287 22420
2288 6540
2290 8740
2299 21220
2302 4520
2304 22420
2305 7120
2311 2900
2320 48700
2323 9480
2327 4260
2328 23960
2330 20080
2339 4820
2342 4560
2344 4260
2345 39600
2351 2140
2360 22260
2363 3640
2367 2900
2368 6620
2370 7960
2379 4340
2382 22420
2384 2900
2385 9240
2391 6780
2400 7600
2403 3340
2407 2140
2408 6200
2410 19560
2419 2680
2422 4260
2424 2140
2425 12040
2431 3220
2440 24660
2443 2500
2447 6780
2448 3880
2450 6240
2459 23880
2462 2900
2464 6780
2465 8880
2471 3660
2480 8580
2483 14200
2487 3220
2488 29140
2490 24200
2499 3760
2502 2140
2504 3220
2505 48400
2511 85500
2520 15500
2523 2680
2527 3660
2528 6260
2530 8280
2539 4520
2542 6780
2544 3660
2545 8920
2551 28540
2560 8080
2563 4400
2567 85500
2568 8280
2570 31860
2579 4560
2582 3220
2584 85500
2585 14360
2591 6020
2600 27540
2603 3660
2607 28540
2608 5580
2610 9780
2619 22420
2622 3660
2624 28540
2625 13080
2631 8580
2640 6960
2643 25840
2647 6020
2648 24420
2650 30600
2659 4260
2662 85500
2664 6020
2665 47920
2671 5100
2680 21380
2683 5340
2687 8580
2688 5740
2690 7920
2699 2900
2702 28540
2704 8580
2705 13240
2711 16740
2720 9220
2723 6400
2727 5100
2728 7460
2730 28400
2739 2140
2742 6020
2744 5100
2745 12400
2751 5460
2760 28360
2763 3460
2767 16740
2768 5040
2770 11360
2779 6780
2782 8580
2784 16740
2785 7760
2791 5360
2800 10280
2803 21220
2807 5460
2808 9180
2810 28300
2819 3220
2822 5100
2824 5460
2825 58280
2831 3560
2840 32040
2843 4820
2847 5360
2848 5140
2850 9300
2859 3660
2862 16740
2864 5360
2865 12520
2871 19800
2880 9220
2883 4340
2887 3560
2888 6380
2890 30080
2899 85500
2902 5460
2904 3560
2905 16560
2911 4620
2920 35540
2923 2680
2927 19800
2928 114340
2930 7640
2939 28540
2942 5360
2944 19800
2945 11160
2951 6020
2960 9720
2963 23880
2967 4620
2968 26100
2970 33660
2979 2408
