0 0
437 43240
477 16900
517 4040
557 4860
597 3960
637 9480
677 3640
717 3340
757 2500
797 14200
837 2680
877 4400
917 3660
957 25840
997 5340
1022 43240
1037 6400
1062 16900
1077 3460
1102 4040
1117 21220
1142 4860
1157 4820
1182 3960
1197 4340
1219 43240
1222 9480
1237 2680
1259 16900
1262 3640
1277 23880
1299 4040
1302 3340
1317 3760
1339 4860
1342 2500
1357 4520
1379 3960
1382 14200
1397 4560
1419 9480
1422 2680
1437 22420
1459 3640
1462 4400
1477 4260
1499 3340
1502 3660
1517 2900
1533 43240
1539 2500
1542 25840
1557 2140
1573 16900
1579 14200
1582 5340
1597 6780
1613 4040
1619 2680
1622 6400
1637 3220
1653 4860
1659 4400
1662 3460
1677 3660
1687 43240
1693 3960
1696 43240
1699 3660
1702 21220
1717 85500
1727 16900
1733 9480
1736 16900
1739 25840
1742 4820
1757 28540
1767 4040
1773 3640
1776 4040
1779 5340
1782 4340
1797 6020
1807 4860
1813 3340
1816 4860
1819 6400
1822 2680
1837 8580
1847 3960
1853 2500
1856 3960
1859 3460
1862 23880
1877 5100
1887 9480
1893 14200
1896 9480
1899 21220
1902 3760
1917 16740
1927 3640
1933 2680
1936 3640
1939 4820
1942 4520
1954 43240
1957 5460
1967 3340
1973 4400
1976 3340
1979 4340
1982 4560
1994 16900
1997 5360
2007 2500
2013 3660
2016 2500
2019 2680
2022 22420
2034 4040
2037 3560
2047 14200
2053 25840
2056 14200
2059 23880
2062 4260
2074 4860
2077 19800
2087 2680
2093 5340
2096 2680
2099 3760
2102 2900
2114 3960
2117 4620
2127 4400
2133 6400
2136 4400
2139 4520
2142 2140
2154 9480
2157 6020
2167 3660
2173 3460
2176 3660
2179 4560
2182 6780
2194 3640
2197 4440
2207 25840
2213 21220
2216 25840
2219 22420
2222 46460
2234 3340
2237 24200
2247 5340
2253 4820
2256 5340
2259 4260
2262 20560
2274 2500
2277 4460
2287 6400
2293 4340
2296 6400
2299 2900
2302 89540
2314 14200
2317 7180
2327 3460
2333 2680
2336 3460
2339 2140
2342 33400
2354 2680
2357 6540
2367 21220
2373 23880
2376 21220
2379 6780
2382 9980
2394 4400
2397 23960
2407 4820
2413 3760
2416 4820
2419 3220
2422 18060
2434 3660
2437 6620
2447 4340
2453 4520
2456 4340
2459 3660
2462 8740
2474 25840
2477 6200
2487 2680
2493 4560
2496 2680
2499 85500
2502 20080
2506 43240
2514 5340
2517 3880
2527 23880
2533 22420
2536 23880
2539 28540
2542 7960
2546 16900
2554 6400
2557 29140
2558 43240
2567 3760
2573 4260
2576 3760
2579 6020
2582 19560
2586 4040
2594 3460
2597 6260
2598 16900
2607 4520
2613 2900
2616 4520
2619 8580
2622 6240
2626 4860
2634 21220
2637 8280
2638 4040
2647 4560
2653 2140
2656 4560
2659 5100
2662 24200
2666 3960
2674 4820
2677 5580
2678 4860
2687 22420
2693 6780
2696 22420
2699 16740
2702 8280
2706 9480
2714 4340
2717 24420
2718 3960
2727 4260
2733 3220
2736 4260
2739 5460
2742 31860
2746 3640
2754 2680
2757 5740
2758 9480
2767 2900
2773 3660
2776 2900
2779 5360
2782 9780
2786 3340
2790 43240
2794 23880
2797 7460
2798 3640
2807 2140
2813 85500
2816 2140
2819 3560
2822 30600
2826 2500
2830 16900
2834 3760
2837 5040
2838 3340
2847 6780
2853 28540
2856 6780
2859 19800
2862 7920
2866 14200
2870 4040
2874 4520
2877 9180
2878 2500
2887 3220
2893 6020
2896 3220
2899 4620
2902 28400
2906 2680
2910 4860
2914 4560
2917 5140
2918 14200
2927 3660
2933 8580
2936 3660
2939 6020
2942 11360
2946 4400
2950 3960
2954 22420
2957 6380
2958 2680
2967 85500
2973 5100
2976 85500
2979 4440
2982 28300
2986 3660
2990 9480
2994 4260
2997 114340
2998 3080
