0 0
147 43240
187 16900
227 4040
267 4860
307 3960
330 43240
347 9480
370 16900
374 43240
387 3640
407 43240
410 4040
414 16900
427 3340
447 16900
450 4860
454 4040
467 2500
487 4040
490 3960
494 4860
507 14200
527 4860
530 9480
534 3960
547 2680
567 3960
570 3640
574 9480
581 43240
587 4400
607 9480
610 3340
614 3640
621 16900
627 3660
647 3640
650 2500
654 3340
661 4040
667 25840
687 3340
690 14200
694 2500
701 4860
707 5340
727 2500
730 2680
734 14200
741 3960
747 6400
767 14200
770 4400
774 2680
781 9480
787 3460
807 2680
810 3660
814 4400
821 3640
827 21220
847 4400
850 25840
854 3660
861 3340
867 4820
887 3660
890 5340
894 25840
901 2500
907 4340
913 43240
927 25840
930 6400
934 5340
941 14200
947 2680
953 16900
967 5340
970 3460
974 6400
981 2680
987 23880
993 4040
1007 6400
1010 21220
1014 3460
1021 4400
1027 3760
1033 4860
1047 3460
1050 4820
1051 43240
1054 21220
1061 3660
1067 4520
1073 3960
1087 21220
1090 4340
1091 16900
1094 4820
1101 25840
1107 4560
1113 9480
1127 4820
1130 2680
1131 4040
1134 4340
1141 5340
1147 22420
1153 3640
1167 4340
1170 23880
1171 4860
1174 2680
1181 6400
1185 43240
1187 4260
1193 3340
1207 2680
1210 3760
1211 3960
1214 23880
1221 3460
1225 16900
1227 2900
1233 2500
1247 23880
1250 4520
1251 9480
1254 3760
1261 21220
1265 4040
1267 2140
1273 14200
1287 3760
1290 4560
1291 3640
1294 4520
1301 4820
1305 4860
1307 6780
1313 2680
1327 4520
1330 22420
1331 3340
1334 4560
1341 4340
1345 3960
1347 3220
1353 4400
1367 4560
1370 4260
1371 2500
1374 22420
1381 2680
1385 9480
1387 3660
1393 3660
1407 22420
1410 2900
1411 14200
1414 4260
1421 23880
1425 3640
1427 85500
1433 25840
1447 4260
1450 2140
1451 2680
1454 2900
1461 47000
1465 3340
1467 28540
1473 5340
1487 2900
1490 6780
1491 4400
1494 2140
1501 21420
1505 2500
1507 6020
1513 6400
1527 2140
1530 3220
1531 3660
1534 6780
1541 8600
1545 14200
1547 8580
1553 3460
1567 6780
1570 3660
1571 25840
1574 3220
1581 27280
1585 2680
1587 5100
1593 21220
1607 3220
1610 85500
1611 5340
1614 3660
1621 8220
1625 4400
1627 16740
1633 4820
1647 3660
1650 28540
1651 6400
1654 85500
1661 12380
1665 3660
1667 5460
1673 4340
1687 85500
1690 6020
1691 3460
1694 28540
1701 5780
1705 25840
1707 5360
1713 2680
1727 28540
1730 8580
1731 21220
1734 6020
1741 10120
1745 5340
1747 3560
1753 23880
1767 6020
1770 5100
1771 4820
1774 8580
1781 5720
1785 6400
1787 19800
1793 3760
1807 8580
1810 16740
1811 4340
1814 5100
1815 43240
1821 17860
1825 3460
1827 4620
1833 4520
1847 5100
1850 5460
1851 2680
1854 16740
1855 16900
1861 88180
1865 21220
1867 6020
1873 4560
1883 43240
1887 16740
1890 5360
1891 23880
1894 5460
1895 4040
1901 32940
1905 4820
1907 4440
1913 22420
1923 16900
1927 5460
1930 3560
1931 3760
1934 5360
1935 4860
1941 9680
1945 4340
1947 24200
1953 4260
1963 4040
1967 5360
1970 19800
1971 4520
1974 3560
1975 3960
1981 34420
1985 2680
1987 4460
1993 2900
2003 4860
2007 3560
2010 4620
2011 4560
2014 19800
2015 9480
2021 10440
2025 23880
2027 7180
2033 2140
2043 3960
2047 19800
2050 6020
2051 22420
2054 4620
2055 3640
2061 23140
2065 3760
2067 6540
2073 6780
2083 9480
2087 4620
2090 4440
2091 4260
2094 6020
2095 3340
2101 8920
2105 4520
2107 23960
2113 3220
2123 3640
2127 6020
2130 24200
2131 2900
2134 4440
2135 2500
2141 26580
2145 4560
2147 6620
2153 3660
2163 3340
2167 4440
2170 4460
2171 2140
2174 24200
2175 14200
2181 8380
2185 22420
2187 6200
2193 85500
2203 2500
2207 24200
2210 7180
2211 6780
2214 4460
2215 2680
2221 24140
2225 4260
2227 3880
2233 28540
2243 14200
2247 4460
2250 6540
2251 3220
2254 7180
2255 4400
2261 7300
2265 2900
2267 29140
2273 6020
2283 2680
2287 7180
2290 23960
2291 3660
2294 6540
2295 3660
2301 29900
2305 2140
2307 6260
2313 8580
2323 4400
2327 6540
2330 6620
2331 85500
2334 23960
2335 25840
2341 8200
2345 6780
2347 8280
2353 5100
2363 3660
2367 23960
2370 6200
2371 28540
2374 6620
2375 5340
2381 28720
2385 3220
2387 5580
2393 16740
2403 25840
2407 6620
2410 3880
2411 6020
2414 6200
2415 6400
2421 9020
2425 3660
2427 24420
2433 5460
2443 5340
2447 6200
2450 29140
2451 8580
2454 3880
2455 3460
2461 29600
2465 85500
2467 5740
2473 5360
2483 6400
2487 3880
2490 6260
2491 5100
2494 29140
2495 21220
2501 10800
2505 28540
2507 7460
2513 3560
2523 3460
2527 29140
2530 8280
2531 16740
2534 6260
2535 4820
2541 26860
2545 6020
2547 5040
2553 19800
2563 21220
2567 6260
2570 5580
2571 5460
2574 8280
2575 4340
2581 8760
2585 8580
2587 9180
2593 4620
2603 4820
2607 8280
2610 24420
2611 5360
2614 5580
2615 2680
2621 12980
2625 5100
2627 5140
2633 6020
2643 4340
2647 5580
2650 5740
2651 3560
2654 24420
2655 23880
2661 7100
2665 16740
2667 6380
2673 4440
2683 2680
2687 24420
2690 7460
2691 19800
2694 5740
2695 3760
2701 32800
2705 5460
2707 114340
2713 24200
2719 43240
2723 23880
2727 5740
2730 5040
2731 4620
2734 7460
2735 4520
2741 91760
2745 5360
2747 26100
2753 4460
2759 16900
2763 3760
2767 7460
2770 9180
2771 6020
2773 43240
2774 5040
2775 4560
2781 36820
2785 3560
2787 6000
2793 7180
2799 4040
2803 4520
2807 5040
2810 5140
2811 4440
2813 16900
2814 9180
2815 22420
2821 11600
2825 19800
2827 9080
2833 6540
2839 4860
2843 4560
2847 9180
2850 6380
2851 24200
2853 4040
2854 5140
2855 4260
2861 33000
2865 4620
2867 5860
2873 23960
2879 3960
2883 22420
2887 5140
2890 114340
2891 4460
2893 4860
2894 6380
2895 2900
2901 10840
2905 6020
2907 23580
2913 6620
2919 9480
2923 4260
2926 43240
2927 6380
2930 26100
2931 7180
2933 3960
2934 114340
2935 2140
2941 24200
2945 4440
2947 6480
2953 6200
2959 3640
2963 2900
2966 16900
2967 114340
2970 6000
2971 6540
2973 9480
2974 26100
2975 6780
2981 10500
2985 24200
2987 2350
