0 0
135 43240
158 43240
175 16900
198 16900
215 4040
238 4040
255 4860
278 4860
295 3960
318 3960
335 9480
358 9480
375 3640
398 3640
413 43240
415 3340
438 3340
453 16900
455 2500
478 2500
493 4040
495 14200
518 14200
533 4860
535 2680
558 2680
573 3960
575 4400
598 4400
613 9480
615 3660
638 3660
653 3640
655 25840
678 25840
693 3340
695 5340
718 5340
733 2500
735 6400
758 6400
773 14200
775 3460
798 3460
813 2680
815 21220
838 21220
853 4400
855 4820
878 4820
893 3660
895 4340
918 4340
933 25840
935 2680
958 2680
973 5340
975 23880
998 23880
1013 6400
1015 3760
1038 3760
1053 3460
1055 4520
1078 4520
1093 21220
1095 4560
1118 4560
1133 4820
1135 22420
1158 22420
1173 4340
1175 4260
1198 4260
1213 2680
1215 2900
1238 2900
1253 23880
1255 2140
1278 2140
1293 3760
1295 6780
1318 6780
1333 4520
1335 3220
1347 43240
1358 3220
1373 4560
1375 3660
1387 16900
1398 3660
1413 22420
1415 85500
1427 4040
1438 85500
1453 4260
1455 28540
1467 4860
1478 28540
1493 2900
1495 6020
1507 3960
1518 6020
1533 2140
1535 8580
1547 9480
1558 8580
1573 6780
1575 5100
1587 3640
1598 5100
1613 3220
1615 16740
1627 3340
1638 16740
1653 3660
1655 5460
1667 2500
1678 5460
1693 85500
1695 5360
1707 14200
1718 5360
1733 28540
1735 3560
1747 2680
1758 3560
1773 6020
1775 19800
1787 4400
1798 19800
1813 8580
1815 4620
1827 3660
1838 4620
1853 5100
1855 6020
1867 25840
1878 6020
1893 16740
1895 4440
1907 5340
1918 4440
1933 5460
1935 24200
1947 6400
1958 24200
1973 5360
1975 4460
1987 46700
1998 4460
2013 3560
2015 7180
2027 38120
2038 7180
2053 19800
2055 6540
2067 8860
2078 6540
2093 4620
2095 23960
2107 9200
2118 23960
2133 6020
2135 6620
2147 6640
2158 6620
2173 4440
2175 6200
2187 33360
2198 6200
2207 43240
2213 24200
2215 3880
2227 7400
2238 3880
2247 16900
2253 4460
2255 29140
2267 7860
2278 29140
2287 4040
2293 7180
2295 6260
2307 7060
2318 6260
2327 4860
2333 6540
2335 8280
2347 36620
2358 8280
2367 3960
2373 23960
2375 5580
2387 6940
2398 5580
2407 9480
2413 6620
2415 24420
2427 7300
2438 24420
2447 3640
2453 6200
2455 5740
2467 5800
2478 5740
2484 43240
2487 3340
2493 3880
2495 7460
2507 32620
2518 7460
2524 16900
2527 2500
2533 29140
2535 5040
2547 8560
2558 5040
2564 4040
2567 14200
2568 43240
2573 6260
2575 9180
2587 10060
2598 9180
2604 4860
2607 2680
2608 16900
2613 8280
2615 5140
2627 88960
2638 5140
2644 3960
2647 4400
2648 4040
2653 5580
2655 6380
2667 49760
2678 6380
2684 9480
2687 3660
2688 4860
2693 24420
2695 114340
2707 10840
2718 114340
2724 3640
2727 25840
2728 3960
2733 5740
2735 26100
2747 12920
2758 26100
2764 3340
2767 5340
2768 9480
2773 7460
2775 6000
2787 7780
2798 6000
2804 2500
2807 6400
2808 3640
2813 5040
2815 9080
2827 40620
2838 9080
2844 14200
2847 3460
2848 3340
2853 9180
2855 5860
2863 43240
2867 9220
2876 43240
2878 5860
2884 2680
2887 21220
2888 2500
2893 5140
2895 23580
2903 16900
2907 9880
2916 16900
2918 23580
2924 4400
2927 4820
2928 14200
2933 6380
2935 6480
2943 4040
2947 8120
2956 4040
2958 6480
2964 3660
2967 4340
2968 2680
2973 114340
2975 9400
2983 4860
2987 42220
2996 2430
