0 0
400 43240
440 16900
480 4040
520 4860
560 3960
597 43240
600 9480
637 60140
640 3640
677 20940
680 3340
717 8900
720 2500
757 8820
760 14200
797 13440
800 2680
837 13120
840 4400
877 6980
880 3660
890 43240
917 5840
920 25840
930 16900
957 16700
960 5340
970 4040
997 16880
1000 6400
1010 4860
1037 7080
1040 3460
1050 3960
1077 8060
1080 21220
1090 9480
1117 29500
1120 4820
1130 3640
1157 31180
1160 4340
1170 3340
1197 11740
1200 2680
1210 2500
1237 9860
1240 23880
1250 14200
1277 24680
1280 3760
1287 43240
1290 2680
1317 26040
1320 4520
1322 43240
1327 16900
1330 4400
1357 9160
1360 4560
1362 16900
1367 4040
1370 3660
1397 7020
1400 22420
1402 4040
1407 4860
1410 25840
1437 26560
1440 4260
1442 4860
1447 3960
1450 5340
1477 27640
1480 2900
1482 3960
1487 9480
1490 6400
1517 8280
1520 2140
1522 9480
1527 3640
1530 3460
1557 9080
1560 6780
1562 3640
1567 3340
1570 21220
1597 26980
1600 3220
1602 3340
1607 2500
1610 4820
1637 26680
1640 3660
1642 2500
1647 14200
1650 4340
1677 7160
1680 85500
1682 14200
1687 2680
1690 2680
1717 5040
1720 28540
1722 2680
1727 4400
1730 23880
1757 8920
1760 6020
1762 4400
1767 3660
1770 3760
1797 10000
1800 8580
1802 3660
1807 25840
1810 4520
1837 6880
1840 5100
1842 25840
1847 5340
1850 4560
1877 89160
1880 16740
1882 5340
1887 6400
1890 22420
1892 43240
1917 114040
1920 5460
1922 6400
1927 3460
1930 4260
1932 16900
1957 34560
1960 5360
1962 3460
1967 21220
1970 2900
1972 4040
1997 14600
2000 3560
2002 21220
2007 4820
2010 2140
2012 4860
2037 13680
2040 19800
2042 4820
2047 4340
2050 6780
2052 3960
2077 21840
2080 4620
2082 4340
2087 2680
2090 3220
2092 9480
2117 22200
2120 6020
2122 2680
2127 23880
2130 3660
2132 3640
2157 10820
2160 4440
2162 23880
2167 3760
2170 85500
2172 3340
2197 8920
2200 24200
2202 3760
2207 4520
2210 28540
2212 2500
2237 23360
2240 4460
2242 4520
2247 4560
2250 6020
2252 14200
2277 24420
2280 7180
2282 4560
2287 22420
2290 8580
2292 2680
2317 10640
2320 6540
2322 22420
2327 4260
2330 5100
2332 4400
2357 10460
2360 23960
2362 4260
2367 2900
2370 16740
2372 3660
2397 28640
2400 6620
2402 2900
2407 2140
2410 5460
2412 25840
2437 28660
2440 6200
2442 2140
2447 6780
2450 5360
2452 5340
2477 11640
2480 3880
2482 6780
2487 3220
2490 3560
2492 6400
2517 13720
2520 29140
2522 3220
2527 3660
2530 19800
2532 3460
2557 30500
2560 6260
2562 3660
2567 85500
2570 4620
2572 21220
2597 30580
2600 8280
2602 85500
2607 28540
2610 6020
2612 4820
2637 12820
2640 5580
2642 28540
2647 6020
2650 4440
2652 4340
2677 10080
2680 24420
2682 6020
2687 8580
2690 24200
2692 2680
2717 33020
2720 5740
2722 8580
2727 5100
2730 47700
2732 23880
2757 78640
2760 7460
2762 5100
2767 16740
2770 24080
2772 3760
2797 31440
2800 5040
2802 16740
2807 5460
2810 10580
2812 4520
2837 17900
2840 9180
2842 5460
2847 5360
2850 28820
2852 4560
2877 34860
2880 5140
2882 5360
2887 3560
2890 10580
2892 22420
2917 34120
2920 6380
2922 3560
2927 19800
2930 15680
2932 4260
2957 22680
2960 114340
2962 19800
2967 4620
2970 7520
2972 2900
2997 4536
