0 0
606 43240
646 16900
686 4040
726 4860
766 3960
806 9480
846 3640
875 43240
886 3340
915 16900
926 2500
955 4040
966 14200
995 4860
1006 2680
1035 3960
1039 43240
1046 4400
1048 43240
1073 43240
1075 9480
1079 16900
1086 3660
1088 16900
1113 16900
1115 3640
1119 4040
1126 25840
1128 4040
1153 4040
1155 3340
1159 4860
1166 5340
1168 4860
1193 4860
1195 2500
1199 3960
1206 6400
1208 3960
1233 3960
1235 14200
1239 9480
1246 3460
1248 9480
1273 9480
1275 2680
1279 3640
1286 21220
1288 3640
1313 3640
1315 4400
1319 3340
1326 4820
1328 3340
1353 3340
1355 3660
1359 2500
1366 4340
1368 2500
1393 2500
1395 25840
1399 14200
1406 2680
1408 14200
1433 14200
1435 5340
1439 2680
1446 23880
1448 2680
1473 2680
1475 6400
1479 4400
1486 3760
1488 4400
1513 4400
1515 3460
1519 3660
1526 4520
1528 3660
1553 3660
1555 21220
1559 25840
1566 4560
1568 25840
1593 25840
1595 4820
1599 5340
1606 22420
1608 5340
1627 43240
1633 5340
1635 4340
1639 6400
1646 4260
1648 6400
1652 43240
1667 16900
1673 6400
1675 2680
1679 3460
1686 2900
1688 3460
1692 16900
1707 4040
1713 3460
1715 23880
1719 21220
1726 2140
1728 21220
1732 4040
1747 4860
1753 21220
1755 3760
1759 4820
1766 6780
1768 4820
1772 4860
1787 3960
1793 4820
1795 4520
1799 4340
1806 3220
1808 4340
1812 3960
1827 9480
1833 4340
1835 4560
1839 2680
1846 3660
1848 2680
1852 9480
1867 3640
1873 2680
1875 22420
1879 23880
1886 85500
1888 23880
1892 3640
1907 3340
1913 23880
1915 4260
1919 3760
1926 28540
1928 3760
1932 3340
1947 2500
1953 3760
1955 2900
1959 4520
1966 6020
1968 4520
1972 2500
1987 14200
1993 4520
1995 2140
1999 4560
2006 8580
2008 4560
2012 14200
2027 2680
2033 4560
2035 6780
2039 22420
2046 5100
2048 22420
2052 2680
2056 43240
2067 4400
2073 22420
2075 3220
2079 4260
2086 16740
2088 4260
2092 4400
2096 16900
2107 3660
2113 4260
2115 3660
2119 2900
2126 5460
2128 2900
2132 3660
2136 4040
2147 25840
2153 2900
2155 85500
2159 2140
2166 5360
2168 2140
2172 25840
2176 4860
2187 5340
2193 2140
2195 28540
2199 6780
2206 3560
2208 6780
2212 5340
2216 3960
2227 6400
2233 6780
2235 6020
2239 3220
2246 19800
2248 3220
2252 6400
2256 9480
2267 3460
2273 3220
2275 8580
2279 3660
2286 4620
2288 3660
2292 3460
2296 3640
2307 21220
2313 3660
2315 5100
2319 85500
2326 6020
2328 85500
2332 21220
2336 46580
2347 4820
2353 85500
2355 16740
2359 28540
2366 4440
2368 28540
2372 4820
2376 19400
2387 4340
2393 28540
2395 5460
2399 6020
2406 24200
2408 6020
2412 4340
2416 18240
2427 2680
2433 6020
2435 5360
2439 8580
2446 4460
2448 8580
2452 2680
2456 7540
2467 23880
2473 8580
2475 3560
2479 5100
2486 7180
2488 5100
2492 23880
2496 8360
2507 3760
2513 5100
2515 19800
2519 16740
2526 6540
2528 16740
2532 3760
2536 13140
2540 43240
2547 4520
2553 16740
2555 4620
2559 5460
2566 23960
2568 5460
2572 4520
2576 29480
2580 16900
2587 4560
2593 5460
2595 6020
2599 5360
2606 6620
2608 5360
2612 4560
2616 8680
2620 4040
2627 22420
2633 5360
2635 4440
2639 3560
2646 6200
2648 3560
2652 22420
2656 8900
2660 4860
2667 4260
2673 3560
2675 24200
2679 19800
2686 3880
2688 19800
2692 4260
2696 17660
2700 3960
2707 2900
2713 19800
2715 4460
2719 4620
2726 29140
2728 4620
2732 2900
2736 23900
2740 9480
2747 2140
2753 4620
2755 7180
2759 6020
2766 6260
2768 6020
2772 2140
2776 9220
2780 3640
2787 6780
2793 6020
2795 6540
2799 4440
2806 8280
2808 4440
2812 6780
2816 8000
2820 3340
2827 3220
2833 4440
2835 23960
2839 24200
2846 5580
2848 24200
2852 3220
2856 28520
2860 2500
2867 3660
2873 24200
2875 6620
2879 4460
2886 24420
2888 4460
2892 3660
2896 29220
2900 14200
2907 85500
2913 4460
2915 6200
2919 7180
2926 5740
2928 7180
2932 85500
2936 10160
2940 2680
2947 28540
2953 7180
2955 3880
2959 6540
2966 7460
2968 6540
2972 28540
2976 7980
2980 4400
2987 6020
2993 6540
2995 29140
