0 0
176 43240
216 16900
256 4040
296 4860
336 3960
358 43240
376 9480
398 16900
409 43240
416 3640
433 43240
438 4040
449 16900
456 3340
473 16900
478 4860
489 4040
496 2500
513 4040
518 3960
529 4860
536 14200
553 4860
558 9480
569 3960
576 2680
593 3960
598 3640
609 9480
616 4400
633 9480
638 3340
649 3640
656 3660
673 3640
678 2500
689 3340
696 25840
713 3340
718 14200
729 2500
736 5340
753 2500
758 2680
769 14200
776 6400
793 14200
798 4400
809 2680
816 3460
833 2680
838 3660
849 4400
856 21220
873 4400
878 25840
889 46900
896 4820
913 3660
918 5340
929 42740
936 4340
953 25840
958 6400
969 9380
972 43240
976 2680
993 5340
998 3460
1009 11260
1012 16900
1016 23880
1033 6400
1038 21220
1049 7420
1052 4040
1056 3760
1058 43240
1073 3460
1078 4820
1089 30700
1092 4860
1095 43240
1096 4520
1098 16900
1113 21220
1118 4340
1129 8460
1132 3960
1135 16900
1136 4560
1138 4040
1153 4820
1158 2680
1169 7680
1172 9480
1175 4040
1176 22420
1178 4860
1193 4340
1198 23880
1199 43240
1209 5180
1212 3640
1215 4860
1216 4260
1218 3960
1233 2680
1238 3760
1239 16900
1249 38080
1252 3340
1255 3960
1256 2900
1258 9480
1273 23880
1278 4520
1279 4040
1289 6440
1292 2500
1295 9480
1296 2140
1298 3640
1313 3760
1318 4560
1319 4860
1329 8920
1332 14200
1335 3640
1336 6780
1338 3340
1353 4520
1358 22420
1359 3960
1369 8220
1372 2680
1375 3340
1376 3220
1378 2500
1393 4560
1398 4260
1399 9480
1409 48260
1412 4400
1415 2500
1416 3660
1418 14200
1433 22420
1438 2900
1439 3640
1449 9600
1452 3660
1455 14200
1456 85500
1458 2680
1473 4260
1478 2140
1479 3340
1489 9300
1492 25840
1495 2680
1496 28540
1498 4400
1513 2900
1518 6780
1519 2500
1529 5600
1532 5340
1535 4400
1536 6020
1538 3660
1553 2140
1558 3220
1559 14200
1569 28000
1572 6400
1575 3660
1576 8580
1578 25840
1593 6780
1598 3660
1599 2680
1609 8040
1612 3460
1615 25840
1616 5100
1618 5340
1633 3220
1638 85500
1639 4400
1646 43240
1649 8000
1652 21220
1655 5340
1656 16740
1658 6400
1666 43240
1673 3660
1678 28540
1679 3660
1686 16900
1689 88180
1692 4820
1695 6400
1696 5460
1698 3460
1706 16900
1713 85500
1718 6020
1719 25840
1726 4040
1729 52420
1732 4340
1735 3460
1736 5360
1738 21220
1746 4040
1753 28540
1758 8580
1759 5340
1766 4860
1769 9780
1772 2680
1775 21220
1776 3560
1778 4820
1786 4860
1793 6020
1798 5100
1799 6400
1806 3960
1809 13100
1812 23880
1815 4820
1816 19800
1818 4340
1826 3960
1833 8580
1838 16740
1839 3460
1846 9480
1849 9660
1852 3760
1855 4340
1856 4620
1858 2680
1866 9480
1873 5100
1878 5460
1879 21220
1886 3640
1889 39160
1892 4520
1895 2680
1896 6020
1898 23880
1906 3640
1913 16740
1918 5360
1919 4820
1926 3340
1929 9720
1932 4560
1935 23880
1936 4440
1938 3760
1946 3340
1953 5460
1958 3560
1959 4340
1966 2500
1969 8260
1972 22420
1975 3760
1976 24200
1978 4520
1985 43240
1986 2500
1993 5360
1998 19800
1999 2680
2006 14200
2009 5700
2012 4260
2015 4520
2016 4460
2018 4560
2025 16900
2026 14200
2033 3560
2038 4620
2039 23880
2046 2680
2049 26580
2052 2900
2055 4560
2056 7180
2058 22420
2065 4040
2066 2680
2073 19800
2078 6020
2079 3760
2086 4400
2089 7840
2092 2140
2095 22420
2096 6540
2098 4260
2105 4860
2106 4400
2113 4620
2118 4440
2119 4520
2126 3660
2129 9680
2132 6780
2135 4260
2136 23960
2138 2900
2145 3960
2146 3660
2153 6020
2158 24200
2159 4560
2166 25840
2169 89940
2172 3220
2175 2900
2176 6620
2178 2140
2185 9480
2186 25840
2193 4440
2198 4460
2199 22420
2206 5340
2209 52740
2212 3660
2215 2140
2216 6200
2218 6780
2224 43240
2225 3640
2226 5340
2233 24200
2238 7180
2239 4260
2246 6400
2249 10480
2252 85500
2255 6780
2256 3880
2258 3220
2264 16900
2265 3340
2266 6400
2273 4460
2278 6540
2279 2900
2286 3460
2289 15760
2292 28540
2295 3220
2296 29140
2298 3660
2304 4040
2305 2500
2306 3460
2313 7180
2318 23960
2319 2140
2326 21220
2329 11640
2332 6020
2335 3660
2336 6260
2338 85500
2344 4860
2345 14200
2346 21220
2353 6540
2358 6620
2359 6780
2366 4820
2369 40700
2372 8580
2375 85500
2376 8280
2378 28540
2384 3960
2385 2680
2386 4820
2393 23960
2398 6200
2399 3220
2406 4340
2408 43240
2409 12080
2412 5100
2415 28540
2416 5580
2418 6020
2424 9480
2425 4400
2426 4340
2433 6620
2438 3880
2439 3660
2446 2680
2448 16900
2449 11560
2452 16740
2455 6020
2456 24420
2458 8580
2464 3640
2465 3660
2466 2680
2473 6200
2478 29140
2479 85500
2486 23880
2488 4040
2489 7440
2492 5460
2495 8580
2496 5740
2498 5100
2504 3340
2505 25840
2506 23880
2513 3880
2518 6260
2519 28540
2526 3760
2528 4860
2529 48940
2532 5360
2535 5100
2536 7460
2538 16740
2544 2500
2545 5340
2546 3760
2553 29140
2558 8280
2559 6020
2566 4520
2568 3960
2569 10880
2572 3560
2575 16740
2576 5040
2578 5460
2584 14200
2585 6400
2586 4520
2593 6260
2598 5580
2599 8580
2606 4560
2608 9480
2609 14300
2612 19800
2615 5460
2616 9180
2618 5360
2624 2680
2625 3460
2626 4560
2633 8280
2638 24420
2639 5100
2646 22420
2648 3640
2649 10020
2652 4620
2655 5360
2656 5140
2658 3560
2664 4400
2665 21220
2666 22420
2673 5580
2678 5740
2679 16740
2686 4260
2688 3340
2689 48620
2692 6020
2695 3560
2696 6380
2698 19800
2704 3660
2705 4820
2706 4260
2713 24420
2718 7460
2719 5460
2726 2900
2728 2500
2729 10200
2732 4440
2735 19800
2736 114340
2738 4620
2744 25840
2745 4340
2746 2900
2753 5740
2758 5040
2759 5360
2766 2140
2768 14200
2769 14640
2772 24200
2775 4620
2776 26100
2778 6020
2784 5340
2785 2680
2786 2140
2793 7460
2798 9180
2799 3560
2806 6780
2808 2680
2809 11580
2812 4460
2815 6020
2816 6000
2818 4440
2824 6400
2825 23880
2826 6780
2833 5040
2838 5140
2839 19800
2846 3220
2848 4400
2849 33140
2852 7180
2855 4440
2856 9080
2858 24200
2864 3460
2865 3760
2866 3220
2873 9180
2878 6380
2879 4620
2886 3660
2888 3660
2889 11760
2892 6540
2895 24200
2896 5860
2898 4460
2904 21220
2905 4520
2906 3660
2913 5140
2918 114340
2919 6020
2926 85500
2928 25840
2929 12580
2932 23960
2935 4460
2936 23580
2938 7180
2944 4820
2945 4560
2946 85500
2953 6380
2958 26100
2959 4440
2966 28540
2968 5340
2969 118220
2972 6620
2975 7180
2976 6480
2978 6540
2984 4340
2985 22420
2986 28540
2993 33055
