0 0
406 43240
446 16900
486 4040
526 4860
566 3960
606 9480
639 43240
646 3640
679 16900
686 3340
719 4040
726 2500
759 4860
766 14200
799 3960
806 2680
839 9480
846 4400
879 3640
886 3660
919 3340
926 25840
959 2500
966 5340
981 43240
999 14200
1001 43240
1006 6400
1021 16900
1039 2680
1041 16900
1046 3460
1061 4040
1079 4400
1081 4040
1086 21220
1101 4860
1119 3660
1121 4860
1125 43240
1126 4820
1141 3960
1159 25840
1161 3960
1165 16900
1166 4340
1181 9480
1199 5340
1201 9480
1205 4040
1206 2680
1221 3640
1239 6400
1241 3640
1245 4860
1246 23880
1261 3340
1279 3460
1281 3340
1285 3960
1286 3760
1301 2500
1319 21220
1321 2500
1325 9480
1326 4520
1341 14200
1359 4820
1361 14200
1365 3640
1366 4560
1381 2680
1399 4340
1401 2680
1405 3340
1406 22420
1421 4400
1439 2680
1441 4400
1445 2500
1446 4260
1461 3660
1479 23880
1481 3660
1485 14200
1486 2900
1501 25840
1519 3760
1521 25840
1525 2680
1526 2140
1541 5340
1559 4520
1561 5340
1565 4400
1566 6780
1581 6400
1599 4560
1601 6400
1605 3660
1606 3220
1621 3460
1639 22420
1641 3460
1645 25840
1646 3660
1661 21220
1679 4260
1681 21220
1685 5340
1686 85500
1701 4820
1719 2900
1721 4820
1725 6400
1726 28540
1741 4340
1759 2140
1761 4340
1765 3460
1766 6020
1781 2680
1799 6780
1801 2680
1805 21220
1806 8580
1821 23880
1839 3220
1841 23880
1845 4820
1846 5100
1861 3760
1879 3660
1881 3760
1885 4340
1886 16740
1901 4520
1919 85500
1921 4520
1925 2680
1926 5460
1941 4560
1956 43240
1959 28540
1961 4560
1965 23880
1966 5360
1981 22420
1996 16900
1999 6020
2001 22420
2005 3760
2006 3560
2021 4260
2036 4040
2039 8580
2041 4260
2045 4520
2046 19800
2061 2900
2076 4860
2079 5100
2081 2900
2085 4560
2086 4620
2101 2140
2116 3960
2119 16740
2121 2140
2125 22420
2126 6020
2141 6780
2156 9480
2159 5460
2161 6780
2165 4260
2166 4440
2181 3220
2196 3640
2199 5360
2201 3220
2205 2900
2206 24200
2221 3660
2236 3340
2239 3560
2241 3660
2245 2140
2246 4460
2261 85500
2276 2500
2279 19800
2281 85500
2285 6780
2286 7180
2301 28540
2316 14200
2319 4620
2321 28540
2325 3220
2326 6540
2341 6020
2356 2680
2359 6020
2361 6020
2365 3660
2366 23960
2381 8580
2382 43240
2396 4400
2399 4440
2401 8580
2405 85500
2406 6620
2421 5100
2422 16900
2436 3660
2439 24200
2441 5100
2445 28540
2446 6200
2461 16740
2462 4040
2476 25840
2479 47700
2481 16740
2485 6020
2486 3880
2495 43240
2501 5460
2502 4860
2516 5340
2519 24080
2521 5460
2525 8580
2526 29140
2535 16900
2541 5360
2542 3960
2556 6400
2559 10580
2561 5360
2565 5100
2566 6260
2575 4040
2581 3560
2582 9480
2596 3460
2599 28820
2601 3560
2605 16740
2606 8280
2615 4860
2621 19800
2622 3640
2636 21220
2639 10580
2641 19800
2645 5460
2646 5580
2655 3960
2661 4620
2662 3340
2676 4820
2679 15680
2681 4620
2685 5360
2686 24420
2695 9480
2701 6020
2702 2500
2716 4340
2719 7520
2721 6020
2725 3560
2726 5740
2735 3640
2741 4440
2742 14200
2756 2680
2759 32480
2761 4440
2765 19800
2766 7460
2775 3340
2781 24200
2782 2680
2796 23880
2799 8760
2801 24200
2805 4620
2806 5040
2815 2500
2821 4460
2822 4400
2836 3760
2839 22480
2841 4460
2845 6020
2846 9180
2855 14200
2861 7180
2862 3660
2876 4520
2879 8260
2881 7180
2885 4440
2886 5140
2895 2680
2901 6540
2902 25840
2916 4560
2919 28820
2921 6540
2925 24200
2926 6380
2935 4400
2941 23960
2942 5340
2956 22420
2959 9400
2961 23960
2965 4460
