0 0
616 43240
656 16900
696 4040
736 4860
776 3960
816 9480
856 3640
896 3340
936 2500
976 14200
1016 2680
1056 4400
1096 3660
1104 43240
1136 25840
1144 16900
1176 5340
1184 4040
1216 6400
1224 4860
1256 3460
1264 3960
1296 21220
1304 9480
1336 4820
1344 3640
1376 4340
1384 3340
1416 2680
1424 2500
1447 43240
1456 23880
1464 14200
1487 16900
1496 3760
1504 2680
1527 4040
1536 4520
1544 4400
1565 43240
1567 4860
1576 4560
1584 3660
1605 16900
1607 3960
1616 22420
1624 25840
1645 4040
1647 9480
1656 4260
1664 5340
1685 4860
1687 3640
1696 2900
1704 6400
1725 3960
1727 3340
1736 2140
1744 3460
1765 9480
1767 2500
1776 6780
1784 21220
1805 3640
1807 14200
1816 3220
1824 4820
1836 43240
1845 3340
1847 2680
1856 3660
1864 4340
1876 16900
1885 2500
1887 4400
1896 85500
1904 2680
1916 4040
1925 14200
1927 3660
1936 28540
1944 23880
1956 4860
1965 2680
1967 25840
1976 6020
1984 3760
1996 3960
2005 4400
2007 5340
2016 8580
2024 4520
2036 9480
2045 3660
2047 6400
2056 5100
2064 4560
2076 3640
2085 25840
2087 3460
2096 16740
2104 22420
2116 46580
2125 5340
2127 21220
2136 5460
2144 4260
2156 19400
2165 6400
2167 4820
2176 5360
2184 2900
2196 18240
2205 3460
2207 4340
2216 3560
2224 2140
2236 7540
2245 21220
2246 43240
2247 2680
2252 43240
2256 19800
2264 6780
2276 8360
2285 4820
2286 16900
2287 23880
2292 16900
2296 4620
2304 3220
2316 13140
2325 4340
2326 4040
2327 3760
2332 4040
2336 6020
2344 3660
2356 29480
2365 2680
2366 48100
2367 4520
2372 4860
2376 4440
2384 85500
2396 8680
2405 23880
2406 20860
2407 4560
2412 3960
2416 24200
2424 28540
2436 8900
2445 3760
2446 13520
2447 22420
2452 9480
2456 4460
2464 6020
2476 17660
2485 4520
2486 8500
2487 4260
2492 3640
2496 7180
2504 8580
2516 23900
2525 4560
2526 7300
2527 2900
2532 3340
2536 6540
2544 5100
2556 9220
2565 22420
2566 11980
2567 2140
2572 2500
2576 23960
2584 16740
2596 8000
2599 43240
2605 4260
2606 17840
2607 6780
2612 14200
2616 6620
2624 5460
2636 28520
2639 16900
2645 2900
2646 6020
2647 3220
2652 2680
2656 6200
2664 5360
2676 29220
2679 4040
2685 2140
2686 6900
2687 3660
2692 4400
2696 3880
2704 3560
2716 10160
2719 4860
2725 6780
2726 17860
2727 85500
2732 3660
2736 29140
2744 19800
2756 7980
2757 43240
2759 3960
2765 3220
2766 28520
2767 28540
2772 25840
2776 6260
2784 4620
2796 25780
2797 16900
2799 9480
2805 3660
2806 9740
2807 6020
2812 5340
2816 8280
2824 6020
2836 27240
2837 4040
2839 3640
2845 85500
2846 10060
2847 8580
2852 6400
2856 5580
2864 4440
2876 8600
2877 4860
2879 3340
2885 28540
2886 29300
2887 5100
2892 3460
2896 24420
2904 24200
2916 5580
2917 3960
2919 2500
2925 6020
2926 26560
2927 16740
2932 21220
2936 5740
2944 4460
2956 26020
2957 9480
2959 14200
2965 8580
2966 11220
2967 5460
2972 4820
2976 7460
2984 7180
2996 10540
2997 3640
