0 0
163 43240
203 16900
243 4040
283 4860
322 43240
323 3960
362 16900
363 9480
402 4040
403 3640
425 43240
442 4860
443 3340
465 16900
482 3960
483 2500
496 43240
505 4040
522 9480
523 14200
536 16900
545 4860
562 3640
563 2680
576 4040
585 3960
602 3340
603 4400
616 4860
625 9480
642 2500
643 3660
645 43240
656 3960
665 3640
682 14200
683 25840
685 16900
696 9480
705 3340
722 2680
723 5340
725 4040
736 3640
745 2500
762 4400
763 6400
765 4860
776 3340
785 14200
802 3660
803 3460
805 3960
816 2500
825 2680
842 25840
843 21220
845 9480
856 14200
865 4400
882 5340
883 4820
885 3640
887 43240
896 2680
905 3660
922 6400
923 4340
925 3340
927 16900
936 4400
945 25840
962 3460
963 2680
965 2500
967 4040
976 3660
985 5340
1002 21220
1003 23880
1005 14200
1007 4860
1016 25840
1025 6400
1042 4820
1043 3760
1045 2680
1047 3960
1056 5340
1065 3460
1082 4340
1083 4520
1085 4400
1087 9480
1096 6400
1105 21220
1122 2680
1123 4560
1125 3660
1127 3640
1136 3460
1145 4820
1162 23880
1163 22420
1165 25840
1167 3340
1176 21220
1185 4340
1202 3760
1203 4260
1205 5340
1207 2500
1216 4820
1225 2680
1242 4520
1243 2900
1245 6400
1247 14200
1256 4340
1265 23880
1282 4560
1283 2140
1285 3460
1287 2680
1296 2680
1305 3760
1322 22420
1323 6780
1325 21220
1327 4400
1336 23880
1345 4520
1362 4260
1363 3220
1365 4820
1367 3660
1376 3760
1385 4560
1402 2900
1403 3660
1405 4340
1407 25840
1416 4520
1425 22420
1442 2140
1443 85500
1445 2680
1447 5340
1456 4560
1465 4260
1482 6780
1483 28540
1485 23880
1487 6400
1496 22420
1505 2900
1522 3220
1523 6020
1525 3760
1527 3460
1536 4260
1545 2140
1562 3660
1563 8580
1565 4520
1567 21220
1572 43240
1576 2900
1585 6780
1602 85500
1603 5100
1605 4560
1607 4820
1612 16900
1616 2140
1625 3220
1642 28540
1643 16740
1645 22420
1647 4340
1652 4040
1656 6780
1665 3660
1682 6020
1683 5460
1685 4260
1687 2680
1692 4860
1696 3220
1705 85500
1715 43240
1722 8580
1723 5360
1725 2900
1727 23880
1732 3960
1736 3660
1745 28540
1755 16900
1762 5100
1763 3560
1765 2140
1767 3760
1772 9480
1776 85500
1785 6020
1795 4040
1802 16740
1803 19800
1805 6780
1807 4520
1812 3640
1816 28540
1825 8580
1835 4860
1842 5460
1843 4620
1845 3220
1846 43240
1847 4560
1852 3340
1856 6020
1865 5100
1875 3960
1882 5360
1883 6020
1885 3660
1886 16900
1887 22420
1892 2500
1896 8580
1905 16740
1915 9480
1922 3560
1923 4440
1925 85500
1926 4040
1927 4260
1932 14200
1936 5100
1945 5460
1955 3640
1962 19800
1963 24200
1965 28540
1966 4860
1967 2900
1972 2680
1976 16740
1985 5360
1995 3340
2002 4620
2003 4460
2005 6020
2006 3960
2007 2140
2012 4400
2016 5460
2025 3560
2035 2500
2042 6020
2043 7180
2045 8580
2046 9480
2047 6780
2052 3660
2056 5360
2065 19800
2075 14200
2082 4440
2083 6540
2085 5100
2086 3640
2087 3220
2092 25840
2096 3560
2105 4620
2115 2680
2122 24200
2123 23960
2125 16740
2126 3340
2127 3660
2132 5340
2136 19800
2145 6020
2155 4400
2162 4460
2163 6620
2165 5460
2166 2500
2167 85500
2172 6400
2176 4620
2185 4440
2195 3660
2202 7180
2203 6200
2205 5360
2206 14200
2207 28540
2212 3460
2216 6020
2225 24200
2235 25840
2242 6540
2243 3880
2245 3560
2246 2680
2247 6020
2248 43240
2252 21220
2256 4440
2265 4460
2275 5340
2282 23960
2283 29140
2285 19800
2286 4400
2287 8580
2288 16900
2292 4820
2296 24200
2305 7180
2315 6400
2322 6620
2323 6260
2325 4620
2326 3660
2327 5100
2328 4040
2332 4340
2336 4460
2345 6540
2355 3460
2362 6200
2363 8280
2365 6020
2366 25840
2367 16740
2368 4860
2372 2680
2376 7180
2385 23960
2395 21220
2402 3880
2403 5580
2405 4440
2406 5340
2407 5460
2408 3960
2412 23880
2416 6540
2425 6620
2435 4820
2442 29140
2443 24420
2445 24200
2446 6400
2447 5360
2448 9480
2452 3760
2456 23960
2465 6200
2475 4340
2477 43240
2482 6260
2483 5740
2485 4460
2486 3460
2487 3560
2488 3640
2492 4520
2496 6620
2505 3880
2515 2680
2517 16900
2522 8280
2523 7460
2525 7180
2526 21220
2527 19800
2528 3340
2532 4560
2536 6200
2545 29140
2555 23880
2557 4040
2562 5580
2563 5040
2565 6540
2566 4820
2567 4620
2568 2500
2572 22420
2576 3880
2585 6260
2595 3760
2597 4860
2602 24420
2603 9180
2605 23960
2606 4340
2607 6020
2608 14200
2612 4260
2616 29140
2625 8280
2635 4520
2637 3960
2642 5740
2643 5140
2645 6620
2646 2680
2647 4440
2648 2680
2652 2900
2656 6260
2665 5580
2675 4560
2677 9480
2682 7460
2683 6380
2685 6200
2686 23880
2687 24200
2688 4400
2692 2140
2696 8280
2705 24420
2715 22420
2717 3640
2722 5040
2723 114340
2725 3880
2726 3760
2727 4460
2728 3660
2732 6780
2736 5580
2745 5740
2755 4260
2757 3340
2762 9180
2763 26100
2765 29140
2766 4520
2767 7180
2768 25840
2772 3220
2776 24420
2785 7460
2795 2900
2797 2500
2802 5140
2803 6000
2805 6260
2806 4560
2807 6540
2808 5340
2812 3660
2816 5740
2825 5040
2835 2140
2837 14200
2842 6380
2843 9080
2845 8280
2846 22420
2847 23960
2848 6400
2852 85500
2856 7460
2865 9180
2875 6780
2877 2680
2882 114340
2883 5860
2885 5580
2886 4260
2887 6620
2888 3460
2892 28540
2896 5040
2905 5140
2915 3220
2917 4400
2922 26100
2923 23580
2925 24420
2926 2900
2927 6200
2928 21220
2932 6020
2936 9180
2945 6380
2955 3660
2957 3660
2962 6000
2963 6480
2965 5740
2966 2140
2967 3880
2968 4820
2972 8580
2976 5140
