0 0
405 43240
445 16900
479 43240
485 4040
492 43240
519 16900
525 4860
532 16900
559 4040
565 3960
572 4040
599 4860
605 9480
612 4860
639 3960
645 3640
652 3960
679 9480
685 3340
692 9480
719 3640
725 2500
732 3640
759 3340
765 14200
772 3340
799 2500
805 2680
812 2500
839 14200
845 4400
852 14200
879 2680
885 3660
892 2680
919 4400
921 43240
925 25840
932 4400
959 3660
961 16900
965 5340
969 43240
972 3660
985 43240
999 25840
1001 4040
1005 6400
1009 16900
1012 25840
1025 16900
1039 5340
1041 4860
1045 3460
1049 4040
1052 5340
1065 4040
1079 6400
1081 3960
1085 21220
1089 4860
1092 6400
1105 4860
1119 3460
1121 9480
1125 4820
1129 3960
1132 3460
1145 3960
1159 21220
1161 3640
1165 4340
1169 9480
1172 21220
1185 9480
1199 4820
1201 3340
1205 2680
1209 3640
1212 4820
1225 3640
1239 4340
1241 2500
1245 23880
1249 3340
1252 4340
1265 3340
1279 2680
1281 14200
1285 3760
1289 2500
1292 2680
1299 43240
1305 2500
1319 23880
1321 2680
1325 4520
1329 14200
1332 23880
1339 16900
1345 14200
1359 3760
1361 4400
1365 4560
1369 2680
1372 3760
1379 47280
1385 2680
1399 4520
1401 3660
1405 22420
1409 4400
1412 4520
1419 21760
1425 4400
1439 4560
1441 25840
1445 4260
1449 3660
1452 4560
1459 8000
1465 3660
1479 22420
1481 5340
1485 2900
1489 25840
1492 22420
1499 14340
1505 25840
1519 4260
1521 6400
1525 2140
1529 5340
1532 4260
1539 7600
1545 5340
1559 2900
1561 3460
1565 6780
1569 6400
1572 2900
1579 12820
1585 6400
1599 2140
1601 21220
1605 3220
1609 3460
1612 2140
1619 6140
1625 3460
1639 6780
1641 4820
1645 3660
1649 21220
1652 6780
1659 17540
1665 21220
1679 3220
1681 4340
1685 85500
1689 4820
1692 3220
1699 5180
1705 4820
1719 3660
1721 2680
1725 28540
1729 4340
1732 3660
1739 18600
1745 4340
1759 85500
1761 23880
1765 6020
1769 2680
1772 85500
1779 6340
1785 2680
1792 43240
1799 28540
1801 3760
1805 8580
1809 23880
1812 28540
1819 30240
1825 23880
1832 16900
1839 6020
1841 4520
1845 5100
1849 3760
1852 6020
1859 9000
1865 3760
1872 4040
1879 8580
1881 4560
1885 16740
1889 4520
1892 8580
1899 32240
1905 4520
1912 4860
1919 5100
1921 22420
1925 5460
1929 4560
1932 5100
1939 8800
1945 4560
1952 3960
1959 16740
1961 4260
1965 5360
1969 22420
1972 16740
1979 27620
1985 22420
1992 9480
1999 5460
2001 2900
2005 3560
2009 4260
2012 5460
2019 8280
2025 4260
2032 3640
2039 5360
2041 2140
2045 19800
2049 2900
2052 5360
2059 25560
2065 2900
2072 3340
2079 3560
2081 6780
2085 4620
2089 2140
2092 3560
2099 7500
2105 2140
2112 2500
2119 19800
2121 3220
2125 6020
2129 6780
2132 19800
2139 28220
2145 6780
2152 14200
2159 4620
2161 3660
2165 4440
2169 3220
2172 4620
2179 6440
2185 3220
2192 2680
2199 6020
2201 85500
2205 24200
2209 3660
2212 6020
2219 28400
2225 3660
2232 4400
2239 4440
2241 28540
2245 4460
2249 85500
2252 4440
2259 8320
2265 85500
2272 3660
2279 24200
2281 6020
2285 7180
2289 28540
2292 24200
2299 26940
2305 28540
2312 25840
2319 4460
2321 8580
2325 6540
2329 6020
2332 4460
2339 8820
2345 6020
2352 5340
2359 7180
2361 5100
2365 23960
2369 8580
2372 7180
2379 25320
2385 8580
2392 6400
2399 6540
2401 16740
2405 6620
2409 5100
2412 6540
2419 6400
2425 5100
2432 3460
2439 23960
2441 5460
2445 6200
2449 16740
2452 23960
2459 9680
2465 16740
2472 21220
2479 6620
2481 5360
2485 3880
2489 5460
2492 6620
2499 5360
2505 5460
2512 4820
2519 6200
2521 3560
2525 29140
2529 5360
2532 6200
2539 10440
2545 5360
2552 4340
2559 3880
2561 19800
2565 6260
2569 3560
2572 3880
2579 88720
2585 3560
2592 2680
2599 29140
2601 4620
2605 8280
2609 19800
2612 29140
2619 32200
2625 19800
2632 23880
2639 6260
2641 6020
2645 5580
2649 4620
2652 6260
2659 91520
2665 4620
2672 3760
2679 8280
2681 4440
2685 24420
2689 6020
2692 8280
2699 37120
2705 6020
2712 4520
2719 5580
2721 24200
2725 5740
2729 4440
2732 5580
2739 11120
2745 4440
2746 43240
2752 4560
2759 24420
2761 4460
2763 43240
2765 7460
2769 24200
2772 24420
2779 25320
2785 24200
2786 16900
2792 22420
2799 5740
2801 7180
2803 16900
2805 5040
2809 4460
2812 5740
2819 10560
2824 43240
2825 4460
2826 4040
2832 4260
2839 7460
2841 6540
2843 4040
2845 9180
2849 7180
2852 7460
2859 22100
2864 16900
2865 7180
2866 4860
2872 2900
2879 5040
2881 23960
2883 4860
2885 5140
2889 6540
2890 43240
2892 5040
2899 9020
2904 4040
2905 6540
2906 3960
2912 2140
2919 9180
2921 6620
2923 3960
2925 6380
2929 23960
2930 16900
2932 9180
2939 25160
2944 4860
2945 23960
2946 9480
2952 6780
2959 5140
2961 6200
2963 9480
2965 114340
2969 6620
2970 4040
2972 5140
2979 8180
2984 3960
