0 0
113 43240
153 16900
193 4040
233 4860
243 43240
273 3960
283 16900
313 9480
323 4040
353 3640
363 4860
390 43240
393 3340
403 3960
430 16900
433 2500
443 9480
470 4040
473 14200
483 3640
510 4860
513 2680
523 3340
536 43240
550 3960
553 4400
563 2500
576 16900
590 9480
593 3660
603 14200
616 4040
630 3640
633 25840
643 2680
656 4860
670 3340
673 5340
683 4400
696 3960
710 2500
713 6400
723 3660
736 9480
750 14200
753 3460
763 25840
776 3640
790 2680
793 21220
803 5340
816 3340
830 4400
833 4820
843 6400
856 2500
870 3660
873 4340
883 3460
896 14200
910 25840
913 2680
923 21220
936 2680
950 5340
953 23880
963 4820
976 4400
990 6400
993 3760
1003 4340
1016 3660
1030 3460
1033 4520
1043 2680
1056 25840
1070 21220
1073 4560
1083 23880
1096 5340
1110 4820
1113 22420
1123 3760
1136 6400
1150 4340
1153 4260
1163 4520
1176 3460
1190 2680
1193 2900
1203 4560
1216 21220
1230 23880
1233 2140
1243 22420
1256 4820
1270 3760
1273 6780
1283 4260
1296 4340
1297 43240
1310 4520
1313 3220
1323 2900
1336 2680
1337 16900
1350 4560
1353 3660
1363 2140
1376 23880
1377 4040
1390 22420
1393 85500
1403 6780
1416 3760
1417 4860
1430 4260
1433 28540
1443 3220
1456 4520
1457 3960
1470 2900
1473 6020
1483 3660
1496 4560
1497 9480
1510 2140
1513 8580
1523 85500
1536 22420
1537 3640
1550 6780
1553 5100
1563 28540
1576 4260
1577 3340
1590 3220
1593 16740
1603 6020
1616 2900
1617 2500
1630 3660
1633 5460
1643 8580
1656 2140
1657 14200
1670 85500
1673 5360
1683 5100
1696 6780
1697 2680
1710 28540
1713 3560
1723 16740
1736 3220
1737 4400
1750 6020
1753 19800
1763 5460
1776 3660
1777 3660
1790 8580
1793 4620
1803 5360
1816 85500
1817 25840
1830 5100
1833 6020
1843 3560
1856 28540
1857 5340
1870 16740
1873 4440
1883 19800
1884 43240
1896 6020
1897 6400
1910 5460
1913 24200
1923 4620
1924 16900
1936 8580
1937 3460
1950 5360
1953 4460
1963 6020
1964 4040
1976 5100
1977 21220
1990 3560
1993 7180
2003 4440
2004 4860
2016 16740
2017 4820
2030 19800
2033 6540
2043 24200
2044 3960
2056 5460
2057 4340
2070 4620
2073 23960
2083 4460
2084 9480
2096 5360
2097 2680
2110 6020
2113 6620
2123 7180
2124 3640
2130 43240
2136 3560
2137 23880
2150 4440
2153 6200
2163 6540
2164 3340
2170 16900
2174 43240
2176 19800
2177 3760
2190 24200
2193 3880
2203 23960
2204 2500
2210 4040
2214 16900
2216 4620
2217 4520
2230 4460
2233 29140
2243 6620
2244 14200
2250 4860
2254 4040
2256 6020
2257 4560
2270 7180
2273 6260
2283 6200
2284 2680
2290 3960
2294 4860
2296 4440
2297 22420
2310 6540
2313 8280
2323 3880
2324 4400
2330 9480
2334 3960
2336 24200
2337 4260
2349 43240
2350 23960
2353 5580
2363 29140
2364 3660
2370 3640
2374 9480
2376 4460
2377 2900
2389 16900
2390 6620
2393 24420
2401 43240
2403 6260
2404 25840
2410 3340
2414 3640
2416 7180
2417 2140
2429 4040
2430 6200
2431 43240
2433 5740
2441 16900
2443 8280
2444 5340
2448 43240
2450 2500
2454 3340
2456 6540
2457 6780
2469 4860
2470 3880
2471 16900
2473 7460
2481 4040
2483 5580
2484 6400
2488 16900
2490 14200
2494 2500
2496 23960
2497 3220
2509 3960
2510 29140
2511 4040
2513 5040
2521 4860
2523 24420
2524 3460
2528 4040
2530 2680
2534 14200
2536 6620
2537 3660
2549 9480
2550 6260
2551 4860
2553 9180
2561 3960
2563 5740
2564 21220
2568 4860
2570 4400
2574 2680
2576 6200
2577 85500
2589 3640
2590 8280
2591 3960
2593 5140
2601 9480
2603 7460
2604 4820
2608 3960
2610 3660
2614 4400
2616 3880
2617 28540
2629 3340
2630 5580
2631 9480
2633 6380
2641 3640
2643 5040
2644 4340
2648 9480
2650 25840
2654 3660
2656 29140
2657 6020
2669 2500
2670 24420
2671 3640
2673 114340
2681 3340
2683 9180
2684 2680
2688 3640
2690 5340
2694 25840
2696 6260
2697 8580
2709 14200
2710 5740
2711 3340
2713 26100
2721 2500
2723 5140
2724 23880
2728 3340
2730 6400
2734 5340
2736 8280
2737 5100
2749 2680
2750 7460
2751 2500
2753 6000
2761 14200
2763 6380
2764 3760
2768 2500
2770 3460
2774 6400
2776 5580
2777 16740
2789 4400
2790 5040
2791 14200
2793 9080
2801 2680
2803 114340
2804 4520
2808 14200
2810 21220
2814 3460
2816 24420
2817 5460
2829 3660
2830 9180
2831 2680
2833 5860
2841 4400
2843 26100
2844 4560
2848 2680
2850 4820
2854 21220
2856 5740
2857 5360
2869 25840
2870 5140
2871 4400
2873 23580
2881 3660
2883 6000
2884 22420
2888 4400
2890 4340
2894 4820
2896 7460
2897 3560
2909 5340
2910 6380
2911 3660
2913 6480
2921 25840
2923 9080
2924 4260
2928 3660
2930 2680
2934 4340
2936 5040
2937 19800
2949 6400
2950 114340
2951 25840
2953 9400
2961 5340
2963 5860
2964 2900
2968 25840
2970 23880
2974 2680
