0 0
303 43240
343 16900
383 4040
423 4860
434 43240
463 3960
474 16900
503 9480
514 4040
543 3640
554 4860
557 43240
583 3340
594 3960
597 16900
623 2500
634 9480
637 4040
663 14200
674 3640
677 4860
703 2680
714 3340
717 3960
743 4400
754 2500
757 9480
783 3660
794 14200
797 3640
823 25840
834 2680
837 3340
863 5340
868 43240
874 4400
877 2500
903 6400
908 16900
914 3660
917 14200
943 3460
948 4040
954 25840
957 2680
983 21220
988 4860
994 5340
997 4400
1023 4820
1028 3960
1034 6400
1037 3660
1063 4340
1068 9480
1074 3460
1077 25840
1103 2680
1108 3640
1114 21220
1117 5340
1127 43240
1143 23880
1148 3340
1154 4820
1157 6400
1167 16900
1183 3760
1188 2500
1194 4340
1197 3460
1207 4040
1223 4520
1228 14200
1234 2680
1237 21220
1247 4860
1263 4560
1268 2680
1274 23880
1277 4820
1287 3960
1303 22420
1308 4400
1314 3760
1317 4340
1327 9480
1343 4260
1348 3660
1354 4520
1357 2680
1367 3640
1383 2900
1388 25840
1394 4560
1397 23880
1407 3340
1423 2140
1428 5340
1434 22420
1437 3760
1443 43240
1447 2500
1463 6780
1468 6400
1474 4260
1477 4520
1483 16900
1487 14200
1489 43240
1503 3220
1508 3460
1514 2900
1517 4560
1523 4040
1527 2680
1529 16900
1543 3660
1548 21220
1554 2140
1557 22420
1563 4860
1567 4400
1569 4040
1583 85500
1588 4820
1594 6780
1597 4260
1603 3960
1607 3660
1609 4860
1623 28540
1628 4340
1634 3220
1637 2900
1643 9480
1647 25840
1649 3960
1663 6020
1668 2680
1673 43240
1674 3660
1677 2140
1683 3640
1687 5340
1689 9480
1703 8580
1708 23880
1713 16900
1714 85500
1717 6780
1723 3340
1727 6400
1729 3640
1743 5100
1748 3760
1753 4040
1754 28540
1757 3220
1763 2500
1767 3460
1769 3340
1783 16740
1788 4520
1793 4860
1794 6020
1797 3660
1803 14200
1807 21220
1809 2500
1823 5460
1828 4560
1833 3960
1834 8580
1837 85500
1843 2680
1847 4820
1849 14200
1863 5360
1868 22420
1873 9480
1874 5100
1877 28540
1883 4400
1887 4340
1889 2680
1903 3560
1908 4260
1913 3640
1914 16740
1917 6020
1923 3660
1927 2680
1929 4400
1943 19800
1948 2900
1953 3340
1954 5460
1957 8580
1963 25840
1967 23880
1969 3660
1983 4620
1988 2140
1993 2500
1994 5360
1997 5100
2003 5340
2007 3760
2009 25840
2023 6020
2028 6780
2033 14200
2034 3560
2037 16740
2043 6400
2047 4520
2049 5340
2063 4440
2068 3220
2073 2680
2074 19800
2077 5460
2083 3460
2087 4560
2089 6400
2103 24200
2108 3660
2113 4400
2114 4620
2117 5360
2123 21220
2127 22420
2129 3460
2143 4460
2148 85500
2153 3660
2154 6020
2157 3560
2163 4820
2167 4260
2169 21220
2183 7180
2188 28540
2193 25840
2194 4440
2197 19800
2203 4340
2207 2900
2209 4820
2223 6540
2228 6020
2233 5340
2234 24200
2237 4620
2243 2680
2247 2140
2249 4340
2263 23960
2268 8580
2273 6400
2274 4460
2277 6020
2283 23880
2287 6780
2289 2680
2303 6620
2308 5100
2313 3460
2314 7180
2317 4440
2323 3760
2327 3220
2329 23880
2343 6200
2348 16740
2353 21220
2354 6540
2357 24200
2363 4520
2367 3660
2369 3760
2383 3880
2388 5460
2393 48060
2394 23960
2397 4460
2403 4560
2407 85500
2409 4520
2423 29140
2428 5360
2433 21240
2434 6620
2437 7180
2443 22420
2447 28540
2449 4560
2463 6260
2468 3560
2473 6720
2474 6200
2477 6540
2483 4260
2487 6020
2489 22420
2503 8280
2508 19800
2513 28740
2514 3880
2517 23960
2523 2900
2527 8580
2529 4260
2543 5580
2548 4620
2553 7720
2554 29140
2557 6620
2563 2140
2567 5100
2569 2900
2583 24420
2588 6020
2593 14000
2594 6260
2597 6200
2603 6780
2607 16740
2609 2140
2623 5740
2628 4440
2633 8200
2634 8280
2637 3880
2643 3220
2647 5460
2649 6780
2663 7460
2668 24200
2673 25760
2674 5580
2677 29140
2683 3660
2687 5360
2689 3220
2703 5040
2708 4460
2713 6760
2714 24420
2717 6260
2723 85500
2727 3560
2729 3660
2743 9180
2748 7180
2753 17100
2754 5740
2757 8280
2763 28540
2767 19800
2769 85500
2783 5140
2788 6540
2793 4820
2794 7460
2797 5580
2803 6020
2807 4620
2809 28540
2823 6380
2828 23960
2833 11180
2834 5040
2837 24420
2843 8580
2845 43240
2847 6020
2849 6020
2863 114340
2868 6620
2873 6880
2874 9180
2877 5740
2883 5100
2885 16900
2887 4440
2889 8580
2903 26100
2908 6200
2913 72740
2914 5140
2917 7460
2923 16740
2925 4040
2927 24200
2929 5100
2943 6000
2948 3880
2953 107740
2954 6380
2957 5040
2963 5460
2964 43240
2965 4860
2967 4460
2969 16740
2983 9080
2988 29140
2993 38980
2994 74321
