0 0
586 43240
626 16900
666 4040
706 4860
746 3960
786 9480
826 3640
866 3340
906 2500
946 14200
986 2680
1026 4400
1066 3660
1106 25840
1146 5340
1186 6400
1226 3460
1266 21220
1269 43240
1306 4820
1309 16900
1346 4340
1349 4040
1386 2680
1389 4860
1426 23880
1429 3960
1466 3760
1469 9480
1506 4520
1509 3640
1546 47800
1549 3340
1586 39320
1589 2500
1626 8300
1629 14200
1666 7760
1669 2680
1706 6100
1709 4400
1746 16260
1749 3660
1786 6860
1789 25840
1826 7000
1829 5340
1866 88000
1869 6400
1906 42740
1909 3460
1946 8700
1949 21220
1961 43240
1986 12980
1989 4820
2001 16900
2026 8760
2029 4340
2031 43240
2041 4040
2066 42580
2069 2680
2071 16900
2076 43240
2081 4860
2106 10800
2109 23880
2111 4040
2116 16900
2121 3960
2146 11760
2149 3760
2151 4860
2156 4040
2161 9480
2186 7020
2189 4520
2191 3960
2196 4860
2201 3640
2226 41020
2229 4560
2231 9480
2236 3960
2241 3340
2266 9440
2269 22420
2271 3640
2276 9480
2281 2500
2306 10360
2309 4260
2311 3340
2316 3640
2321 14200
2346 7120
2349 2900
2351 2500
2356 3340
2361 2680
2386 48080
2389 2140
2391 14200
2396 2500
2401 4400
2426 8220
2429 6780
2431 2680
2436 14200
2441 3660
2466 11700
2469 3220
2471 4400
2476 2680
2481 25840
2506 11100
2509 3660
2511 3660
2516 4400
2521 5340
2539 43240
2546 46380
2549 85500
2551 25840
2556 3660
2561 6400
2579 16900
2586 10880
2589 28540
2591 5340
2596 25840
2601 3460
2619 4040
2626 9100
2629 6020
2631 6400
2636 5340
2641 21220
2643 43240
2659 4860
2666 6020
2669 8580
2671 3460
2676 6400
2681 4820
2683 16900
2699 3960
2706 35920
2709 5100
2711 21220
2716 3460
2721 4340
2723 4040
2739 9480
2746 9480
2749 16740
2751 4820
2756 21220
2761 2680
2763 4860
2779 3640
2786 11940
2789 5460
2791 4340
2796 4820
2801 23880
2803 3960
2819 3340
2826 91080
2829 5360
2831 2680
2836 4340
2841 3760
2843 9480
2859 2500
2866 52960
2869 3560
2871 23880
2876 2680
2881 4520
2883 3640
2899 14200
2906 11760
2909 19800
2911 3760
2916 23880
2921 4560
2923 3340
2939 2680
2943 43240
2946 16040
2949 4620
2951 4520
2956 3760
2961 22420
2963 2500
2979 4400
2983 16900
2986 7080
