0 0
567 43240
607 16900
647 4040
687 4860
727 3960
767 9480
807 3640
833 43240
847 3340
872 43240
873 16900
887 2500
912 16900
913 4040
927 14200
952 4040
953 4860
967 2680
991 43240
992 4860
993 3960
1007 4400
1031 16900
1032 3960
1033 9480
1047 3660
1071 4040
1072 9480
1073 3640
1087 25840
1111 4860
1112 3640
1113 3340
1127 5340
1151 3960
1152 3340
1153 2500
1167 6400
1191 9480
1192 2500
1193 14200
1207 3460
1221 43240
1231 3640
1232 14200
1233 2680
1247 21220
1261 16900
1271 3340
1272 2680
1273 4400
1287 4820
1300 43240
1301 4040
1311 2500
1312 4400
1313 3660
1327 4340
1329 43240
1340 16900
1341 4860
1351 14200
1352 3660
1353 25840
1367 2680
1369 16900
1380 4040
1381 3960
1391 2680
1392 25840
1393 5340
1407 23880
1409 4040
1420 4860
1421 9480
1431 4400
1432 5340
1433 6400
1447 3760
1449 4860
1452 43240
1460 3960
1461 3640
1471 3660
1472 6400
1473 3460
1487 4520
1489 3960
1492 16900
1499 43240
1500 9480
1501 3340
1511 25840
1512 3460
1513 21220
1527 4560
1529 9480
1532 4040
1539 16900
1540 3640
1541 2500
1551 5340
1552 21220
1553 4820
1567 22420
1569 3640
1572 4860
1579 4040
1580 3340
1581 14200
1591 6400
1592 4820
1593 4340
1607 4260
1609 3340
1612 3960
1619 4860
1620 2500
1621 2680
1631 3460
1632 4340
1633 2680
1647 2900
1649 2500
1652 9480
1659 3960
1660 14200
1661 4400
1671 21220
1672 2680
1673 23880
1687 2140
1689 14200
1692 3640
1699 9480
1700 2680
1701 3660
1711 4820
1712 23880
1713 3760
1727 6780
1729 2680
1732 3340
1739 3640
1740 4400
1741 25840
1751 4340
1752 3760
1753 4520
1767 3220
1769 4400
1772 2500
1779 3340
1780 3660
1781 5340
1791 2680
1792 4520
1793 4560
1807 3660
1809 3660
1812 14200
1819 2500
1820 25840
1821 6400
1831 23880
1832 4560
1833 22420
1847 85500
1849 25840
1852 2680
1859 14200
1860 5340
1861 3460
1871 3760
1872 22420
1873 4260
1887 28540
1889 5340
1892 4400
1899 2680
1900 6400
1901 21220
1911 4520
1912 4260
1913 2900
1927 6020
1929 6400
1932 3660
1939 4400
1940 3460
1941 4820
1951 4560
1952 2900
1953 2140
1967 8580
1969 3460
1972 25840
1979 3660
1980 21220
1981 4340
1991 22420
1992 2140
1993 6780
2007 5100
2009 21220
2012 5340
2019 25840
2020 4820
2021 2680
2031 4260
2032 6780
2033 3220
2047 16740
2049 4820
2052 6400
2059 5340
2060 4340
2061 23880
2071 2900
2072 3220
2073 3660
2087 5460
2089 4340
2092 3460
2099 6400
2100 2680
2101 3760
2111 2140
2112 3660
2113 85500
2127 5360
2129 2680
2132 21220
2139 3460
2140 23880
2141 4520
2151 6780
2152 85500
2153 28540
2167 3560
2169 23880
2172 4820
2179 21220
2180 3760
2181 4560
2191 3220
2192 28540
2193 6020
2207 19800
2209 3760
2212 4340
2219 4820
2220 4520
2221 22420
2231 3660
2232 6020
2233 8580
2247 4620
2249 4520
2252 2680
2259 4340
2260 4560
2261 4260
2271 85500
2272 8580
2273 5100
2287 6020
2289 4560
2292 23880
2299 2680
2300 22420
2301 2900
2311 28540
2312 5100
2313 16740
2327 4440
2329 22420
2332 3760
2339 23880
2340 4260
2341 2140
2351 6020
2352 16740
2353 5460
2367 24200
2369 4260
2372 4520
2379 3760
2380 2900
2381 6780
2391 8580
2392 5460
2393 5360
2407 4460
2409 2900
2412 4560
2419 4520
2420 2140
2421 3220
2431 5100
2432 5360
2433 3560
2447 7180
2449 2140
2452 22420
2459 4560
2460 6780
2461 3660
2471 16740
2472 3560
2473 19800
2487 6540
2489 6780
2492 4260
2499 22420
2500 3220
2501 85500
2511 5460
2512 19800
2513 4620
2527 23960
2529 3220
2532 2900
2539 4260
2540 3660
2541 28540
2551 5360
2552 4620
2553 6020
2567 6620
2569 3660
2572 2140
2579 2900
2580 85500
2581 6020
2591 3560
2592 6020
2593 4440
2607 6200
2609 85500
2612 6780
2619 2140
2620 28540
2621 8580
2631 19800
2632 4440
2633 24200
2647 3880
2649 28540
2652 3220
2659 6780
2660 6020
2661 5100
2671 4620
2672 24200
2673 4460
2687 29140
2689 6020
2692 3660
2699 3220
2700 8580
2701 16740
2711 6020
2712 4460
2713 7180
2727 6260
2729 8580
2732 85500
2739 3660
2740 5100
2741 5460
2751 4440
2752 7180
2753 6540
2767 8280
2769 5100
2772 28540
2779 85500
2780 16740
2781 5360
2791 24200
2792 6540
2793 23960
2807 5580
2809 16740
2812 49260
2819 28540
2820 5460
2821 3560
2831 4460
2832 23960
2833 6620
2847 24420
2849 5460
2852 25480
2859 6020
2860 5360
2861 19800
2871 7180
2872 6620
2873 6200
2887 5740
2889 5360
2892 9140
2899 8580
2900 3560
2901 4620
2911 6540
2912 6200
2913 3880
2927 7460
2929 3560
2932 21600
2939 5100
2940 19800
2941 6020
2951 23960
2952 3880
2953 29140
2967 5040
2969 19800
2972 9420
2979 1674
