0 0
226 43240
266 16900
306 4040
346 4860
386 3960
426 9480
466 3640
506 3340
546 2500
586 14200
592 43240
626 2680
632 16900
666 4400
672 4040
706 3660
712 4860
746 25840
752 3960
786 5340
792 9480
826 6400
832 3640
866 3460
872 3340
906 21220
912 2500
946 4820
952 14200
986 4340
992 2680
1026 2680
1032 4400
1066 23880
1072 3660
1106 3760
1112 25840
1126 43240
1146 4520
1152 5340
1166 16900
1186 4560
1192 6400
1206 4040
1226 22420
1232 3460
1246 4860
1265 43240
1266 4260
1272 21220
1286 3960
1305 16900
1306 2900
1312 4820
1326 9480
1345 4040
1346 2140
1352 4340
1366 3640
1385 4860
1386 6780
1392 2680
1406 3340
1425 3960
1426 3220
1432 23880
1446 2500
1463 43240
1465 9480
1466 3660
1472 3760
1486 14200
1503 16900
1505 3640
1506 85500
1512 4520
1526 2680
1543 4040
1545 3340
1546 28540
1552 4560
1566 4400
1583 4860
1585 2500
1586 6020
1592 22420
1606 3660
1613 43240
1623 3960
1625 14200
1626 8580
1632 4260
1646 25840
1653 16900
1663 9480
1665 2680
1666 5100
1672 2900
1684 43240
1686 5340
1693 4040
1703 3640
1705 4400
1706 16740
1712 2140
1724 16900
1726 6400
1733 4860
1743 3340
1745 3660
1746 5460
1752 6780
1764 4040
1766 3460
1773 3960
1783 2500
1785 25840
1786 5360
1792 3220
1804 4860
1806 21220
1813 9480
1823 14200
1825 5340
1826 3560
1832 3660
1844 3960
1846 4820
1853 3640
1863 2680
1865 6400
1866 19800
1872 85500
1884 9480
1886 4340
1893 3340
1903 4400
1905 3460
1906 4620
1912 28540
1924 3640
1926 2680
1933 2500
1943 3660
1945 21220
1946 6020
1952 6020
1964 3340
1966 23880
1973 14200
1983 25840
1985 4820
1986 4440
1992 8580
1993 43240
2004 2500
2006 3760
2013 2680
2023 5340
2025 4340
2026 24200
2032 5100
2033 16900
2044 14200
2046 4520
2053 4400
2063 6400
2065 2680
2066 4460
2072 16740
2073 4040
2084 2680
2086 4560
2093 3660
2103 3460
2105 23880
2106 7180
2112 5460
2113 4860
2124 4400
2126 22420
2133 25840
2143 21220
2145 3760
2146 6540
2152 5360
2153 3960
2159 43240
2164 3660
2166 4260
2173 5340
2183 4820
2185 4520
2186 23960
2192 3560
2193 9480
2199 16900
2204 25840
2206 2900
2213 6400
2223 4340
2225 4560
2226 6620
2232 19800
2233 3640
2239 4040
2244 5340
2246 2140
2253 3460
2263 2680
2265 22420
2266 6200
2272 4620
2273 3340
2279 4860
2284 6400
2286 6780
2293 21220
2303 23880
2305 4260
2306 3880
2312 6020
2313 2500
2319 3960
2324 3460
2326 3220
2333 4820
2343 3760
2345 2900
2346 29140
2352 4440
2353 14200
2359 9480
2364 21220
2366 3660
2373 4340
2383 4520
2385 2140
2386 6260
2392 24200
2393 2680
2399 3640
2404 4820
2406 85500
2413 2680
2423 4560
2425 6780
2426 8280
2432 4460
2433 4400
2439 3340
2444 4340
2446 28540
2453 23880
2463 22420
2465 3220
2466 5580
2472 7180
2473 3660
2479 2500
2484 2680
2486 6020
2493 3760
2503 4260
2505 3660
2506 24420
2512 6540
2513 25840
2519 14200
2524 23880
2526 8580
2533 4520
2543 2900
2545 85500
2546 5740
2552 23960
2553 5340
2559 2680
2564 3760
2566 5100
2573 4560
2583 45380
2585 28540
2586 7460
2592 6620
2593 6400
2599 4400
2604 4520
2606 16740
2613 22420
2623 23680
2625 6020
2626 5040
2632 6200
2633 3460
2639 3660
2644 4560
2646 5460
2653 4260
2663 7260
2665 8580
2666 9180
2672 3880
2673 21220
2679 25840
2684 22420
2686 5360
2693 2900
2703 8520
2705 5100
2706 5140
2712 29140
2713 4820
2719 5340
2724 4260
2726 3560
2733 2140
2743 89460
2745 16740
2746 6380
2752 6260
2753 4340
2759 6400
2764 2900
2766 19800
2773 6780
2783 38020
2785 5460
2786 114340
2792 8280
2793 2680
2799 3460
2804 2140
2806 4620
2813 3220
2823 9660
2825 5360
2826 26100
2832 5580
2833 23880
2839 21220
2844 6780
2846 6020
2853 3660
2863 11920
2865 3560
2866 6000
2872 24420
2873 3760
2879 4820
2884 3220
2886 4440
2893 85500
2903 7600
2905 19800
2906 9080
2912 5740
2913 4520
2919 4340
2924 3660
2926 24200
2933 28540
2943 30940
2945 4620
2946 5860
2952 7460
2953 4560
2959 2680
2964 85500
2966 4460
2973 6020
2983 8140
2985 6020
2986 23580
2992 5040
2993 22420
2999 14328
