0 0
282 43240
322 16900
362 4040
402 4860
442 3960
482 9480
522 3640
562 3340
602 2500
642 14200
682 2680
722 4400
762 3660
802 25840
842 5340
882 6400
892 43240
922 3460
932 16900
962 21220
972 4040
1002 4820
1012 4860
1042 4340
1052 3960
1082 2680
1092 9480
1122 23880
1132 3640
1162 3760
1172 3340
1202 4520
1212 2500
1242 4560
1252 14200
1253 43240
1282 22420
1292 2680
1293 16900
1318 43240
1322 4260
1332 4400
1333 4040
1358 16900
1362 2900
1372 3660
1373 4860
1398 4040
1402 2140
1412 25840
1413 3960
1438 4860
1442 6780
1452 5340
1453 9480
1478 3960
1482 3220
1492 6400
1493 3640
1518 9480
1522 3660
1532 3460
1533 3340
1558 3640
1562 85500
1572 21220
1573 2500
1598 3340
1602 28540
1612 4820
1613 14200
1638 2500
1642 6020
1652 4340
1653 2680
1678 14200
1682 8580
1692 2680
1693 4400
1708 43240
1718 2680
1722 5100
1732 23880
1733 3660
1739 43240
1748 16900
1758 4400
1762 16740
1772 3760
1773 69080
1779 16900
1788 4040
1798 3660
1802 5460
1812 4520
1813 22240
1819 4040
1828 4860
1838 25840
1842 5360
1852 4560
1853 10440
1859 4860
1868 3960
1878 5340
1882 3560
1892 22420
1893 8320
1899 3960
1908 9480
1918 6400
1922 19800
1932 4260
1933 25180
1939 9480
1948 3640
1956 43240
1958 3460
1962 4620
1972 2900
1973 14300
1979 3640
1988 3340
1996 16900
1998 21220
2002 6020
2012 2140
2013 7980
2019 3340
2028 2500
2036 4040
2038 4820
2042 4440
2052 6780
2053 6020
2059 2500
2068 14200
2076 4860
2078 4340
2082 24200
2092 3220
2093 26380
2096 43240
2099 14200
2108 2680
2116 3960
2118 2680
2122 4460
2132 3660
2133 17960
2136 16900
2139 2680
2148 4400
2156 9480
2158 23880
2162 7180
2172 85500
2173 7200
2176 4040
2179 4400
2188 3660
2196 3640
2198 47000
2202 6540
2212 28540
2213 8960
2216 4860
2219 3660
2228 25840
2236 3340
2238 21420
2242 23960
2252 6020
2253 26080
2256 3960
2259 25840
2268 5340
2276 2500
2278 8600
2282 6620
2292 8580
2293 30100
2296 9480
2299 5340
2308 6400
2316 14200
2318 27280
2322 6200
2332 5100
2333 8240
2336 3640
2339 6400
2346 43240
2348 3460
2356 2680
2358 8220
2362 3880
2372 16740
2373 8540
2376 3340
2379 3460
2386 16900
2388 21220
2396 4400
2398 12380
2402 29140
2412 5460
2413 10240
2416 2500
2419 21220
2426 4040
2428 4820
2436 3660
2438 5780
2442 6260
2452 5360
2453 24440
2456 14200
2459 4820
2466 4860
2468 4340
2476 25840
2478 10120
2482 8280
2492 3560
2493 8480
2496 2680
2499 4340
2506 3960
2508 2680
2516 5340
2518 5720
2522 5580
2532 19800
2533 89840
2536 4400
2539 2680
2546 9480
2548 23880
2556 6400
2558 17860
2562 24420
2572 4620
2573 31220
2576 3660
2579 23880
2586 3640
2588 3760
2596 3460
2598 88180
2602 5740
2612 6020
2613 29900
2616 25840
2619 3760
2626 3340
2628 4520
2636 21220
2638 32940
2642 7460
2652 4440
2653 12340
2656 5340
2659 4520
2666 2500
2668 4560
2676 4820
2678 9680
2682 5040
2692 24200
2693 9620
2696 6400
2699 4560
2706 14200
2708 22420
2716 4340
2718 34420
2722 9180
2732 4460
2733 21300
2736 3460
2739 22420
2746 2680
2748 4260
2756 2680
2758 10440
2762 5140
2772 7180
2773 27880
2776 21220
2779 4260
2786 4400
2788 2900
2796 23880
2798 23140
2802 6380
2812 6540
2813 9620
2816 4820
2819 2900
2826 3660
2828 2140
2836 3760
2838 8920
2842 114340
2852 23960
2853 6460
2856 4340
2859 2140
2866 25840
2868 6780
2876 4520
2878 26580
2882 26100
2892 6620
2893 21940
2896 2680
2899 6780
2906 5340
2908 3220
2916 4560
2918 8380
2922 6000
2932 6200
2933 11400
2936 23880
2939 3220
2946 6400
2948 3660
2956 22420
2958 24140
2962 9080
2972 3880
2973 9240
2976 3760
2979 3660
2986 3460
2988 85500
2996 4260
