0 0
280 43240
320 16900
360 4040
400 4860
440 3960
480 9480
520 3640
560 3340
600 2500
640 14200
680 2680
720 4400
760 3660
800 25840
840 5340
880 6400
920 3460
960 21220
1000 4820
1040 4340
1080 2680
1120 23880
1160 3760
1198 43240
1200 4520
1238 16900
1240 4560
1278 4040
1280 22420
1318 4860
1320 4260
1358 3960
1360 2900
1398 9480
1400 2140
1438 3640
1440 6780
1478 3340
1480 3220
1518 2500
1520 3660
1558 14200
1560 85500
1583 43240
1598 2680
1600 28540
1623 16900
1638 4400
1640 6020
1663 4040
1678 3660
1680 8580
1703 4860
1718 25840
1720 5100
1743 3960
1758 5340
1760 16740
1783 9480
1798 6400
1800 5460
1823 46880
1838 3460
1840 5360
1863 20240
1878 21220
1880 3560
1903 6540
1918 4820
1920 19800
1943 19060
1958 4340
1960 4620
1983 6640
1998 2680
2000 6020
2023 13880
2038 23880
2040 4440
2063 7300
2078 3760
2080 24200
2103 29180
2118 4520
2120 4460
2143 7840
2158 4560
2159 43240
2160 7180
2183 20600
2198 22420
2199 16900
2200 6540
2223 6140
2238 4260
2239 4040
2240 23960
2255 43240
2263 25620
2278 2900
2279 4860
2280 6620
2295 16900
2303 8480
2318 2140
2319 3960
2320 6200
2335 4040
2343 30180
2358 6780
2359 9480
2360 3880
2375 4860
2383 8020
2398 3220
2399 3640
2400 29140
2415 3960
2423 30280
2438 3660
2439 3340
2440 6260
2455 9480
2463 7220
2478 128740
2479 2500
2480 8280
2495 3640
2503 25740
2518 45440
2519 14200
2520 5580
2535 3340
2543 9380
2558 10060
2559 2680
2560 24420
2575 2500
2583 26760
2598 13440
2599 4400
2600 5740
2615 14200
2623 6940
2638 9060
2639 3660
2640 7460
2655 2680
2663 26780
2678 26220
2679 25840
2680 5040
2695 4400
2703 5900
2718 9100
2719 5340
2720 9180
2735 3660
2742 43240
2743 11300
2758 8700
2759 6400
2760 5140
2775 25840
2782 16900
2783 7780
2798 6060
2799 3460
2800 6380
2815 5340
2822 4040
2823 26080
2838 34000
2839 21220
2840 114340
2855 6400
2862 4860
2863 89760
2878 7300
2879 4820
2880 26100
2895 3460
2902 3960
2903 31440
2918 10420
2919 4340
2920 6000
2935 21220
2942 9480
2943 8160
2958 8100
2959 2680
2960 9080
2975 4820
2976 43240
2982 3640
2983 15360
2998 8470
