0 0
189 43240
229 16900
269 4040
309 4860
349 3960
389 9480
429 3640
469 3340
509 2500
549 14200
578 43240
589 2680
618 16900
629 4400
658 4040
669 3660
698 4860
709 25840
738 3960
749 5340
778 9480
789 6400
818 3640
829 3460
858 3340
869 21220
898 2500
909 4820
938 14200
949 4340
978 2680
979 43240
989 2680
1018 4400
1019 16900
1029 23880
1058 3660
1059 4040
1069 3760
1098 25840
1099 4860
1109 4520
1138 5340
1139 3960
1149 4560
1164 43240
1178 6400
1179 9480
1189 22420
1204 16900
1218 3460
1219 3640
1229 4260
1244 4040
1258 21220
1259 3340
1269 2900
1284 4860
1298 4820
1299 2500
1309 2140
1324 3960
1338 4340
1339 14200
1349 6780
1364 9480
1378 2680
1379 2680
1389 3220
1404 3640
1418 23880
1419 4400
1429 3660
1444 3340
1458 3760
1459 3660
1469 85500
1484 2500
1498 4520
1499 25840
1509 28540
1524 14200
1538 4560
1539 5340
1549 6020
1564 2680
1578 22420
1579 6400
1589 8580
1604 4400
1618 4260
1619 3460
1621 43240
1622 43240
1629 5100
1644 3660
1658 2900
1659 21220
1661 16900
1662 16900
1669 16740
1684 25840
1698 2140
1699 4820
1701 4040
1702 4040
1709 5460
1724 5340
1738 6780
1739 4340
1741 4860
1742 4860
1749 5360
1764 6400
1778 3220
1779 2680
1781 3960
1782 3960
1789 3560
1804 3460
1818 3660
1819 23880
1821 9480
1822 9480
1829 19800
1844 21220
1858 85500
1859 3760
1861 3640
1862 3640
1869 4620
1884 4820
1898 28540
1899 4520
1901 3340
1902 3340
1909 6020
1924 4340
1938 6020
1939 4560
1941 2500
1942 2500
1949 4440
1964 2680
1978 8580
1979 22420
1981 14200
1982 14200
1989 24200
2004 23880
2018 5100
2019 4260
2021 2680
2022 2680
2029 4460
2044 3760
2058 16740
2059 2900
2061 4400
2062 4400
2069 7180
2084 4520
2098 5460
2099 2140
2101 3660
2102 3660
2109 6540
2124 4560
2138 5360
2139 6780
2141 25840
2142 25840
2149 23960
2164 22420
2178 3560
2179 3220
2181 5340
2182 5340
2189 6620
2204 4260
2218 19800
2219 3660
2221 6400
2222 6400
2229 6200
2244 46140
2258 4620
2259 85500
2261 3460
2262 3460
2269 3880
2284 19040
2298 6020
2299 28540
2301 21220
2302 21220
2309 29140
2324 10820
2338 4440
2339 6020
2341 4820
2342 4820
2349 6260
2364 8080
2378 24200
2379 8580
2381 4340
2382 4340
2389 8280
2404 7620
2418 4460
2419 5100
2421 2680
2422 2680
2429 5580
2444 94980
2458 7180
2459 16740
2461 23880
2462 23880
2469 24420
2484 32180
2498 6540
2499 5460
2501 3760
2502 3760
2508 43240
2509 5740
2524 9360
2538 23960
2539 5360
2541 4520
2542 4520
2548 16900
2549 7460
2564 11080
2578 6620
2579 3560
2581 4560
2582 4560
2588 4040
2589 5040
2604 19300
2618 6200
2619 19800
2621 22420
2622 22420
2628 4860
2629 9180
2644 19420
2658 3880
2659 4620
2661 4260
2662 4260
2668 3960
2669 5140
2684 9860
2698 29140
2699 6020
2701 2900
2702 2900
2708 9480
2709 6380
2724 9020
2727 43240
2738 6260
2739 4440
2741 2140
2742 2140
2748 3640
2749 114340
2764 29400
2767 16900
2778 8280
2779 24200
2781 6780
2782 6780
2788 3340
2789 26100
2804 25140
2807 4040
2818 5580
2819 4460
2821 3220
2822 3220
2828 2500
2829 6000
2844 11020
2847 4860
2858 24420
2859 7180
2861 3660
2862 3660
2868 14200
2869 9080
2884 9480
2887 3960
2898 5740
2899 6540
2901 85500
2902 85500
2908 2680
2909 5860
2924 25660
2927 9480
2938 7460
2939 23960
2941 28540
2942 28540
2948 4400
2949 23580
2964 29020
2967 3640
2978 5040
2979 6620
2981 6020
2982 6020
2988 1647
