0 0
341 43240
381 16900
421 4040
461 4860
501 3960
541 9480
581 3640
621 3340
661 2500
701 14200
702 43240
741 2680
742 16900
781 4400
782 4040
821 3660
822 4860
861 25840
862 3960
901 5340
902 9480
941 6400
942 3640
981 3460
982 3340
1011 43240
1021 21220
1022 2500
1051 16900
1053 43240
1061 4820
1062 14200
1091 4040
1093 16900
1101 4340
1102 2680
1131 4860
1133 4040
1141 2680
1142 4400
1152 43240
1171 3960
1173 4860
1181 23880
1182 3660
1192 16900
1211 9480
1213 3960
1221 3760
1222 25840
1232 4040
1251 3640
1253 9480
1261 4520
1262 5340
1272 4860
1291 3340
1293 3640
1301 4560
1302 6400
1312 3960
1331 2500
1333 3340
1341 22420
1342 3460
1352 9480
1371 14200
1373 2500
1381 4260
1382 21220
1392 3640
1411 2680
1413 14200
1421 2900
1422 4820
1432 3340
1451 4400
1453 2680
1461 2140
1462 4340
1472 2500
1491 3660
1493 4400
1501 6780
1502 2680
1512 14200
1531 25840
1533 3660
1541 3220
1542 23880
1552 2680
1571 5340
1573 25840
1581 3660
1582 3760
1590 43240
1592 4400
1611 6400
1613 5340
1621 85500
1622 4520
1630 16900
1632 3660
1651 3460
1653 6400
1661 28540
1662 4560
1668 43240
1670 4040
1672 25840
1691 21220
1693 3460
1701 6020
1702 22420
1708 16900
1710 4860
1712 5340
1731 4820
1733 21220
1741 8580
1742 4260
1748 4040
1750 3960
1752 6400
1771 4340
1773 4820
1781 5100
1782 2900
1788 4860
1790 9480
1792 3460
1811 2680
1813 4340
1821 16740
1822 2140
1828 3960
1830 3640
1832 21220
1851 23880
1853 2680
1861 5460
1862 6780
1868 9480
1870 3340
1872 4820
1891 3760
1893 23880
1901 5360
1902 3220
1908 3640
1910 2500
1912 4340
1931 4520
1933 3760
1941 3560
1942 3660
1948 3340
1950 14200
1952 2680
1959 43240
1971 4560
1973 4520
1981 19800
1982 85500
1988 2500
1990 2680
1992 23880
1999 16900
2011 22420
2013 4560
2021 4620
2022 28540
2028 14200
2030 4400
2032 3760
2039 4040
2051 4260
2053 22420
2061 6020
2062 6020
2068 2680
2070 3660
2072 4520
2079 4860
2082 43240
2091 2900
2093 4260
2101 4440
2102 8580
2108 4400
2110 25840
2112 4560
2119 3960
2122 16900
2131 2140
2133 2900
2141 24200
2142 5100
2148 3660
2150 5340
2152 22420
2159 9480
2162 4040
2171 6780
2173 2140
2181 4460
2182 16740
2188 25840
2190 6400
2192 4260
2199 3640
2202 4860
2211 3220
2213 6780
2221 7180
2222 5460
2226 43240
2228 5340
2230 3460
2232 2900
2239 3340
2242 3960
2251 3660
2253 3220
2261 6540
2262 5360
2266 16900
2268 6400
2270 21220
2272 2140
2279 2500
2282 9480
2291 85500
2293 3660
2301 23960
2302 3560
2306 4040
2308 3460
2310 4820
2312 6780
2319 14200
2322 3640
2331 28540
2333 85500
2341 6620
2342 19800
2346 4860
2348 21220
2350 4340
2352 3220
2359 2680
2362 3340
2371 6020
2373 28540
2381 6200
2382 4620
2386 3960
2388 4820
2390 2680
2392 3660
2399 4400
2402 2500
2411 8580
2413 6020
2421 3880
2422 6020
2426 9480
2428 4340
2430 23880
2432 85500
2439 3660
2442 14200
2451 5100
2453 8580
2461 29140
2462 4440
2466 3640
2468 2680
2470 3760
2472 28540
2479 25840
2482 2680
2491 16740
2493 5100
2501 6260
2502 24200
2506 3340
2508 23880
2510 4520
2512 6020
2519 5340
2522 4400
2531 5460
2533 16740
2541 8280
2542 4460
2546 2500
2548 3760
2550 4560
2552 8580
2559 6400
2562 3660
2571 5360
2573 5460
2581 5580
2582 7180
2586 14200
2588 4520
2590 22420
2592 5100
2599 3460
2602 25840
2611 3560
2613 5360
2621 24420
2622 6540
2626 2680
2628 4560
2630 4260
2632 16740
2639 21220
2642 5340
2651 19800
2653 3560
2661 5740
2662 23960
2666 4400
2668 22420
2670 2900
2672 48700
2679 4820
2682 6400
2691 4620
2693 19800
2701 7460
2702 6620
2706 3660
2708 4260
2710 2140
2712 22260
2719 4340
2722 3460
2731 6020
2733 4620
2741 5040
2742 6200
2746 25840
2748 2900
2750 6780
2752 7600
2759 2680
2762 21220
2771 4440
2773 6020
2781 9180
2782 3880
2786 5340
2788 2140
2790 3220
2792 24660
2799 23880
2802 4820
2811 24200
2813 4440
2821 5140
2822 29140
2826 6400
2828 6780
2830 3660
2832 8580
2839 3760
2842 4340
2851 4460
2853 24200
2861 6380
2862 6260
2866 3460
2868 3220
2870 85500
2872 15500
2879 4520
2882 2680
2891 7180
2893 4460
2901 114340
2902 8280
2906 21220
2908 3660
2910 28540
2912 8080
2919 4560
2922 23880
2931 6540
2933 7180
2941 26100
2942 5580
2946 4820
2948 85500
2950 6020
2952 27540
2959 22420
2962 3760
2971 23960
2973 6540
2981 6000
2982 13431
