0 0
1147 43240
1187 16900
1227 4040
1267 4860
1307 3960
1347 9480
1387 3640
1427 3340
1467 2500
1485 43240
1507 14200
1525 16900
1547 2680
1565 4040
1572 43240
1587 4400
1605 4860
1612 16900
1627 3660
1645 3960
1650 43240
1652 4040
1667 25840
1685 9480
1690 16900
1692 4860
1707 5340
1725 3640
1730 4040
1732 3960
1747 6400
1765 3340
1770 4860
1772 9480
1787 3460
1805 2500
1810 3960
1812 3640
1827 21220
1845 14200
1850 9480
1852 3340
1867 4820
1885 2680
1890 3640
1892 2500
1907 4340
1925 4400
1930 3340
1932 14200
1947 2680
1965 3660
1967 43240
1970 2500
1972 2680
1987 23880
2005 25840
2007 16900
2010 14200
2012 4400
2027 3760
2045 5340
2047 4040
2050 2680
2052 3660
2067 4520
2085 6400
2087 4860
2090 4400
2092 25840
2107 4560
2125 3460
2127 3960
2130 3660
2132 5340
2147 22420
2165 21220
2167 9480
2170 25840
2172 6400
2187 4260
2205 4820
2207 3640
2210 5340
2212 3460
2227 2900
2245 4340
2247 3340
2250 6400
2252 21220
2267 2140
2285 2680
2287 2500
2290 3460
2292 4820
2301 43240
2307 6780
2325 23880
2327 14200
2330 21220
2332 4340
2341 16900
2347 3220
2365 3760
2367 2680
2370 4820
2372 2680
2381 4040
2387 3660
2405 4520
2407 4400
2410 4340
2412 23880
2421 4860
2427 85500
2445 4560
2447 3660
2450 2680
2452 3760
2461 3960
2467 28540
2479 43240
2485 22420
2487 25840
2490 23880
2492 4520
2501 9480
2507 6020
2519 16900
2525 4260
2527 5340
2530 3760
2532 4560
2541 3640
2547 8580
2559 4040
2565 2900
2567 6400
2570 4520
2572 22420
2581 3340
2587 5100
2599 4860
2605 2140
2607 3460
2610 4560
2612 4260
2621 2500
2627 16740
2639 3960
2645 6780
2647 21220
2650 22420
2652 2900
2661 14200
2667 5460
2679 9480
2685 3220
2687 4820
2690 4260
2692 2140
2701 2680
2707 5360
2719 3640
2725 3660
2727 4340
2730 2900
2732 6780
2741 4400
2747 3560
2759 3340
2765 85500
2767 2680
2770 2140
2772 3220
2781 3660
2787 19800
2799 2500
2805 28540
2807 23880
2808 43240
2810 6780
2812 3660
2821 25840
2827 4620
2839 14200
2845 6020
2847 3760
2848 16900
2850 3220
2852 128740
2861 5340
2867 6020
2879 2680
2885 8580
2887 4520
2888 4040
2890 3660
2892 45440
2901 6400
2907 4440
2918 43240
2919 4400
2925 5100
2927 4560
2928 4860
2930 85500
2932 10060
2941 3460
2947 24200
2958 16900
2959 3660
2965 16740
2967 22420
2968 3960
2970 28540
2972 1458
