0 0
467 43240
490 43240
507 16900
530 16900
547 4040
565 43240
570 4040
587 4860
605 16900
610 4860
627 3960
645 4040
650 3960
667 9480
685 4860
690 9480
707 3640
725 3960
730 3640
747 3340
765 9480
770 3340
787 2500
805 3640
810 2500
827 14200
845 3340
850 14200
851 43240
853 43240
867 2680
885 2500
890 2680
891 16900
893 16900
907 4400
925 14200
930 4400
931 4040
933 4040
947 3660
965 2680
970 3660
971 4860
973 4860
987 25840
1005 4400
1010 25840
1011 3960
1013 3960
1027 5340
1045 3660
1050 5340
1051 9480
1053 9480
1067 6400
1085 25840
1090 6400
1091 3640
1093 3640
1107 3460
1125 5340
1130 3460
1131 3340
1133 3340
1147 21220
1165 6400
1170 21220
1171 2500
1173 2500
1187 4820
1205 3460
1210 4820
1211 14200
1213 14200
1227 4340
1245 21220
1250 4340
1251 2680
1253 2680
1267 2680
1285 4820
1290 2680
1291 4400
1293 4400
1307 23880
1325 4340
1327 43240
1330 23880
1331 3660
1333 3660
1347 3760
1365 2680
1367 16900
1370 3760
1371 25840
1373 25840
1387 4520
1391 43240
1405 23880
1407 4040
1410 4520
1411 5340
1413 5340
1417 43240
1427 4560
1431 16900
1445 3760
1447 4860
1450 4560
1451 6400
1453 6400
1457 16900
1467 22420
1471 4040
1485 4520
1487 3960
1490 22420
1491 3460
1493 3460
1497 4040
1507 4260
1511 4860
1525 4560
1527 9480
1530 4260
1531 21220
1533 21220
1537 4860
1547 2900
1551 3960
1565 22420
1567 3640
1570 2900
1571 4820
1573 4820
1577 3960
1587 2140
1591 9480
1605 4260
1607 3340
1610 2140
1611 4340
1613 4340
1617 9480
1627 6780
1631 3640
1645 2900
1647 2500
1650 6780
1651 2680
1653 2680
1657 3640
1667 3220
1671 3340
1685 2140
1687 14200
1690 3220
1691 23880
1693 23880
1697 3340
1707 3660
1711 2500
1725 6780
1727 2680
1730 3660
1731 3760
1733 3760
1737 2500
1747 85500
1751 14200
1765 3220
1767 4400
1770 85500
1771 4520
1773 4520
1777 14200
1787 28540
1791 2680
1805 3660
1807 3660
1810 28540
1811 4560
1813 4560
1817 2680
1827 6020
1831 4400
1845 85500
1847 25840
1850 6020
1851 22420
1853 22420
1857 4400
1867 8580
1871 3660
1885 28540
1887 5340
1890 8580
1891 4260
1893 4260
1897 3660
1907 5100
1911 25840
1925 6020
1927 6400
1930 5100
1931 2900
1933 2900
1937 25840
1947 16740
1951 5340
1965 8580
1967 3460
1970 16740
1971 2140
1973 2140
1977 5340
1987 5460
1991 6400
2005 5100
2007 21220
2010 5460
2011 6780
2013 6780
2017 6400
2027 5360
2031 3460
2045 16740
2047 4820
2050 5360
2051 3220
2053 3220
2057 3460
2067 3560
2071 21220
2085 5460
2087 4340
2090 3560
2091 3660
2093 3660
2097 21220
2107 19800
2111 4820
2125 5360
2127 2680
2130 19800
2131 85500
2133 85500
2137 4820
2147 4620
2151 4340
2165 3560
2167 23880
2170 4620
2171 28540
2173 28540
2177 4340
2187 6020
2191 2680
2205 19800
2207 3760
2210 6020
2211 6020
2213 6020
2217 2680
2227 4440
2231 23880
2245 4620
2247 4520
2250 4440
2251 8580
2253 8580
2257 23880
2267 24200
2271 3760
2285 6020
2287 47800
2290 24200
2291 5100
2293 5100
2297 3760
2307 4460
2311 4520
2325 4440
2327 39320
2330 4460
2331 16740
2333 16740
2337 4520
2347 7180
2351 4560
2365 24200
2367 8300
2370 7180
2371 5460
2373 5460
2377 4560
2387 6540
2391 22420
2405 4460
2407 7760
2410 6540
2411 5360
2413 5360
2416 43240
2417 22420
2427 23960
2431 4260
2445 7180
2447 6100
2450 23960
2451 3560
2453 3560
2456 16900
2457 4260
2467 6620
2471 2900
2485 6540
2487 16260
2490 6620
2491 19800
2492 43240
2493 19800
2496 4040
2497 2900
2507 6200
2511 2140
2525 23960
2527 6860
2530 6200
2531 4620
2532 16900
2533 4620
2536 4860
2537 2140
2547 3880
2551 6780
2565 6620
2567 7000
2570 3880
2571 6020
2572 4040
2573 6020
2576 3960
2577 6780
2587 29140
2591 3220
2605 6200
2607 88000
2610 29140
2611 4440
2612 4860
2613 4440
2616 9480
2617 3220
2627 6260
2631 3660
2645 3880
2647 42740
2650 6260
2651 24200
2652 3960
2653 24200
2656 3640
2657 3660
2667 8280
2671 85500
2685 29140
2687 8700
2690 8280
2691 4460
2692 9480
2693 4460
2696 3340
2697 85500
2707 5580
2711 28540
2725 6260
2727 12980
2730 5580
2731 7180
2732 3640
2733 7180
2736 2500
2737 28540
2747 24420
2751 6020
2765 8280
2767 8760
2770 24420
2771 6540
2772 3340
2773 6540
2776 14200
2777 6020
2787 5740
2791 8580
2805 5580
2807 42580
2810 5740
2811 23960
2812 2500
2813 23960
2816 2680
2817 8580
2827 7460
2831 5100
2845 24420
2847 10800
2850 7460
2851 6620
2852 14200
2853 6620
2856 4400
2857 5100
2867 5040
2871 16740
2885 5740
2887 11760
2890 5040
2891 6200
2892 2680
2893 6200
2896 3660
2897 16740
2907 9180
2911 5460
2925 7460
2927 7020
2930 9180
2931 3880
2932 4400
2933 3880
2936 25840
2937 5460
2947 5140
2951 5360
2965 5040
2967 41020
2970 5140
2971 29140
2972 3660
2973 29140
2976 5340
2977 5360
