297 43240
337 16900
377 4040
417 4860
457 3960
472 43240
474 43240
492 43240
497 9480
512 16900
514 16900
532 16900
537 3640
545 43240
552 4040
554 4040
572 4040
577 3340
582 43240
585 16900
592 4860
594 4860
612 4860
617 2500
622 16900
625 4040
632 3960
634 3960
652 3960
657 14200
662 4040
665 4860
672 9480
674 9480
692 9480
697 2680
702 4860
705 3960
712 3640
714 3640
732 3640
737 4400
742 3960
745 9480
752 3340
754 3340
772 3340
777 3660
782 9480
785 3640
792 2500
794 2500
812 2500
817 25840
822 3640
825 3340
832 14200
834 14200
844 43240
852 14200
857 5340
862 3340
865 2500
872 2680
874 2680
884 16900
891 43240
892 2680
897 6400
902 2500
905 14200
912 4400
914 4400
924 4040
931 16900
932 4400
933 43240
937 3460
942 14200
945 2680
952 3660
954 3660
964 4860
971 4040
972 3660
973 16900
977 21220
982 2680
985 4400
992 25840
994 25840
1004 3960
1011 4860
1012 25840
1013 4040
1017 4820
1022 4400
1025 3660
1029 43240
1032 5340
1034 5340
1044 9480
1051 3960
1052 5340
1053 4860
1057 4340
1062 3660
1065 25840
1069 16900
1072 6400
1074 6400
1084 3640
1091 9480
1092 6400
1093 3960
1097 2680
1102 25840
1105 5340
1109 4040
1112 3460
1114 3460
1124 3340
1131 3640
1132 3460
1133 9480
1137 23880
1142 5340
1145 6400
1149 4860
1152 21220
1154 21220
1164 2500
1171 3340
1172 21220
1173 3640
1177 3760
1182 6400
1185 3460
1189 3960
1192 4820
1194 4820
1204 14200
1211 2500
1212 4820
1213 3340
1217 4520
1222 3460
1225 21220
1229 9480
1232 4340
1234 4340
1244 2680
1251 14200
1252 4340
1253 2500
1257 4560
1262 21220
1265 4820
1269 3640
1272 2680
1274 2680
1284 4400
1291 2680
1292 2680
1293 14200
1297 22420
1302 4820
1305 4340
1309 3340
1312 23880
1314 23880
1324 3660
1331 4400
1332 23880
1333 2680
1337 4260
1342 4340
1345 2680
1349 2500
1352 3760
1354 3760
1364 25840
1371 3660
1372 3760
1373 4400
1377 2900
1382 2680
1385 23880
1389 14200
1392 4520
1394 4520
1404 5340
1411 25840
1412 4520
1413 3660
1417 2140
1422 23880
1425 3760
1429 2680
1432 4560
1434 4560
1444 6400
1451 5340
1452 4560
1453 25840
1457 6780
1462 3760
1465 4520
1469 47640
1472 22420
1474 22420
1484 3460
1491 6400
1492 22420
1493 5340
1497 3220
1502 4520
1505 4560
1509 20560
1512 4260
1514 4260
1524 21220
1531 3460
1532 4260
1533 6400
1537 3660
1542 4560
1545 22420
1549 29880
1552 2900
1554 2900
1564 4820
1571 21220
1572 2900
1573 3460
1577 85500
1582 22420
1585 4260
1589 10200
1592 2140
1594 2140
1604 4340
1611 4820
1612 2140
1613 21220
1617 28540
1622 4260
1625 2900
1629 10360
1632 6780
1634 6780
1644 2680
1651 4340
1652 6780
1653 4820
1657 6020
1662 2900
1665 2140
1669 12940
1672 3220
1674 3220
1684 23880
1691 2680
1692 3220
1693 4340
1697 8580
1702 2140
1705 6780
1709 24860
1712 3660
1714 3660
1724 3760
1731 23880
1732 3660
1733 2680
1737 5100
1742 6780
1745 3220
1749 8160
1752 85500
1754 85500
1764 4520
1771 3760
1772 85500
1773 23880
1777 16740
1782 3220
1785 3660
1789 6840
1792 28540
1794 28540
1804 4560
1811 4520
1812 28540
1813 3760
1817 5460
1822 3660
1825 85500
1829 16880
1832 6020
1834 6020
1844 22420
1851 4560
1852 6020
1853 4520
1857 5360
1862 85500
1865 28540
1869 26560
1872 8580
1874 8580
1884 4260
1891 22420
1892 8580
1893 4560
1897 3560
1902 28540
1905 6020
1909 8160
1912 5100
1914 5100
1924 2900
1931 4260
1932 5100
1933 22420
1937 19800
1942 6020
1945 8580
1949 8180
1952 16740
1954 16740
1964 2140
1971 2900
1972 16740
1973 4260
1977 4620
1982 8580
1985 5100
1989 30400
1992 5460
1994 5460
2004 6780
2011 2140
2012 5460
2013 2900
2017 6020
2022 5100
2025 16740
2028 43240
2029 27760
2032 5360
2034 5360
2044 3220
2051 6780
2052 5360
2053 2140
2057 4440
2062 16740
2065 5460
2068 16900
2069 10660
2072 3560
2074 3560
2084 3660
2091 3220
2092 3560
2093 6780
2097 24200
2102 5460
2105 5360
2108 4040
2109 6360
2112 19800
2114 19800
2124 85500
2131 3660
2132 19800
2133 46460
2137 4460
2142 5360
2145 3560
2148 4860
2149 23360
2152 4620
2154 4620
2164 28540
2171 85500
2172 4620
2173 20560
2177 7180
2182 3560
2185 19800
2188 3960
2189 11600
2192 6020
2194 6020
2204 6020
2211 28540
2212 6020
2213 89540
2217 6540
2222 19800
2225 4620
2228 9480
2229 7560
2232 4440
2234 4440
2244 8580
2251 6020
2252 4440
2253 33400
2257 23960
2262 4620
2265 6020
2268 3640
2269 6340
2272 24200
2274 24200
2284 5100
2291 8580
2292 24200
2293 9980
2297 6620
2302 6020
2305 4440
2308 3340
2309 109380
2312 4460
2314 4460
2324 16740
2331 5100
2332 4460
2333 18060
2337 6200
2342 4440
2345 24200
2348 2500
2349 32300
2352 7180
2354 7180
2364 5460
2371 16740
2372 7180
2373 8740
2377 3880
2382 24200
2385 4460
2388 14200
2389 10540
2392 6540
2394 6540
2404 5360
2411 5460
2412 6540
2413 20080
2417 29140
2422 4460
2425 7180
2428 2680
2429 13140
2432 23960
2434 23960
2444 3560
2451 5360
2452 23960
2453 7960
2457 6260
2462 7180
2465 6540
2468 4400
2469 27520
2472 6620
2474 6620
2482 43240
2484 63040
2491 3560
2492 6620
2493 19560
2497 8280
2502 6540
2505 23960
2508 3660
2509 21000
2512 6200
2514 6200
2522 16900
2524 21520
2531 19800
2532 6200
2533 6240
2537 5580
2542 23960
2545 6620
2548 25840
2549 8360
2552 3880
2554 3880
2562 4040
2564 10060
2571 4620
2572 3880
2573 24200
2577 24420
2582 6620
2585 6200
2588 5340
2589 7500
2592 29140
2594 29140
2602 4860
2604 9300
2611 6020
2612 29140
2613 8280
2617 5740
2619 43240
2622 6200
2625 3880
2628 6400
2629 10340
2632 6260
2634 6260
2642 3960
2644 28160
2651 4440
2652 6260
2653 31860
2657 7460
2659 16900
2662 3880
2665 29140
2668 3460
2669 23020
2672 8280
2674 8280
2682 9480
2684 13940
2691 24200
2692 8280
2693 9780
2697 5040
2699 4040
2702 29140
2705 6260
2708 21220
2709 8280
2712 5580
2714 5580
2722 3640
2724 10820
2731 4460
2732 5580
2733 30600
2737 9180
2739 4860
2742 6260
2745 8280
2748 4820
2749 91520
2752 24420
2754 24420
2762 3340
2764 9880
2771 7180
2772 24420
2773 7920
2777 5140
2779 3960
2782 8280
2785 5580
2788 4340
2789 32980
2792 5740
2794 5740
2802 2500
2804 26460
2811 6540
2812 5740
2813 28400
2817 6380
2819 9480
2822 5580
2825 24420
2828 2680
2829 30220
2832 7460
2834 7460
2842 14200
2844 20820
2851 23960
2852 7460
2853 11360
2857 114340
2859 3640
2862 24420
2865 5740
2868 23880
2869 13040
2872 5040
2874 5040
2882 2680
2884 8880
2891 6620
2892 5040
2893 28300
2897 26100
2899 3340
2902 5740
2905 7460
2908 3760
2909 12280
2912 9180
2914 9180
2922 4400
2924 8280
2931 6200
2932 9180
2933 9300
2937 6000
2939 2500
2942 7460
2945 5040
2948 4520
2949 23280
2952 5140
2954 5140
2962 3660
2964 32800
2971 3880
2972 5140
2973 30080
2977 9080
2979 14200
2982 5040
2985 9180
2988 1596
