0 0
107 43240
147 16900
187 4040
227 4860
267 3960
307 9480
347 3640
387 3340
427 2500
448 43240
467 14200
477 43240
488 16900
507 2680
517 16900
528 4040
547 4400
557 4040
568 4860
587 3660
597 4860
608 3960
627 25840
637 3960
648 9480
667 5340
677 9480
688 3640
707 6400
717 3640
728 3340
747 3460
757 3340
768 2500
787 21220
797 2500
808 14200
827 4820
837 14200
848 2680
867 4340
877 2680
888 4400
907 2680
917 4400
928 3660
947 23880
957 3660
968 25840
987 3760
997 25840
1008 5340
1027 4520
1037 5340
1048 6400
1067 4560
1077 6400
1088 3460
1107 22420
1111 43240
1117 3460
1128 21220
1147 4260
1151 16900
1157 21220
1168 4820
1187 2900
1191 4040
1197 4820
1208 4340
1227 2140
1231 4860
1237 4340
1248 2680
1267 6780
1271 3960
1277 2680
1288 23880
1307 3220
1311 9480
1317 23880
1328 3760
1347 3660
1351 46880
1357 3760
1368 4520
1387 85500
1391 20240
1397 4520
1408 4560
1410 43240
1427 28540
1431 6540
1437 4560
1448 22420
1450 16900
1467 6020
1471 19060
1477 22420
1488 4260
1490 4040
1507 8580
1511 6640
1517 4260
1528 2900
1530 4860
1547 5100
1551 13880
1557 2900
1568 2140
1570 3960
1587 16740
1591 7300
1597 2140
1608 6780
1610 9480
1626 43240
1627 5460
1631 29180
1637 6780
1648 3220
1650 3640
1666 16900
1667 5360
1671 7840
1677 3220
1688 3660
1690 3340
1706 4040
1707 3560
1711 20600
1713 43240
1717 3660
1728 85500
1730 2500
1746 4860
1747 19800
1751 6140
1753 16900
1757 85500
1768 28540
1770 14200
1786 3960
1787 4620
1791 25620
1793 4040
1797 28540
1808 6020
1810 2680
1826 9480
1827 6020
1830 43240
1831 8480
1833 4860
1837 6020
1848 8580
1850 4400
1866 3640
1867 4440
1870 16900
1871 30180
1873 3960
1877 8580
1888 5100
1890 3660
1906 3340
1907 24200
1910 4040
1911 8020
1913 9480
1917 5100
1928 16740
1930 25840
1946 2500
1947 4460
1950 4860
1951 30280
1953 3640
1957 16740
1968 5460
1970 5340
1986 14200
1987 7180
1990 3960
1991 7220
1993 3340
1997 5460
2008 5360
2010 6400
2026 2680
2027 6540
2030 9480
2031 25740
2033 2500
2037 5360
2048 3560
2050 3460
2051 43240
2066 4400
2067 23960
2070 3640
2071 9380
2073 14200
2077 3560
2088 19800
2090 21220
2091 16900
2106 3660
2107 6620
2110 3340
2111 26760
2113 2680
2117 19800
2128 4620
2130 4820
2131 4040
2146 25840
2147 6200
2150 2500
2151 6940
2153 4400
2157 4620
2168 6020
2170 4340
2171 4860
2186 5340
2187 3880
2190 14200
2191 26780
2193 3660
2197 6020
2208 4440
2210 2680
2211 3960
2226 6400
2227 29140
2230 2680
2231 5900
2233 25840
2237 47680
2248 24200
2250 23880
2251 9480
2266 3460
2267 6260
2270 4400
2271 11300
2273 5340
2277 41100
2288 4460
2290 3760
2291 3640
2297 43240
2306 21220
2307 8280
2310 3660
2311 7780
2313 6400
2317 8500
2328 7180
2330 4520
2331 3340
2337 16900
2346 4820
2347 5580
2350 25840
2351 26080
2353 3460
2357 12040
2368 6540
2370 4560
2371 2500
2377 4040
2386 4340
2387 24420
2390 5340
2391 89760
2393 21220
2397 10500
2408 23960
2410 22420
2411 14200
2417 4860
2426 2680
2427 5740
2430 6400
2431 31440
2433 4820
2437 33440
2439 43240
2448 6620
2450 4260
2451 2680
2457 3960
2466 23880
2467 7460
2470 3460
2471 8160
2473 4340
2477 10260
2479 16900
2488 6200
2490 2900
2491 4400
2497 9480
2506 3760
2507 5040
2510 21220
2511 15360
2513 2680
2517 9540
2519 4040
2528 3880
2530 2140
2531 3660
2537 3640
2546 4520
2547 9180
2550 4820
2551 8320
2553 23880
2557 6380
2559 4860
2568 29140
2570 6780
2571 25840
2577 3340
2586 4560
2587 5140
2590 4340
2591 20400
2593 3760
2597 43340
2599 3960
2608 6260
2610 3220
2611 5340
2617 2500
2626 22420
2627 6380
2630 2680
2631 90960
2633 4520
2637 8940
2639 9480
2648 8280
2650 3660
2651 6400
2657 14200
2666 4260
2667 114340
2670 23880
2671 33900
2673 4560
2677 12680
2679 3640
2688 5580
2690 85500
2691 3460
2697 2680
2706 2900
2707 26100
2710 3760
2711 9580
2713 22420
2717 9240
2719 3340
2728 24420
2730 28540
2731 21220
2737 4400
2746 2140
2747 6000
2750 4520
2751 28380
2753 4260
2757 50260
2759 2500
2768 5740
2770 6020
2771 4820
2777 3660
2786 6780
2787 9080
2790 4560
2791 9720
2793 2900
2797 11080
2799 14200
2808 7460
2810 8580
2811 4340
2817 25840
2826 3220
2827 5860
2830 22420
2831 22760
2833 2140
2837 13860
2839 2680
2848 5040
2850 5100
2851 2680
2857 5340
2866 3660
2867 23580
2870 4260
2871 9900
2873 6780
2877 8500
2879 4400
2888 9180
2890 16740
2891 23880
2897 6400
2898 43240
2906 85500
2907 6480
2910 2900
2911 29560
2913 3220
2917 30400
2919 3660
2928 5140
2930 5460
2931 3760
2937 3460
2938 16900
2946 28540
2947 9400
2950 2140
2951 8020
2953 3660
2957 9960
2959 25840
2968 6380
2970 5360
2971 4520
2977 21220
2978 4040
2986 6020
2987 7200
2990 6780
2991 26980
