0 0
508 43240
548 16900
587 43240
588 4040
627 16900
628 4860
667 4040
668 3960
707 4860
708 9480
747 3960
748 3640
787 9480
788 3340
827 3640
828 2500
864 43240
867 3340
868 14200
904 16900
907 2500
908 2680
944 4040
947 14200
948 4400
984 4860
987 2680
988 3660
1024 3960
1027 4400
1028 25840
1064 9480
1067 3660
1068 5340
1104 3640
1107 25840
1108 6400
1144 3340
1147 5340
1148 3460
1184 2500
1187 6400
1188 21220
1224 14200
1227 3460
1228 4820
1264 2680
1267 21220
1268 4340
1304 4400
1307 4820
1308 2680
1344 3660
1347 4340
1348 23880
1352 43240
1384 25840
1387 2680
1388 3760
1392 16900
1424 5340
1427 23880
1428 4520
1432 4040
1464 6400
1467 3760
1468 4560
1472 4860
1504 3460
1507 4520
1508 22420
1512 3960
1544 21220
1547 4560
1548 4260
1552 9480
1584 4820
1587 22420
1588 2900
1592 3640
1624 4340
1627 4260
1628 2140
1632 3340
1664 2680
1667 2900
1668 6780
1672 2500
1704 23880
1707 2140
1708 3220
1712 14200
1744 3760
1747 6780
1748 3660
1752 2680
1776 43240
1784 4520
1785 43240
1787 3220
1788 85500
1792 4400
1816 16900
1824 4560
1825 16900
1827 3660
1828 28540
1832 3660
1856 4040
1864 22420
1865 4040
1867 85500
1868 6020
1872 25840
1896 4860
1904 4260
1905 4860
1907 28540
1908 8580
1912 5340
1936 3960
1944 2900
1945 3960
1947 6020
1948 5100
1952 6400
1976 9480
1984 2140
1985 9480
1987 8580
1988 16740
1992 3460
1994 43240
2016 3640
2024 6780
2025 3640
2027 5100
2028 5460
2032 21220
2034 16900
2035 43240
2056 3340
2064 3220
2065 3340
2067 16740
2068 5360
2072 4820
2074 4040
2075 16900
2096 2500
2104 3660
2105 2500
2107 5460
2108 3560
2112 4340
2114 4860
2115 4040
2136 14200
2144 85500
2145 14200
2147 5360
2148 19800
2152 2680
2154 3960
2155 4860
2176 2680
2184 28540
2185 2680
2187 3560
2188 4620
2192 23880
2194 9480
2195 3960
2216 4400
2224 6020
2225 4400
2227 19800
2228 6020
2232 3760
2234 3640
2235 9480
2256 3660
2264 8580
2265 3660
2267 4620
2268 4440
2272 4520
2274 3340
2275 3640
2296 25840
2304 5100
2305 25840
2307 6020
2308 24200
2312 4560
2314 2500
2315 3340
2336 5340
2344 16740
2345 5340
2347 4440
2348 4460
2352 22420
2354 14200
2355 2500
2376 6400
2384 5460
2385 6400
2387 24200
2388 7180
2392 4260
2394 2680
2395 14200
2416 3460
2424 5360
2425 3460
2427 4460
2428 6540
2432 2900
2434 4400
2435 2680
2456 21220
2464 3560
2465 21220
2467 7180
2468 23960
2472 2140
2474 3660
2475 4400
2496 4820
2504 19800
2505 4820
2507 6540
2508 6620
2512 6780
2514 25840
2515 3660
2536 4340
2544 4620
2545 4340
2547 23960
2548 6200
2552 3220
2554 5340
2555 25840
2576 2680
2584 6020
2585 2680
2587 6620
2588 3880
2592 3660
2594 6400
2595 5340
2616 23880
2624 4440
2625 23880
2627 6200
2628 29140
2632 85500
2634 3460
2635 6400
2656 3760
2664 24200
2665 3760
2667 3880
2668 6260
2672 28540
2674 21220
2675 3460
2696 4520
2704 4460
2705 4520
2707 29140
2708 8280
2712 6020
2714 4820
2715 21220
2736 4560
2744 7180
2745 4560
2747 6260
2748 5580
2752 8580
2754 4340
2755 4820
2776 22420
2784 6540
2785 22420
2787 8280
2788 24420
2792 5100
2794 2680
2795 4340
2816 4260
2824 23960
2825 4260
2827 5580
2828 5740
2832 16740
2834 23880
2835 2680
2856 2900
2864 6620
2865 2900
2867 24420
2868 7460
2872 5460
2874 3760
2875 23880
2896 2140
2904 6200
2905 2140
2907 5740
2908 5040
2912 5360
2914 4520
2915 3760
2936 6780
2944 3880
2945 6780
2947 7460
2948 9180
2952 3560
2954 4560
2955 4520
2976 3220
2984 72380
2985 3220
