0 0
614 43240
654 16900
694 4040
734 4860
774 3960
814 9480
854 3640
894 3340
934 2500
974 14200
1014 2680
1054 4400
1077 43240
1085 43240
1094 3660
1117 16900
1125 16900
1134 25840
1157 4040
1165 4040
1174 5340
1197 4860
1205 4860
1214 6400
1237 3960
1245 3960
1254 3460
1273 43240
1277 9480
1285 9480
1294 21220
1313 16900
1317 3640
1325 3640
1334 4820
1353 4040
1357 3340
1365 3340
1374 4340
1393 4860
1397 2500
1405 2500
1414 2680
1433 3960
1437 14200
1445 14200
1454 23880
1473 9480
1477 2680
1485 2680
1494 3760
1513 3640
1517 4400
1525 4400
1534 4520
1553 3340
1557 3660
1565 3660
1574 4560
1593 2500
1597 25840
1605 25840
1614 22420
1633 14200
1637 5340
1645 5340
1654 4260
1673 2680
1677 6400
1685 6400
1694 2900
1713 4400
1717 3460
1725 3460
1734 2140
1753 3660
1757 21220
1765 21220
1774 6780
1793 25840
1797 4820
1805 4820
1809 43240
1814 3220
1833 5340
1837 4340
1845 4340
1849 16900
1854 3660
1873 6400
1877 2680
1885 2680
1889 4040
1894 85500
1913 3460
1917 23880
1925 23880
1929 4860
1934 28540
1953 21220
1957 3760
1965 3760
1969 3960
1974 6020
1993 4820
1997 4520
2005 4520
2009 9480
2014 8580
2033 4340
2037 4560
2045 4560
2049 3640
2054 5100
2073 2680
2077 22420
2085 22420
2089 3340
2094 16740
2113 23880
2117 4260
2125 4260
2129 2500
2134 5460
2144 43240
2153 3760
2157 2900
2165 2900
2169 14200
2174 5360
2184 16900
2193 4520
2197 2140
2205 2140
2209 2680
2214 3560
2224 4040
2233 4560
2234 43240
2237 6780
2245 6780
2249 4400
2254 19800
2264 4860
2273 22420
2274 16900
2277 3220
2285 3220
2289 3660
2294 4620
2304 3960
2313 4260
2314 4040
2317 3660
2325 3660
2329 25840
2334 6020
2344 9480
2353 2900
2354 4860
2357 85500
2365 85500
2369 5340
2374 47680
2384 3640
2393 2140
2394 3960
2397 28540
2405 28540
2409 6400
2414 41100
2424 3340
2433 6780
2434 9480
2437 6020
2445 6020
2449 3460
2454 8500
2464 2500
2473 3220
2474 3640
2477 8580
2482 43240
2485 8580
2489 21220
2494 12040
2504 14200
2513 3660
2514 3340
2517 5100
2522 16900
2525 5100
2529 4820
2534 10500
2536 43240
2544 2680
2553 85500
2554 2500
2557 16740
2562 4040
2565 16740
2569 4340
2574 33440
2576 16900
2584 4400
2593 28540
2594 14200
2597 5460
2602 4860
2605 5460
2609 2680
2614 10260
2616 4040
2624 3660
2633 6020
2634 2680
2637 5360
2642 3960
2645 5360
2649 23880
2654 9540
2656 4860
2664 25840
2673 8580
2674 4400
2677 3560
2682 9480
2685 3560
2689 3760
2694 6380
2696 3960
2704 5340
2713 5100
2714 3660
2717 19800
2722 3640
2725 19800
2729 4520
2734 43340
2736 9480
2744 6400
2753 16740
2754 25840
2757 4620
2762 3340
2765 4620
2769 4560
2774 8940
2775 43240
2776 3640
2784 3460
2793 5460
2794 5340
2797 6020
2802 2500
2805 6020
2809 22420
2814 12680
2815 16900
2816 3340
2824 21220
2828 43240
2833 5360
2834 6400
2837 4440
2842 14200
2845 4440
2849 4260
2854 9240
2855 4040
2856 2500
2864 4820
2868 16900
2873 3560
2874 3460
2877 24200
2882 2680
2885 24200
2889 2900
2894 50260
2895 4860
2896 14200
2904 4340
2908 4040
2913 19800
2914 21220
2917 4460
2922 4400
2925 4460
2929 2140
2934 11080
2935 3960
2936 2680
2944 2680
2948 4860
2953 4620
2954 4820
2957 7180
2962 3660
2965 7180
2969 6780
2974 13860
2975 9480
2976 3080
