0 0
397 43240
437 16900
477 4040
517 4860
557 3960
597 9480
637 3640
677 3340
717 2500
751 43240
757 14200
791 16900
797 2680
831 4040
837 4400
871 4860
877 3660
888 43240
911 3960
917 25840
928 16900
951 9480
957 5340
968 4040
991 3640
997 6400
1008 4860
1031 3340
1032 43240
1037 3460
1048 3960
1071 2500
1072 16900
1077 21220
1088 9480
1111 14200
1112 4040
1117 4820
1124 43240
1128 3640
1151 2680
1152 4860
1157 4340
1164 16900
1168 3340
1191 4400
1192 3960
1197 2680
1204 4040
1208 2500
1231 3660
1232 9480
1237 23880
1244 4860
1248 14200
1271 25840
1272 3640
1277 3760
1284 3960
1288 2680
1311 5340
1312 3340
1317 4520
1324 9480
1328 4400
1351 6400
1352 2500
1357 4560
1364 3640
1368 3660
1391 3460
1392 14200
1397 22420
1404 3340
1408 25840
1417 43240
1431 21220
1432 2680
1437 4260
1444 2500
1448 5340
1457 16900
1471 4820
1472 4400
1477 2900
1484 14200
1488 6400
1497 4040
1511 4340
1512 3660
1517 2140
1524 2680
1528 3460
1537 4860
1551 2680
1552 25840
1557 6780
1564 4400
1568 21220
1577 3960
1591 23880
1592 5340
1597 3220
1604 3660
1608 4820
1611 43240
1617 9480
1631 3760
1632 6400
1637 3660
1644 25840
1648 4340
1651 16900
1657 3640
1671 4520
1672 3460
1677 85500
1684 5340
1688 2680
1691 4040
1697 3340
1711 4560
1712 21220
1717 28540
1724 6400
1728 23880
1731 4860
1737 2500
1750 43240
1751 22420
1752 4820
1757 6020
1764 3460
1768 3760
1771 3960
1777 14200
1790 16900
1791 4260
1792 4340
1797 8580
1804 21220
1808 4520
1811 9480
1817 2680
1830 4040
1831 2900
1832 2680
1837 5100
1844 4820
1848 4560
1851 3640
1857 4400
1870 4860
1871 2140
1872 23880
1877 16740
1884 4340
1888 22420
1891 3340
1897 3660
1910 3960
1911 6780
1912 3760
1917 5460
1924 2680
1928 4260
1931 2500
1937 25840
1950 9480
1951 3220
1952 4520
1957 5360
1964 23880
1968 46140
1971 14200
1977 5340
1990 3640
1991 3660
1992 4560
1997 3560
2004 3760
2008 19040
2011 2680
2017 6400
2030 3340
2031 85500
2032 22420
2037 19800
2044 4520
2048 10820
2051 4400
2057 3460
2070 2500
2071 28540
2072 4260
2077 4620
2084 4560
2088 8080
2091 3660
2097 21220
2110 14200
2111 6020
2112 2900
2117 6020
2124 22420
2128 7620
2131 25840
2137 4820
2150 2680
2151 8580
2152 2140
2157 4440
2164 4260
2168 94980
2171 5340
2177 4340
2183 43240
2190 4400
2191 5100
2192 6780
2197 24200
2204 2900
2208 32180
2211 6400
2217 2680
2223 16900
2230 3660
2231 16740
2232 3220
2237 4460
2244 2140
2248 9360
2251 3460
2257 23880
2263 4040
2270 25840
2271 5460
2272 3660
2277 7180
2284 6780
2288 11080
2291 21220
2297 3760
2303 4860
2310 5340
2311 5360
2312 85500
2317 6540
2324 3220
2328 19300
2331 4820
2337 4520
2343 3960
2350 6400
2351 3560
2352 28540
2357 23960
2364 3660
2368 19420
2371 4340
2377 4560
2383 9480
2390 3460
2391 19800
2392 6020
2397 6620
2404 85500
2408 9860
2411 2680
2417 22420
2423 3640
2430 21220
2431 4620
2432 8580
2437 6200
2444 28540
2448 9020
2451 23880
2457 4260
2463 3340
2467 43240
2470 4820
2471 6020
2472 5100
2477 3880
2484 6020
2488 29400
2491 3760
2497 2900
2503 2500
2507 16900
2510 4340
2511 4440
2512 16740
2517 29140
2524 8580
2528 25140
2531 4520
2532 43240
2537 2140
2543 14200
2547 4040
2550 2680
2551 24200
2552 5460
2557 6260
2564 5100
2568 11020
2571 4560
2572 16900
2577 6780
2583 2680
2587 4860
2590 23880
2591 4460
2592 5360
2597 8280
2604 16740
2608 9480
2611 22420
2612 4040
2617 3220
2623 4400
2627 3960
2630 3760
2631 7180
2632 3560
2637 5580
2644 5460
2648 25660
2651 4260
2652 4860
2657 3660
2663 3660
2667 9480
2670 4520
2671 6540
2672 19800
2677 24420
2684 5360
2688 29020
2691 2900
2692 3960
2697 85500
2703 25840
2707 3640
2710 4560
2711 23960
2712 4620
2717 5740
2719 43240
2724 3560
2728 8800
2731 2140
2732 9480
2737 28540
2743 5340
2747 3340
2750 22420
2751 6620
2752 6020
2757 7460
2759 16900
2764 19800
2768 9860
2771 6780
2772 3640
2777 6020
2783 6400
2787 2500
2790 4260
2791 6200
2792 4440
2797 5040
2799 4040
2804 4620
2808 30420
2811 3220
2812 3340
2817 8580
2823 3460
2827 14200
2830 2900
2831 3880
2832 24200
2837 9180
2839 4860
2844 6020
2848 27720
2851 3660
2852 2500
2857 5100
2863 21220
2867 2680
2870 2140
2871 29140
2872 4460
2877 5140
2879 3960
2884 4440
2888 11140
2891 85500
2892 14200
2897 16740
2903 4820
2907 4400
2910 6780
2911 6260
2912 7180
2917 6380
2919 9480
2924 24200
2928 10760
2931 28540
2932 2680
2937 5460
2943 4340
2947 3660
2950 3220
2951 8280
2952 6540
2957 114340
2959 3640
2964 4460
2968 26300
2971 6020
2972 4400
2977 5360
2983 2680
2987 25840
2990 3660
2991 5580
2992 23960
2997 6525
