0 0
162 43240
202 16900
205 43240
242 4040
245 16900
282 4860
285 4040
322 3960
325 4860
362 9480
365 3960
395 43240
402 3640
405 9480
435 16900
442 3340
445 3640
475 4040
482 2500
485 3340
515 4860
522 14200
525 2500
555 3960
562 2680
565 14200
595 9480
602 4400
605 2680
635 3640
642 3660
645 4400
675 3340
682 25840
685 3660
715 2500
722 5340
725 25840
755 14200
762 6400
765 5340
795 2680
802 3460
805 6400
835 4400
842 21220
845 3460
875 3660
882 4820
885 21220
887 43240
915 25840
922 4340
925 4820
927 16900
955 5340
962 2680
965 4340
967 4040
995 6400
1002 23880
1005 2680
1007 4860
1015 43240
1035 3460
1042 3760
1045 23880
1047 3960
1055 16900
1075 21220
1082 4520
1085 3760
1087 9480
1095 4040
1115 4820
1122 4560
1125 4520
1127 3640
1135 4860
1155 4340
1162 22420
1165 4560
1167 3340
1175 3960
1195 2680
1202 4260
1205 22420
1207 2500
1215 9480
1221 43240
1235 23880
1242 2900
1245 4260
1247 14200
1255 3640
1261 16900
1275 3760
1282 2140
1285 2900
1287 2680
1295 3340
1301 4040
1310 43240
1315 4520
1322 6780
1325 2140
1327 4400
1335 2500
1341 4860
1350 16900
1355 4560
1362 3220
1365 6780
1367 3660
1375 14200
1381 3960
1390 4040
1395 22420
1402 3660
1405 3220
1407 25840
1415 2680
1421 9480
1430 4860
1435 4260
1442 85500
1445 3660
1447 5340
1455 4400
1461 3640
1470 3960
1475 2900
1476 43240
1482 28540
1485 85500
1487 6400
1495 3660
1501 3340
1510 9480
1515 2140
1516 16900
1522 6020
1525 28540
1527 3460
1535 25840
1541 2500
1550 3640
1555 6780
1556 4040
1562 8580
1564 43240
1565 6020
1567 21220
1575 5340
1581 14200
1590 3340
1595 3220
1596 4860
1602 5100
1604 16900
1605 8580
1607 4820
1615 6400
1621 2680
1630 2500
1635 3660
1636 3960
1642 16740
1644 4040
1645 5100
1647 4340
1655 3460
1661 4400
1670 14200
1675 85500
1676 9480
1682 5460
1684 4860
1685 16740
1687 2680
1695 21220
1701 3660
1710 2680
1715 28540
1716 3640
1722 5360
1724 3960
1725 5460
1727 23880
1728 43240
1735 4820
1741 25840
1750 4400
1755 6020
1756 3340
1762 3560
1764 9480
1765 5360
1767 3760
1768 16900
1775 4340
1781 5340
1790 3660
1795 8580
1796 2500
1802 19800
1804 3640
1805 3560
1807 4520
1808 4040
1815 2680
1821 6400
1830 25840
1835 5100
1836 14200
1842 4620
1844 3340
1845 19800
1847 4560
1848 4860
1855 23880
1861 3460
1870 5340
1875 16740
1876 2680
1882 6020
1884 2500
1885 4620
1887 22420
1888 3960
1895 3760
1901 21220
1910 6400
1915 5460
1916 4400
1922 4440
1924 14200
1925 6020
1927 4260
1928 9480
1935 4520
1941 4820
1950 3460
1955 5360
1956 3660
1962 24200
1964 2680
1965 4440
1967 2900
1968 3640
1975 4560
1981 4340
1990 21220
1995 3560
1996 69080
2002 4460
2004 4400
2005 24200
2007 2140
2008 3340
2015 22420
2021 2680
2030 4820
2035 19800
2036 22240
2042 7180
2044 3660
2045 4460
2047 6780
2048 2500
2055 4260
2061 23880
2070 4340
2075 4620
2076 10440
2082 6540
2084 25840
2085 7180
2087 3220
2088 14200
2095 2900
2101 3760
2110 2680
2115 6020
2116 8320
2122 23960
2124 5340
2125 6540
2127 3660
2128 2680
2135 2140
2141 4520
2150 23880
2155 4440
2156 25180
2162 6620
2164 6400
2165 23960
2167 85500
2168 4400
2175 6780
2176 43240
2181 4560
2187 43240
2190 3760
2195 24200
2196 14300
2202 6200
2204 3460
2205 6620
2207 28540
2208 3660
2215 3220
2216 16900
2221 22420
2227 16900
2230 4520
2235 4460
2236 7980
2242 3880
2244 21220
2245 6200
2247 6020
2248 25840
2255 3660
2256 4040
2261 4260
2267 4040
2270 4560
2275 7180
2276 6020
2282 29140
2284 4820
2285 3880
2287 8580
2288 5340
2295 85500
2296 4860
2301 2900
2307 4860
2310 22420
2315 6540
2316 26380
2322 6260
2324 4340
2325 29140
2327 5100
2328 6400
2335 28540
2336 3960
2341 2140
2347 3960
2350 4260
2355 23960
2356 17960
2362 8280
2364 2680
2365 6260
2367 16740
2368 3460
2375 6020
2376 9480
2381 6780
2387 9480
2390 2900
2395 6620
2396 7200
2402 5580
2404 23880
2405 8280
2407 5460
2408 21220
2415 8580
2416 3640
2421 3220
2427 3640
2430 2140
2435 6200
2436 8960
2442 24420
2444 3760
2445 5580
2447 5360
2448 4820
2455 5100
2456 3340
2461 3660
2467 3340
2470 6780
2475 3880
2476 26080
2482 5740
2484 4520
2485 24420
2487 3560
2488 4340
2495 16740
2496 2500
2501 85500
2507 2500
2510 3220
2515 29140
2516 30100
2522 7460
2524 4560
2525 5740
2527 19800
2528 2680
2535 5460
2536 14200
2541 28540
2547 14200
2550 3660
2555 6260
2556 8240
2562 5040
2564 22420
2565 7460
2567 4620
2568 23880
2575 5360
2576 2680
2581 6020
2587 2680
2590 85500
2595 8280
2596 8540
2602 9180
2604 4260
2605 5040
2607 6020
2608 3760
2615 3560
2616 4400
2621 8580
2624 43240
2627 4400
2630 28540
2635 5580
2636 10240
2642 5140
2644 2900
2645 9180
2647 4440
2648 4520
2655 19800
2656 3660
2661 5100
2664 16900
2667 3660
2670 6020
2675 24420
2676 24440
2682 6380
2684 2140
2685 5140
2687 24200
2688 4560
2695 4620
2696 25840
2701 16740
2704 4040
2707 25840
2710 8580
2715 5740
2716 8480
2722 114340
2724 6780
2725 6380
2727 4460
2728 22420
2735 6020
2736 5340
2741 5460
2744 4860
2747 5340
2750 5100
2755 7460
2756 89840
2762 26100
2764 3220
2765 114340
2767 7180
2768 4260
2775 4440
2776 6400
2781 5360
2784 3960
2787 6400
2790 16740
2795 5040
2796 31220
2802 6000
2804 3660
2805 26100
2807 6540
2808 2900
2815 24200
2816 3460
2821 3560
2824 9480
2827 3460
2830 5460
2835 9180
2836 29900
2842 9080
2844 85500
2845 6000
2847 23960
2848 2140
2855 4460
2856 21220
2861 19800
2864 3640
2867 21220
2870 5360
2875 5140
2876 12340
2882 5860
2884 28540
2885 9080
2887 6620
2888 6780
2895 50420
2896 4820
2901 4620
2904 3340
2907 4820
2910 3560
2915 6380
2916 9620
2922 23580
2924 6020
2925 5860
2927 6200
2928 3220
2935 23440
2936 4340
2941 6020
2944 2500
2947 4340
2950 19800
2955 114340
2956 21300
2962 6480
2964 8580
2965 23580
2967 3880
2968 3660
2975 28000
2976 2680
2981 4440
2984 14200
2987 2680
2990 4620
2995 20880
