0 0
546 43240
586 16900
626 4040
666 4860
706 3960
746 9480
786 3640
826 3340
863 43240
866 2500
903 16900
906 14200
938 43240
943 4040
946 2680
961 43240
978 16900
983 4860
986 4400
1001 16900
1018 4040
1023 3960
1026 3660
1041 4040
1042 43240
1058 4860
1063 9480
1066 25840
1081 4860
1082 16900
1098 3960
1103 3640
1106 5340
1121 3960
1122 4040
1138 9480
1143 3340
1146 6400
1161 9480
1162 4860
1178 3640
1183 2500
1186 3460
1201 3640
1202 3960
1218 3340
1223 14200
1226 21220
1236 43240
1241 3340
1242 9480
1258 2500
1263 2680
1266 4820
1276 16900
1281 2500
1282 3640
1298 14200
1303 4400
1306 4340
1316 4040
1321 14200
1322 3340
1338 2680
1343 3660
1346 2680
1356 4860
1361 2680
1362 2500
1378 4400
1383 25840
1386 23880
1396 3960
1401 4400
1402 14200
1404 43240
1418 3660
1423 5340
1426 3760
1436 9480
1441 3660
1442 2680
1444 16900
1458 25840
1463 6400
1466 4520
1476 3640
1481 25840
1482 4400
1483 43240
1484 4040
1498 5340
1503 3460
1506 4560
1516 3340
1521 5340
1522 3660
1523 16900
1524 4860
1538 6400
1543 21220
1546 22420
1556 2500
1561 6400
1562 25840
1563 4040
1564 3960
1578 3460
1583 4820
1586 4260
1596 14200
1601 3460
1602 5340
1603 4860
1604 9480
1618 21220
1623 4340
1626 2900
1636 2680
1641 21220
1642 6400
1643 3960
1644 3640
1658 4820
1663 2680
1666 2140
1676 4400
1681 4820
1682 3460
1683 9480
1684 3340
1698 4340
1703 23880
1706 6780
1716 3660
1721 4340
1722 21220
1723 3640
1724 45740
1738 2680
1743 3760
1746 3220
1756 25840
1761 2680
1762 4820
1763 3340
1764 31100
1778 23880
1783 4520
1786 3660
1796 5340
1801 23880
1802 4340
1803 2500
1804 6720
1818 3760
1823 4560
1826 85500
1836 6400
1841 3760
1842 2680
1843 14200
1844 9260
1858 4520
1863 22420
1866 28540
1876 3460
1881 4520
1882 23880
1883 2680
1884 7620
1898 4560
1903 4260
1906 6020
1916 21220
1921 4560
1922 3760
1923 4400
1924 35320
1938 22420
1943 2900
1946 8580
1956 4820
1961 22420
1962 4520
1963 3660
1964 8980
1978 4260
1983 2140
1986 5100
1996 4340
2001 4260
2002 4560
2003 25840
2004 9740
2018 2900
2023 6780
2026 16740
2036 2680
2041 2900
2042 22420
2043 5340
2044 5960
2058 2140
2063 3220
2066 5460
2076 23880
2081 2140
2082 4260
2083 6400
2084 35420
2098 6780
2103 3660
2106 5360
2116 3760
2121 6780
2122 2900
2123 3460
2124 7500
2138 3220
2143 85500
2146 3560
2156 4520
2161 3220
2162 2140
2163 21220
2164 8740
2178 3660
2183 28540
2186 19800
2196 4560
2201 3660
2202 6780
2203 4820
2204 6340
2218 85500
2223 6020
2226 4620
2236 22420
2241 85500
2242 46460
2243 4340
2244 49720
2258 28540
2263 8580
2266 6020
2276 4260
2281 28540
2282 20560
2283 2680
2284 9100
2298 6020
2303 5100
2306 4440
2316 2900
2321 6020
2322 89540
2323 23880
2324 10920
2338 8580
2343 16740
2346 24200
2356 2140
2361 8580
2362 33400
2363 3760
2364 8020
2378 5100
2383 5460
2386 4460
2396 6780
2401 5100
2402 9980
2403 4520
2404 43640
2418 16740
2423 5360
2426 7180
2430 43240
2436 3220
2441 16740
2442 18060
2443 4560
2444 9080
2458 5460
2463 3560
2466 6540
2470 16900
2476 3660
2481 5460
2482 8740
2483 22420
2484 7240
2498 5360
2503 19800
2506 23960
2510 4040
2516 85500
2521 5360
2522 20080
2523 4260
2524 4820
2538 3560
2543 4620
2546 6620
2550 4860
2556 28540
2561 3560
2562 7960
2563 2900
2564 30660
2578 19800
2583 6020
2586 6200
2590 3960
2596 6020
2601 19800
2602 19560
2603 2140
2604 6980
2618 4620
2623 4440
2626 3880
2630 9480
2636 8580
2641 4620
2642 6240
2643 6780
2644 8180
2658 6020
2663 24200
2666 29140
2670 3640
2676 5100
2681 6020
2682 24200
2683 3220
2684 90060
2698 4440
2703 4460
2706 6260
2710 3340
2716 16740
2721 4440
2722 8280
2723 3660
2724 50960
2738 24200
2743 7180
2746 8280
2750 2500
2756 5460
2761 24200
2762 31860
2763 85500
2764 10280
2778 4460
2783 6540
2786 5580
2790 14200
2796 5360
2801 4460
2802 9780
2803 28540
2804 11480
2818 7180
2823 23960
2826 24420
2830 2680
2836 3560
2841 7180
2842 30600
2843 6020
2844 7240
2858 6540
2863 6620
2866 5740
2870 4400
2876 19800
2881 6540
2882 7920
2883 8580
2884 23520
2898 23960
2903 6200
2906 7460
2910 3660
2916 4620
2921 23960
2922 28400
2923 5100
2924 8680
2938 6620
2943 3880
2946 5040
2950 25840
2956 6020
2961 6620
2962 11360
2963 16740
2964 9020
2978 6200
2983 29140
2986 9180
2990 1602
