0 0
255 43240
295 16900
335 4040
375 4860
383 43240
415 3960
423 16900
455 9480
463 4040
495 3640
503 4860
535 3340
543 3960
575 2500
583 9480
615 14200
623 3640
655 2680
663 3340
695 4400
703 2500
735 3660
743 14200
768 43240
775 25840
783 2680
808 16900
815 5340
823 4400
848 4040
855 6400
863 3660
888 4860
895 3460
902 43240
903 25840
928 3960
935 21220
942 16900
943 5340
968 9480
975 4820
982 4040
983 6400
1008 3640
1015 4340
1022 4860
1023 3460
1048 3340
1055 2680
1062 3960
1063 21220
1088 2500
1095 23880
1102 9480
1103 4820
1128 14200
1135 3760
1142 3640
1143 4340
1168 2680
1175 4520
1182 3340
1183 2680
1208 4400
1215 4560
1222 2500
1223 23880
1248 3660
1255 22420
1262 14200
1263 3760
1288 25840
1295 4260
1302 2680
1303 4520
1328 5340
1335 2900
1342 4400
1343 4560
1368 6400
1375 2140
1382 3660
1383 22420
1408 3460
1415 6780
1422 25840
1423 4260
1448 21220
1455 3220
1462 5340
1463 2900
1488 4820
1495 3660
1502 6400
1503 2140
1528 4340
1535 85500
1542 3460
1543 6780
1568 2680
1575 28540
1582 21220
1583 3220
1602 43240
1608 23880
1615 6020
1622 4820
1623 3660
1642 16900
1648 3760
1655 8580
1662 4340
1663 85500
1682 4040
1688 4520
1695 5100
1702 2680
1703 71780
1722 4860
1728 4560
1735 16740
1742 23880
1743 22920
1751 43240
1762 3960
1768 22420
1775 5460
1779 43240
1782 3760
1783 12620
1791 16900
1802 9480
1808 4260
1815 5360
1819 16900
1822 4520
1823 9960
1831 4040
1842 3640
1848 2900
1855 3560
1859 4040
1862 4560
1863 20700
1871 4860
1882 3340
1888 2140
1895 19800
1899 4860
1902 22420
1903 14940
1911 3960
1922 2500
1928 6780
1935 4620
1939 3960
1942 4260
1943 9000
1951 9480
1962 14200
1968 3220
1975 6020
1979 9480
1982 2900
1983 6900
1991 3640
2002 2680
2008 3660
2015 4440
2019 3640
2022 2140
2023 22300
2031 3340
2042 4400
2048 85500
2055 24200
2059 3340
2062 6780
2063 18820
2071 2500
2082 3660
2088 28540
2095 4460
2099 2500
2102 3220
2103 8700
2111 14200
2122 25840
2128 6020
2135 7180
2139 14200
2142 3660
2143 8840
2151 2680
2162 5340
2165 43240
2168 8580
2175 6540
2179 2680
2182 85500
2183 27860
2191 4400
2202 6400
2205 16900
2208 5100
2215 23960
2219 4400
2222 28540
2223 30300
2231 3660
2242 3460
2245 4040
2248 16740
2255 6620
2259 3660
2262 6020
2263 12520
2271 25840
2282 21220
2285 4860
2288 5460
2295 6200
2299 25840
2302 8580
2303 12940
2311 5340
2322 4820
2325 3960
2328 5360
2335 3880
2339 5340
2342 5100
2343 27420
2351 6400
2362 4340
2365 9480
2368 3560
2375 29140
2379 6400
2382 16740
2383 27840
2391 3460
2402 2680
2405 3640
2408 19800
2415 6260
2419 3460
2422 5460
2423 11020
2431 21220
2442 23880
2445 3340
2448 4620
2455 8280
2459 21220
2462 5360
2463 8220
2471 4820
2482 3760
2485 2500
2488 6020
2495 5580
2499 4820
2502 3560
2503 31820
2511 4340
2522 4520
2525 14200
2528 4440
2530 43240
2535 24420
2539 4340
2542 19800
2543 30140
2551 2680
2562 4560
2565 2680
2568 24200
2570 16900
2575 5740
2579 2680
2582 4620
2583 12040
2591 23880
2602 22420
2605 4400
2608 4460
2610 4040
2615 7460
2619 23880
2622 6020
2623 10100
2631 3760
2642 4260
2645 3660
2648 7180
2650 4860
2655 5040
2659 3760
2662 4440
2663 28980
2671 4520
2682 2900
2685 25840
2688 6540
2690 3960
2695 9180
2699 4520
2702 24200
2703 28160
2711 4560
2722 2140
2725 5340
2728 23960
2730 9480
2735 5140
2739 4560
2742 4460
2743 11720
2751 22420
2762 6780
2765 6400
2768 6620
2770 3640
2775 6380
2779 22420
2782 7180
2783 7940
2791 4260
2802 3220
2805 3460
2808 6200
2810 3340
2815 114340
2819 4260
2822 6540
2823 11320
2831 2900
2842 3660
2845 21220
2848 3880
2850 2500
2855 26100
2859 2900
2862 23960
2863 11920
2871 2140
2882 85500
2885 4820
2888 29140
2890 14200
2895 6000
2899 2140
2902 6620
2903 9600
2911 6780
2922 28540
2925 4340
2928 6260
2930 2680
2935 9080
2939 6780
2942 6200
2943 118000
2951 3220
2962 6020
2965 2680
2968 8280
2970 4400
2975 5860
2979 3220
2982 3880
2983 111600
