0 0
271 43240
311 16900
351 4040
391 4860
431 3960
471 9480
511 3640
551 3340
591 2500
615 43240
631 14200
655 16900
671 2680
695 4040
711 4400
735 4860
751 3660
775 3960
791 25840
815 9480
831 5340
855 3640
871 6400
895 3340
911 3460
935 2500
951 21220
975 14200
991 4820
1015 2680
1031 4340
1055 4400
1071 2680
1095 3660
1111 23880
1135 25840
1151 3760
1175 5340
1191 4520
1215 6400
1231 4560
1255 3460
1271 22420
1295 21220
1311 4260
1335 4820
1351 2900
1375 4340
1391 2140
1415 2680
1431 6780
1455 23880
1471 3220
1495 3760
1511 3660
1535 4520
1551 85500
1575 4560
1591 28540
1615 22420
1631 6020
1655 4260
1671 8580
1695 2900
1711 5100
1735 2140
1751 16740
1775 6780
1791 5460
1815 3220
1829 43240
1831 5360
1855 3660
1869 16900
1871 3560
1895 85500
1909 4040
1911 19800
1935 28540
1949 4860
1951 4620
1975 6020
1989 3960
1991 6020
2015 8580
2029 9480
2031 4440
2038 43240
2055 5100
2069 3640
2071 24200
2078 16900
2095 16740
2109 3340
2111 4460
2118 4040
2135 5460
2149 2500
2151 7180
2158 4860
2175 5360
2189 14200
2191 6540
2198 3960
2203 43240
2215 3560
2229 2680
2231 23960
2238 9480
2243 16900
2255 19800
2269 4400
2271 6620
2278 3640
2283 4040
2295 4620
2309 3660
2311 6200
2318 3340
2323 4860
2335 6020
2349 25840
2351 3880
2358 2500
2363 3960
2375 4440
2389 5340
2391 29140
2398 14200
2403 9480
2415 24200
2429 6400
2431 6260
2438 2680
2443 3640
2455 4460
2469 3460
2471 8280
2478 4400
2483 3340
2495 7180
2509 21220
2511 5580
2518 3660
2523 2500
2535 6540
2549 4820
2551 24420
2558 25840
2563 14200
2575 23960
2589 4340
2591 5740
2598 5340
2603 2680
2615 6620
2629 2680
2631 7460
2638 6400
2643 4400
2655 6200
2669 23880
2671 5040
2677 43240
2678 3460
2680 43240
2683 3660
2695 3880
2699 43240
2709 3760
2711 52420
2717 16900
2718 21220
2720 16900
2723 25840
2735 29140
2739 16900
2749 4520
2751 22040
2757 4040
2758 4820
2760 4040
2763 5340
2775 6260
2779 4040
2789 4560
2791 10420
2797 4860
2798 4340
2800 4860
2803 6400
2815 8280
2819 4860
2829 22420
2831 119200
2837 3960
2838 2680
2840 3960
2843 3460
2855 5580
2859 3960
2869 4260
2871 30060
2877 9480
2878 23880
2880 9480
2883 21220
2895 24420
2899 9480
2909 2900
2911 15480
2917 3640
2918 3760
2920 3640
2923 4820
2935 5740
2939 3640
2949 2140
2951 12720
2957 3340
2958 4520
2960 3340
2963 4340
2975 7460
2979 3340
2989 6780
2991 9200
2997 2500
