0 0
372 43240
412 16900
450 43240
452 4040
490 16900
492 4860
530 4040
532 3960
559 43240
570 4860
572 9480
575 43240
599 16900
610 3960
612 3640
615 16900
639 4040
650 9480
652 3340
655 4040
679 4860
686 43240
690 3640
692 2500
695 4860
719 3960
726 16900
730 3340
732 14200
735 3960
759 9480
766 4040
770 2500
772 2680
775 9480
799 3640
806 4860
810 14200
812 4400
815 3640
830 43240
839 3340
846 3960
850 2680
852 3660
855 3340
870 16900
879 2500
886 9480
890 4400
892 25840
895 2500
910 4040
919 14200
926 3640
930 3660
932 5340
935 14200
950 4860
959 2680
966 3340
970 25840
972 6400
975 2680
990 3960
999 4400
1006 2500
1010 5340
1012 3460
1015 4400
1030 9480
1039 3660
1046 14200
1050 6400
1052 21220
1055 3660
1070 3640
1079 25840
1086 2680
1090 3460
1092 4820
1095 25840
1110 3340
1119 5340
1126 4400
1130 21220
1132 4340
1135 5340
1150 2500
1159 6400
1166 3660
1170 4820
1172 2680
1175 6400
1190 14200
1199 3460
1201 43240
1206 25840
1210 4340
1212 23880
1215 3460
1230 2680
1239 21220
1241 16900
1246 5340
1250 2680
1252 3760
1255 21220
1270 4400
1274 43240
1279 4820
1281 4040
1286 6400
1290 23880
1292 4520
1295 4820
1310 3660
1314 16900
1319 4340
1321 4860
1326 3460
1330 3760
1332 4560
1335 4340
1350 25840
1354 4040
1359 2680
1361 3960
1366 21220
1370 4520
1372 22420
1375 2680
1390 5340
1394 4860
1399 67120
1401 9480
1406 4820
1410 4560
1412 4260
1415 23880
1430 6400
1434 3960
1439 20660
1441 3640
1446 4340
1450 22420
1452 2900
1455 3760
1470 3460
1474 9480
1479 8560
1481 3340
1486 2680
1490 4260
1492 2140
1495 4520
1510 21220
1514 3640
1519 9420
1521 2500
1526 23880
1530 2900
1532 6780
1535 4560
1550 4820
1554 3340
1559 26380
1561 14200
1566 3760
1570 2140
1572 3220
1575 22420
1590 4340
1594 2500
1599 13740
1601 2680
1606 4520
1610 6780
1612 3660
1615 4260
1630 2680
1634 14200
1639 6540
1641 4400
1644 43240
1646 4560
1650 3220
1652 85500
1655 2900
1670 23880
1674 2680
1679 5480
1681 3660
1684 16900
1686 22420
1690 3660
1692 28540
1695 2140
1710 3760
1714 4400
1719 9280
1721 25840
1724 4040
1726 4260
1730 85500
1732 6020
1735 6780
1750 4520
1754 3660
1759 17420
1761 5340
1764 4860
1766 2900
1770 28540
1772 8580
1775 3220
1790 4560
1794 25840
1799 6340
1801 6400
1804 3960
1806 2140
1810 6020
1812 5100
1815 3660
1830 22420
1834 5340
1839 89900
1841 3460
1844 9480
1846 6780
1850 8580
1852 16740
1855 85500
1870 4260
1874 6400
1879 32200
1881 21220
1884 3640
1886 3220
1890 5100
1892 5460
1895 28540
1910 2900
1914 3460
1919 31860
1921 4820
1924 3340
1926 3660
1930 16740
1932 5360
1935 6020
1950 2140
1954 21220
1959 13920
1961 4340
1964 2500
1966 85500
1970 5460
1972 3560
1975 8580
1990 6780
1994 4820
1999 11500
2001 2680
2004 14200
2006 28540
2010 5360
2012 19800
2015 5100
2030 3220
2034 4340
2039 20200
2041 23880
2044 2680
2046 6020
2050 3560
2052 4620
2055 16740
2070 3660
2074 2680
2079 26680
2081 3760
2084 4400
2086 8580
2090 19800
2092 6020
2095 5460
2110 85500
2114 23880
2119 10180
2121 4520
2124 3660
2126 5100
2130 4620
2132 4440
2135 5360
2150 28540
2154 3760
2159 7900
2161 4560
2164 25840
2166 16740
2170 6020
2172 24200
2175 3560
2190 6020
2194 4520
2199 22480
2201 22420
2204 5340
2206 5460
2210 4440
2212 4460
2215 19800
2230 8580
2234 4560
2239 28500
2241 4260
2244 6400
2246 5360
2250 24200
2252 7180
2255 4620
2270 5100
2274 22420
2279 9780
2281 2900
2284 3460
2286 3560
2290 4460
2292 6540
2295 6020
2310 16740
2314 4260
2319 8960
2321 2140
2324 21220
2326 19800
2330 7180
2332 23960
2335 4440
2350 5460
2354 2900
2359 28760
2361 6780
2364 4820
2366 4620
2370 6540
2372 6620
2375 24200
2390 5360
2394 2140
2399 26880
2401 3220
2404 4340
2406 6020
2410 23960
2412 6200
2415 4460
2430 3560
2434 6780
2439 11440
2441 3660
2444 2680
2446 4440
2450 6620
2452 3880
2455 7180
2470 19800
2474 3220
2479 9440
2481 85500
2484 23880
2486 24200
2490 6200
2492 29140
2495 6540
2510 4620
2514 3660
2519 26100
2521 28540
2524 3760
2526 4460
2530 3880
2532 6260
2535 23960
2550 6020
2554 85500
2559 13400
2561 6020
2564 4520
2566 7180
2570 29140
2572 8280
2575 6620
2590 4440
2594 28540
2599 9420
2601 8580
2604 4560
2606 6540
2610 6260
2612 5580
2615 6200
2630 24200
2634 6020
2639 7540
2641 5100
2644 22420
2646 23960
2650 8280
2652 24420
2655 3880
2670 4460
2674 8580
2679 114640
2681 16740
2684 4260
2686 6620
2690 5580
2692 5740
2695 29140
2710 7180
2714 5100
2719 34800
2721 5460
2724 2900
2726 6200
2730 24420
2732 7460
2735 6260
2750 6540
2754 16740
2759 14300
2761 5360
2764 2140
2766 3880
2770 5740
2772 5040
2775 8280
2790 23960
2794 5460
2799 14160
2801 3560
2804 6780
2806 29140
2810 7460
2812 9180
2815 5580
2830 6620
2834 5360
2839 29520
2841 19800
2844 3220
2846 6260
2850 5040
2852 5140
2855 24420
2870 6200
2874 3560
2879 22480
2881 4620
2884 3660
2886 8280
2890 9180
2892 6380
2895 5740
2902 43240
2910 3880
2914 19800
2919 12920
2921 6020
2924 85500
2926 5580
2930 5140
2932 114340
2935 7460
2942 16900
2950 29140
2954 4620
2959 10400
2961 4440
2964 28540
2966 24420
2970 6380
2972 26100
2975 5040
2982 4040
2990 6260
2994 6020
