0 0
104 43240
144 16900
153 43240
184 4040
193 16900
224 4860
233 4040
264 3960
273 4860
304 9480
313 3960
344 3640
353 9480
362 43240
384 3340
393 3640
402 16900
424 2500
433 3340
442 4040
464 14200
471 43240
473 2500
482 4860
504 2680
511 16900
513 14200
522 3960
544 4400
551 4040
553 2680
562 9480
584 3660
591 4860
593 4400
602 3640
624 25840
631 3960
633 3660
642 3340
664 5340
671 9480
673 25840
682 2500
704 6400
711 3640
713 5340
722 14200
744 3460
751 3340
753 6400
762 2680
784 21220
791 2500
793 3460
802 4400
824 4820
831 14200
833 21220
842 3660
864 4340
871 2680
873 4820
882 25840
904 2680
911 4400
913 4340
922 5340
944 23880
951 3660
953 2680
962 6400
984 3760
991 25840
993 23880
1002 3460
1024 4520
1030 43240
1031 5340
1033 3760
1042 21220
1064 4560
1070 16900
1071 6400
1073 4520
1082 4820
1104 22420
1110 4040
1111 3460
1113 4560
1122 4340
1144 4260
1150 4860
1151 21220
1153 22420
1162 2680
1184 2900
1190 3960
1191 4820
1193 4260
1202 23880
1224 2140
1230 9480
1231 4340
1233 2900
1242 3760
1264 6780
1270 3640
1271 2680
1273 2140
1282 4520
1304 3220
1310 3340
1311 23880
1313 6780
1322 4560
1344 3660
1350 2500
1351 3760
1353 3220
1362 22420
1384 85500
1390 14200
1391 4520
1393 3660
1402 4260
1424 28540
1430 2680
1431 4560
1433 85500
1442 2900
1464 6020
1470 4400
1471 22420
1473 28540
1482 2140
1504 8580
1510 3660
1511 4260
1513 6020
1522 6780
1544 5100
1550 25840
1551 2900
1553 8580
1562 3220
1584 16740
1590 5340
1591 2140
1593 5100
1602 3660
1624 5460
1630 6400
1631 6780
1633 16740
1640 43240
1642 85500
1664 5360
1670 3460
1671 3220
1673 5460
1680 16900
1682 28540
1704 3560
1709 43240
1710 21220
1711 3660
1713 5360
1720 4040
1722 6020
1744 19800
1749 16900
1750 4820
1751 85500
1753 3560
1760 4860
1762 8580
1784 4620
1789 4040
1790 4340
1791 28540
1793 19800
1800 3960
1802 5100
1824 6020
1829 4860
1830 2680
1831 6020
1833 4620
1840 9480
1842 16740
1864 4440
1869 3960
1870 23880
1871 8580
1873 6020
1880 3640
1882 5460
1904 24200
1909 9480
1910 3760
1911 5100
1913 4440
1920 46580
1922 5360
1944 4460
1949 3640
1950 4520
1951 16740
1953 24200
1960 19400
1962 3560
1984 7180
1989 3340
1990 4560
1991 5460
1993 4460
2000 18240
2002 19800
2024 6540
2029 2500
2030 22420
2031 5360
2033 7180
2040 7540
2042 4620
2064 23960
2069 14200
2070 4260
2071 3560
2073 6540
2080 8360
2082 6020
2104 6620
2109 2680
2110 2900
2111 19800
2113 23960
2120 13140
2122 4440
2144 6200
2149 4400
2150 2140
2151 4620
2153 6620
2160 29480
2162 24200
2184 3880
2189 3660
2190 6780
2191 6020
2193 6200
2200 8680
2202 4460
2212 43240
2224 29140
2229 25840
2230 3220
2231 4440
2233 3880
2240 8900
2242 7180
2252 16900
2264 6260
2269 5340
2270 3660
2271 24200
2273 29140
2280 17660
2282 6540
2292 4040
2304 8280
2309 6400
2310 85500
2311 4460
2313 6260
2317 43240
2320 23900
2322 23960
2332 4860
2344 5580
2349 3460
2350 28540
2351 7180
2353 8280
2357 16900
2360 9220
2362 6620
2372 3960
2384 24420
2389 21220
2390 6020
2391 6540
2393 5580
2397 4040
2400 8000
2402 6200
2412 9480
2424 5740
2429 4820
2430 8580
2431 23960
2433 24420
2437 4860
2440 28520
2442 3880
2452 3640
2464 7460
2469 4340
2470 5100
2471 6620
2473 5740
2477 3960
2480 29220
2482 29140
2492 3340
2504 5040
2509 2680
2510 16740
2511 6200
2513 7460
2517 9480
2520 10160
2522 6260
2532 2500
2544 9180
2549 23880
2550 5460
2551 3880
2553 5040
2557 3640
2560 7980
2562 8280
2572 14200
2584 5140
2589 3760
2590 5360
2591 29140
2593 9180
2597 3340
2600 25780
2602 5580
2612 2680
2624 6380
2629 4520
2630 3560
2631 6260
2633 5140
2637 2500
2640 27240
2642 24420
2652 4400
2664 114340
2669 4560
2670 19800
2671 8280
2673 6380
2677 14200
2680 8600
2682 5740
2692 3660
2704 26100
2709 22420
2710 4620
2711 5580
2713 114340
2717 2680
2720 5580
2722 7460
2732 25840
2744 6000
2749 4260
2750 6020
2751 24420
2753 26100
2757 4400
2760 26020
2762 5040
2772 5340
2784 9080
2789 2900
2790 4440
2791 5740
2793 6000
2797 3660
2800 10540
2802 9180
2812 6400
2824 5860
2829 2140
2830 24200
2831 7460
2833 9080
2837 25840
2840 7740
2842 5140
2852 3460
2864 23580
2869 6780
2870 4460
2871 5040
2873 5860
2877 5340
2880 8220
2882 6380
2892 21220
2904 6480
2909 3220
2910 7180
2911 9180
2913 23580
2917 6400
2920 107920
2922 114340
2932 4820
2944 9400
2949 3660
2950 6540
2951 5140
2953 6480
2957 3460
2960 32800
2962 26100
2970 43240
2972 4340
2984 7200
2989 85500
2990 23960
2991 6380
