0 0
103 43240
143 16900
183 4040
223 4860
263 3960
303 9480
343 3640
383 3340
423 2500
449 43240
463 14200
489 16900
503 2680
529 4040
543 4400
569 4860
583 3660
590 43240
609 3960
623 25840
630 16900
649 9480
663 5340
670 4040
689 3640
703 6400
710 4860
729 3340
743 3460
750 3960
769 2500
783 21220
790 9480
809 14200
823 4820
830 3640
849 2680
863 4340
870 3340
889 4400
903 2680
910 2500
929 3660
943 23880
950 14200
969 25840
983 3760
990 2680
1009 5340
1023 4520
1030 4400
1049 6400
1063 4560
1070 3660
1089 3460
1103 22420
1110 25840
1129 21220
1143 4260
1150 5340
1169 4820
1183 2900
1190 6400
1209 4340
1223 2140
1230 3460
1249 2680
1263 6780
1270 21220
1272 43240
1289 23880
1303 3220
1310 4820
1312 16900
1329 3760
1343 3660
1350 4340
1352 4040
1369 4520
1383 85500
1390 2680
1392 4860
1409 4560
1423 28540
1425 43240
1430 23880
1432 3960
1449 22420
1463 6020
1465 16900
1470 3760
1472 9480
1489 4260
1494 43240
1503 8580
1505 4040
1510 4520
1512 3640
1529 2900
1534 16900
1543 5100
1545 4860
1550 4560
1552 3340
1569 2140
1574 4040
1583 16740
1585 3960
1590 22420
1592 2500
1609 6780
1614 48100
1616 43240
1623 5460
1625 9480
1630 47500
1632 14200
1649 3220
1654 20860
1656 16900
1663 5360
1665 3640
1670 19800
1672 2680
1689 3660
1694 13520
1696 4040
1703 3560
1705 3340
1710 6180
1712 4400
1729 85500
1734 8500
1736 4860
1743 19800
1745 2500
1750 11640
1752 3660
1769 28540
1774 7300
1776 3960
1783 4620
1785 14200
1788 43240
1790 7180
1792 25840
1809 6020
1814 11980
1816 9480
1823 6020
1825 2680
1828 16900
1830 13140
1832 5340
1849 8580
1854 17840
1856 3640
1863 4440
1865 4400
1868 4040
1870 89140
1872 6400
1889 5100
1894 6020
1896 3340
1903 24200
1905 3660
1908 4860
1910 31880
1912 3460
1929 16740
1934 6900
1936 2500
1943 4460
1945 25840
1948 3960
1950 8520
1952 21220
1969 5460
1974 17860
1976 14200
1983 7180
1985 5340
1988 9480
1990 22780
1992 4820
2009 5360
2014 28520
2016 2680
2023 6540
2025 6400
2027 43240
2028 3640
2030 7780
2032 4340
2049 3560
2054 9740
2056 4400
2063 23960
2065 3460
2067 16900
2068 3340
2070 21140
2072 2680
2089 19800
2094 10060
2096 3660
2103 6620
2105 21220
2107 4040
2108 2500
2110 9120
2112 23880
2129 4620
2134 29300
2136 25840
2143 6200
2145 4820
2147 4860
2148 14200
2150 31200
2152 3760
2169 6020
2174 26560
2176 5340
2183 3880
2185 4340
2187 3960
2188 2680
2190 8900
2192 4520
2209 4440
2214 11220
2216 6400
2223 29140
2225 2680
2227 9480
2228 4400
2230 26200
2232 4560
2249 24200
2254 7800
2256 3460
2263 6260
2265 23880
2267 3640
2268 3660
2270 8080
2272 22420
2289 4460
2294 23900
2296 21220
2303 8280
2305 3760
2307 3340
2308 25840
2310 27240
2312 4260
2329 7180
2334 28700
2336 4820
2343 5580
2345 4520
2347 2500
2348 5340
2350 9260
2352 2900
2369 6540
2374 8100
2376 4340
2383 24420
2385 4560
2387 14200
2388 6400
2390 28540
2392 2140
2409 23960
2414 7200
2416 2680
2423 5740
2425 22420
2427 2680
2428 3460
2430 7140
2432 6780
2449 6620
2454 28440
2456 23880
2463 7460
2465 4260
2467 4400
2468 21220
2470 31060
2472 3220
2489 6200
2494 26180
2496 3760
2503 5040
2505 2900
2507 3660
2508 4820
2510 10300
2512 3660
2529 3880
2534 8780
2536 4520
2543 9180
2545 2140
2547 25840
2548 4340
2550 28480
2552 85500
2569 29140
2574 7460
2576 4560
2583 5140
2585 6780
2587 5340
2588 2680
2590 11180
2592 28540
2609 6260
2614 24560
2616 22420
2623 6380
2625 3220
2627 6400
2628 23880
2630 28620
2631 43240
2632 6020
2649 8280
2654 11040
2656 4260
2663 114340
2665 3660
2667 3460
2668 3760
2670 8140
2671 16900
2672 8580
2689 5580
2694 6120
2696 2900
2703 26100
2705 85500
2707 21220
2708 4520
2710 32040
2711 4040
2712 5100
2729 24420
2734 5800
2736 2140
2743 6000
2745 28540
2747 4820
2748 4560
2750 8400
2751 4860
2752 16740
2769 5740
2774 92280
2776 6780
2783 9080
2785 6020
2787 4340
2788 22420
2790 15060
2791 3960
2792 5460
2809 7460
2814 31760
2816 3220
2823 5860
2825 8580
2827 2680
2828 4260
2830 8800
2831 9480
2832 5360
2849 5040
2854 9680
2856 3660
2863 23580
2865 5100
2867 23880
2868 2900
2870 28080
2871 3640
2872 3560
2889 9180
2894 94080
2896 85500
2903 6480
2905 16740
2907 3760
2908 2140
2910 91240
2911 3340
2912 19800
2929 5140
2934 33640
2936 28540
2943 9400
2945 5460
2947 4520
2948 6780
2950 36000
2951 2500
2952 4620
2969 6380
2974 22760
2976 6020
2983 7200
2985 5360
2987 4560
2988 3220
2990 11060
2991 14200
2992 4214
