0 0
1382 43240
1422 16900
1462 4040
1502 4860
1542 3960
1582 9480
1622 3640
1662 3340
1702 2500
1742 14200
1782 2680
1822 4400
1862 3660
1902 25840
1942 5340
1957 43240
1982 6400
1997 16900
2022 3460
2037 4040
2052 43240
2062 21220
2077 4860
2092 16900
2102 4820
2117 3960
2132 4040
2142 4340
2157 9480
2172 4860
2182 2680
2197 3640
2212 3960
2222 23880
2237 3340
2252 9480
2262 3760
2277 2500
2292 3640
2302 4520
2317 14200
2332 3340
2342 4560
2357 2680
2372 2500
2382 22420
2397 4400
2412 14200
2422 4260
2433 43240
2437 3660
2452 2680
2462 2900
2473 16900
2477 25840
2492 4400
2502 2140
2513 4040
2517 5340
2532 3660
2542 6780
2547 43240
2553 4860
2557 6400
2572 25840
2582 3220
2587 16900
2593 3960
2597 3460
2612 5340
2622 3660
2627 4040
2633 9480
2637 21220
2652 6400
2662 85500
2667 4860
2673 3640
2677 4820
2692 3460
2702 28540
2707 3960
2713 3340
2717 4340
2732 21220
2742 6020
2747 9480
2753 2500
2757 45920
2772 48060
2782 8580
2787 3640
2793 14200
2797 40780
2812 21240
2822 5100
2827 3340
2833 2680
2837 7800
2852 6720
2862 16740
2867 2500
2873 4400
2877 9380
2892 28740
2902 5460
2907 14200
2913 3660
2917 8520
2932 7720
2942 5360
2947 2680
2953 25840
2957 31900
2972 11630
