0 0
411 43240
438 43240
451 16900
458 43240
478 16900
491 4040
498 16900
518 4040
531 4860
538 4040
556 43240
558 4860
571 3960
578 4860
596 16900
598 3960
611 9480
618 3960
636 4040
638 9480
651 3640
658 9480
676 4860
678 3640
691 3340
698 3640
716 3960
718 3340
731 2500
738 3340
756 9480
758 2500
771 14200
778 2500
796 3640
798 14200
811 2680
818 14200
836 3340
838 2680
851 4400
858 2680
876 2500
878 4400
891 3660
898 4400
916 14200
918 3660
931 25840
938 3660
956 2680
958 25840
971 5340
978 25840
996 4400
998 5340
1011 6400
1018 5340
1036 3660
1038 6400
1051 3460
1058 6400
1076 25840
1078 3460
1091 21220
1098 3460
1116 5340
1118 21220
1131 4820
1138 21220
1156 6400
1158 4820
1171 4340
1178 4820
1196 3460
1198 4340
1211 2680
1218 4340
1236 21220
1238 2680
1251 23880
1258 2680
1276 4820
1278 23880
1291 3760
1298 23880
1316 4340
1318 3760
1331 4520
1338 3760
1356 2680
1358 4520
1371 4560
1378 4520
1396 23880
1398 4560
1411 22420
1418 4560
1436 3760
1438 22420
1451 4260
1458 22420
1476 4520
1478 4260
1491 2900
1498 4260
1516 4560
1518 2900
1531 2140
1538 2900
1556 22420
1558 2140
1571 6780
1578 2140
1596 4260
1598 6780
1611 3220
1618 6780
1636 2900
1638 3220
1651 3660
1658 3220
1676 2140
1678 3660
1691 85500
1698 3660
1716 6780
1718 85500
1731 28540
1738 85500
1756 3220
1758 28540
1771 6020
1778 28540
1796 3660
1798 6020
1801 43240
1811 8580
1818 6020
1836 85500
1838 8580
1841 16900
1851 5100
1858 8580
1876 28540
1878 5100
1881 4040
1891 16740
1898 5100
1916 6020
1918 16740
1921 4860
1931 5460
1938 16740
1956 8580
1958 5460
1961 3960
1971 5360
1978 5460
1996 5100
1998 5360
2001 9480
2011 3560
2018 5360
2036 16740
2038 3560
2041 3640
2051 19800
2058 3560
2061 43240
2076 5460
2078 19800
2081 3340
2091 4620
2098 19800
2101 16900
2116 5360
2118 47860
2121 45740
2131 6020
2138 4620
2141 4040
2156 3560
2158 22920
2161 31100
2171 4440
2178 6020
2181 4860
2196 19800
2198 8480
2201 6720
2211 24200
2218 4440
2221 3960
2236 4620
2238 29060
2241 9260
2251 4460
2258 24200
2261 9480
2276 6020
2278 8420
2281 7620
2291 7180
2298 4460
2301 3640
2316 4440
2318 16660
2321 35320
2331 6540
2338 7180
2341 3340
2356 24200
2358 10180
2361 8980
2371 23960
2378 6540
2381 2500
2396 4460
2398 27300
2401 9740
2411 6620
2418 23960
2421 14200
2436 7180
2438 9120
2441 5960
2451 6200
2458 6620
2461 2680
2476 6540
2478 20400
2481 35420
2483 43240
2491 3880
2498 6200
2501 4400
2516 23960
2518 6560
2521 7500
2523 16900
2531 29140
2538 3880
2541 3660
2556 6620
2558 33540
2561 8740
2563 4040
2571 6260
2578 29140
2581 25840
2596 6200
2598 9920
2601 6340
2603 4860
2611 8280
2618 6260
2621 5340
2632 43240
2636 3880
2638 34120
2641 49720
2643 3960
2651 5580
2658 8280
2661 6400
2672 16900
2676 29140
2678 10920
2681 9100
2683 9480
2691 24420
2698 5580
2701 3460
2712 4040
2716 6260
2718 30820
2721 10920
2723 3640
2731 5740
2738 24420
2741 21220
2752 4860
2756 8280
2758 9200
2761 8020
2763 3340
2771 7460
2778 5740
2781 4820
2792 3960
2796 5580
2798 28680
2801 43640
2803 2500
2811 5040
2818 7460
2821 4340
2832 9480
2836 24420
2838 9860
2841 9080
2843 14200
2851 9180
2858 5040
2861 2680
2872 3640
2876 5740
2878 13520
2881 7240
2883 2680
2891 5140
2898 9180
2901 23880
2912 3340
2916 7460
2918 7820
2921 4820
2923 4400
2931 6380
2938 5140
2941 3760
2952 2500
2956 5040
2958 30260
2961 30660
2963 3660
2971 114340
2978 6380
2981 4520
