0 0
592 43240
632 16900
672 4040
712 4860
752 3960
792 9480
832 3640
872 3340
879 43240
912 2500
919 16900
952 14200
959 4040
992 2680
999 4860
1032 4400
1039 3960
1072 3660
1079 52720
1112 25840
1114 43240
1119 20540
1133 43240
1152 5340
1154 16900
1159 7380
1173 16900
1192 6400
1194 4040
1199 7360
1213 4040
1232 3460
1234 4860
1239 18160
1253 4860
1272 21220
1274 3960
1279 12160
1293 3960
1312 4820
1314 9480
1319 8040
1333 9480
1352 4340
1354 3640
1359 7000
1373 3640
1392 2680
1394 3340
1399 28340
1413 3340
1432 23880
1434 2500
1439 19540
1453 2500
1472 3760
1474 14200
1479 9080
1493 14200
1512 4520
1514 2680
1519 7860
1533 2680
1552 4560
1554 4400
1559 24880
1573 4400
1592 22420
1594 3660
1599 30660
1613 46900
1632 4260
1634 25840
1639 9680
1653 42740
1657 43240
1672 2900
1674 5340
1679 9080
1693 9380
1697 16900
1712 2140
1714 6400
1719 27340
1733 11260
1734 43240
1737 4040
1752 6780
1754 3460
1759 24980
1773 7420
1774 16900
1777 4860
1792 3220
1794 21220
1799 9340
1813 30700
1814 4040
1817 3960
1832 3660
1834 4820
1839 8900
1853 8460
1854 4860
1857 9480
1872 85500
1874 4340
1879 25100
1893 7680
1894 3960
1897 3640
1912 28540
1914 2680
1919 28140
1933 5180
1934 9480
1937 3340
1952 6020
1954 23880
1959 6660
1973 38080
1974 3640
1977 2500
1992 8580
1994 3760
1999 6660
2013 6440
2014 3340
2017 14200
2032 5100
2034 4520
2039 11340
2053 8920
2054 2500
2057 2680
2072 16740
2074 4560
2079 25640
2093 8220
2094 14200
2097 4400
2112 5460
2114 22420
2119 7920
2133 48260
2134 2680
2137 3660
2152 5360
2154 4260
2159 88400
2173 9600
2174 4400
2177 25840
2192 3560
2194 2900
2199 30680
2213 9300
2214 3660
2217 5340
2232 19800
2234 2140
2239 12800
2253 5600
2254 25840
2257 6400
2272 4620
2274 6780
2279 11800
2293 28000
2294 5340
2297 3460
2312 6020
2314 3220
2319 8760
2333 8040
2334 6400
2337 21220
2344 43240
2349 43240
2352 4440
2354 3660
2359 102240
2373 8000
2374 3460
2377 4820
2384 16900
2389 16900
2392 24200
2394 85500
2399 34000
2413 88180
2414 21220
2417 4340
2424 4040
2429 47280
2432 4460
2434 28540
2439 11380
2453 52420
2454 4820
2457 2680
2464 4860
2469 21760
2472 7180
2474 6020
2479 12140
2493 9780
2494 4340
2497 23880
2504 3960
2509 8000
2512 6540
2514 8580
2519 24900
2533 13100
2534 2680
2537 3760
2544 9480
2549 14340
2552 23960
2554 5100
2559 64600
2573 9660
2574 23880
2577 4520
2584 3640
2589 7600
2592 6620
2594 16740
2599 28380
2613 39160
2614 3760
2617 4560
2624 3340
2629 12820
2632 6200
2634 5460
2639 13840
2653 9720
2654 4520
2657 22420
2664 2500
2669 6140
2672 3880
2674 5360
2679 32620
2693 8260
2694 4560
2697 4260
2704 14200
2709 17540
2712 29140
2714 3560
2719 28220
2733 5700
2734 22420
2737 2900
2744 2680
2749 5180
2752 6260
2754 19800
2759 21280
2773 26580
2774 4260
2777 2140
2784 4400
2789 18600
2792 8280
2794 4620
2799 16200
2813 7840
2814 2900
2817 6780
2824 3660
2829 6340
2832 5580
2834 6020
2839 31740
2853 9680
2854 2140
2857 3220
2864 25840
2869 30240
2872 24420
2874 4440
2879 33320
2893 89940
2894 6780
2897 3660
2904 5340
2909 9000
2912 5740
2914 24200
2919 24860
2933 52740
2934 3220
2937 85500
2944 6400
2949 32240
2952 7460
2954 4460
2959 13740
2973 10480
2974 3660
2977 28540
2984 3460
