0 0
187 43240
227 16900
267 4040
300 43240
307 4860
340 16900
347 3960
380 4040
387 9480
416 43240
420 4860
427 3640
456 16900
460 3960
467 3340
496 4040
500 9480
507 2500
534 43240
536 4860
540 3640
547 14200
574 16900
576 3960
580 3340
587 2680
614 4040
616 9480
620 2500
627 4400
654 4860
656 3640
660 14200
667 3660
694 3960
696 3340
700 2680
707 25840
734 52720
736 2500
740 4400
747 5340
774 20540
776 14200
780 3660
787 6400
814 7380
816 2680
820 25840
827 3460
854 7360
856 4400
860 5340
867 21220
894 18160
896 3660
900 6400
907 4820
934 12160
936 25840
940 3460
947 4340
974 8040
976 5340
980 21220
987 2680
1014 7000
1016 6400
1020 4820
1027 23880
1054 28340
1056 3460
1060 4340
1067 3760
1094 19540
1096 21220
1100 2680
1107 4520
1134 9080
1136 4820
1140 23880
1147 4560
1174 7860
1176 4340
1180 3760
1187 22420
1214 24880
1216 2680
1220 4520
1225 43240
1227 4260
1254 30660
1256 23880
1260 4560
1265 16900
1267 2900
1294 9680
1296 3760
1300 22420
1305 4040
1307 2140
1309 43240
1334 9080
1336 4520
1340 4260
1345 4860
1347 6780
1349 16900
1374 27340
1376 4560
1380 2900
1385 3960
1387 3220
1389 4040
1414 24980
1416 22420
1420 2140
1425 9480
1427 3660
1429 4860
1454 9340
1456 4260
1460 6780
1465 3640
1467 85500
1469 3960
1494 8900
1496 2900
1500 3220
1505 3340
1507 28540
1509 9480
1516 43240
1534 25100
1536 2140
1540 3660
1545 2500
1547 6020
1549 3640
1556 16900
1574 28140
1576 6780
1580 85500
1585 14200
1587 8580
1589 3340
1596 4040
1614 6660
1616 3220
1620 28540
1625 2680
1627 5100
1629 2500
1636 4860
1654 6660
1656 3660
1660 6020
1665 4400
1667 16740
1669 14200
1676 3960
1694 11340
1696 85500
1700 8580
1705 3660
1707 5460
1709 2680
1716 9480
1734 25640
1736 28540
1740 5100
1745 25840
1747 5360
1749 47640
1756 3640
1774 7920
1776 6020
1780 16740
1785 5340
1787 3560
1789 20560
1796 3340
1814 88400
1816 8580
1820 5460
1825 6400
1827 19800
1829 29880
1836 2500
1854 30680
1856 5100
1860 5360
1865 3460
1867 4620
1869 10200
1876 14200
1894 12800
1896 16740
1900 3560
1905 21220
1907 6020
1909 10360
1916 2680
1934 11800
1936 5460
1940 19800
1945 4820
1947 4440
1949 12940
1956 4400
1974 8760
1976 5360
1980 4620
1985 4340
1987 24200
1989 24860
1996 3660
2014 102240
2016 3560
2020 6020
2025 2680
2027 4460
2029 8160
2036 25840
2054 34000
2056 19800
2060 4440
2065 23880
2067 7180
2069 6840
2076 5340
2094 11380
2096 4620
2100 24200
2105 3760
2107 6540
2109 16880
2116 6400
2134 12140
2136 6020
2140 4460
2145 4520
2147 23960
2149 26560
2156 3460
2174 24900
2176 4440
2180 7180
2185 4560
2187 6620
2189 8160
2196 21220
2208 43240
2214 21360
2216 24200
2220 6540
2225 22420
2227 6200
2229 8180
2236 4820
2248 16900
2254 11480
2256 4460
2260 23960
2265 4260
2267 3880
2269 30400
2276 4340
2288 4040
2294 9800
2296 7180
2300 6620
2305 2900
2307 29140
2309 27760
2316 2680
2328 4860
2334 27760
2336 6540
2340 6200
2345 2140
2347 6260
2349 10660
2356 23880
2368 3960
2374 24260
2376 23960
2380 3880
2385 6780
2387 8280
2389 6360
2396 3760
2408 9480
2414 11800
2416 6620
2420 29140
2425 3220
2427 5580
2429 23360
2436 4520
2448 3640
2454 12560
2456 6200
2460 6260
2465 3660
2467 24420
2469 11600
2476 4560
2488 3340
2494 28400
2496 3880
2500 8280
2505 85500
2507 48980
2509 7560
2516 22420
2528 2500
2534 30820
2536 29140
2540 5580
2545 28540
2547 24360
2549 6340
2556 4260
2568 14200
2574 10660
2576 6260
2580 24420
2585 6020
2587 9080
2589 109380
2596 2900
2608 2680
2614 11060
2616 8280
2620 5740
2625 8580
2627 14040
2629 32300
2636 2140
2648 4400
2654 35680
2656 5580
2660 7460
2665 5100
2667 9100
2669 10540
2676 6780
2688 3660
2694 30220
2696 24420
2700 5040
2705 16740
2707 15860
2709 13140
2716 3220
2728 25840
2734 14900
2736 5740
2740 9180
2745 5460
2747 117980
2749 27520
2756 3660
2768 5340
2774 11780
2776 7460
2780 5140
2785 5360
2787 29440
2789 21000
2796 85500
2808 6400
2814 28300
2816 5040
2820 6380
2825 3560
2827 8500
2829 8360
2836 28540
2848 3460
2854 34880
2856 9180
2860 114340
2865 19800
2867 23280
2869 7500
2876 6020
2888 21220
2894 13720
2896 5140
2900 26100
2905 4620
2907 8540
2909 10340
2916 8580
2928 4820
2934 13320
2936 6380
2940 6000
2945 6020
2947 27980
2949 23020
2956 5100
2968 4340
2974 14760
2976 114340
2980 9080
