0 0
283 43240
323 16900
363 4040
403 4860
443 3960
483 9480
523 3640
563 3340
603 2500
643 14200
683 2680
723 4400
763 3660
803 25840
843 5340
883 6400
923 3460
963 21220
1003 4820
1043 4340
1083 2680
1123 23880
1139 43240
1163 3760
1175 43240
1179 16900
1203 4520
1215 16900
1219 4040
1243 4560
1255 4040
1259 4860
1283 22420
1295 4860
1299 3960
1323 4260
1335 47200
1339 9480
1363 2900
1375 26380
1379 3640
1403 2140
1415 7680
1419 3340
1443 6780
1455 8200
1459 2500
1483 3220
1495 6460
1499 14200
1523 3660
1535 23680
1539 2680
1563 85500
1575 6320
1579 4400
1603 28540
1615 7740
1619 3660
1643 6020
1655 6160
1659 25840
1673 43240
1683 8580
1695 40040
1699 5340
1713 16900
1723 5100
1735 8020
1739 6400
1753 4040
1763 16740
1775 10800
1779 3460
1793 4860
1803 5460
1815 7120
1819 21220
1833 3960
1843 5360
1855 47060
1859 4820
1873 9480
1883 3560
1895 10160
1899 4340
1913 3640
1923 19800
1935 10740
1939 2680
1953 3340
1963 4620
1975 6140
1979 23880
1993 2500
2003 6020
2015 45100
2019 3760
2033 14200
2043 4440
2055 8580
2059 4520
2073 45920
2083 24200
2095 8860
2099 4560
2113 21300
2123 4460
2135 7240
2139 22420
2153 7700
2163 7180
2175 46300
2179 4260
2193 30700
2203 6540
2215 8020
2219 2900
2233 9300
2243 23960
2255 7420
2259 2140
2273 15880
2283 6620
2294 43240
2295 6700
2299 6780
2313 7100
2323 6200
2334 16900
2335 29200
2339 3220
2353 24560
2363 3880
2374 4040
2375 7480
2379 3660
2393 7320
2403 29140
2414 4860
2415 6560
2419 85500
2433 18540
2443 6260
2454 3960
2455 87640
2459 28540
2473 5360
2483 8280
2494 9480
2495 35320
2499 6020
2513 28280
2523 5580
2534 3640
2535 9240
2539 8580
2551 43240
2553 7420
2563 24420
2574 3340
2575 12240
2579 5100
2591 16900
2593 30360
2603 5740
2614 2500
2615 90600
2619 16740
2631 4040
2633 9900
2643 7460
2654 14200
2655 45280
2659 5460
2671 4860
2673 28820
2683 5040
2694 2680
2695 11480
2699 5360
2711 3960
2713 7720
2723 9180
2734 4400
2735 13940
2739 3560
2751 9480
2753 24120
2763 5140
2774 3660
2775 8660
2779 19800
2791 3640
2793 6960
2803 6380
2814 25840
2815 36540
2819 4620
2831 3340
2833 11120
2843 114340
2854 5340
2855 10080
2859 6020
2871 2500
2873 5900
2883 26100
2894 6400
2895 11380
2899 4440
2911 14200
2913 27540
2923 6000
2934 3460
2935 8000
2939 24200
2951 2680
2953 89260
2963 9080
2974 15915
