0 0
397 43240
437 16900
477 4040
517 4860
557 3960
597 9480
637 3640
677 3340
717 2500
751 43240
757 14200
791 16900
797 2680
831 4040
837 4400
871 4860
877 3660
911 3960
917 25840
951 9480
957 5340
991 3640
997 6400
1031 3340
1037 3460
1071 2500
1077 21220
1111 14200
1117 4820
1151 2680
1157 4340
1191 4400
1197 2680
1231 3660
1237 23880
1271 25840
1277 3760
1311 5340
1317 4520
1351 6400
1357 4560
1391 3460
1397 22420
1431 21220
1437 4260
1471 4820
1477 2900
1511 4340
1517 2140
1551 2680
1557 6780
1591 23880
1597 3220
1631 3760
1637 3660
1671 4520
1677 85500
1711 4560
1717 28540
1751 22420
1757 6020
1791 4260
1797 8580
1831 2900
1837 5100
1871 45380
1877 16740
1911 23680
1917 5460
1951 7260
1957 5360
1991 8520
1997 3560
2031 89460
2037 19800
2071 38020
2077 4620
2111 9660
2117 6020
2151 11920
2157 4440
2191 7600
2193 43240
2197 24200
2231 30940
2233 16900
2236 43240
2237 4460
2259 43240
2271 8140
2273 4040
2276 16900
2277 7180
2299 16900
2311 9760
2313 4860
2316 4040
2317 6540
2339 4040
2351 7220
2353 3960
2356 4860
2357 23960
2379 4860
2391 45640
2393 9480
2396 3960
2397 6620
2419 3960
2431 9960
2433 3640
2436 9480
2437 6200
2459 9480
2471 12420
2473 3340
2476 3640
2477 3880
2499 3640
2502 43240
2511 7900
2513 2500
2516 3340
2517 29140
2539 3340
2542 16900
2551 45420
2553 14200
2556 2500
2557 6260
2579 2500
2582 4040
2591 9280
2593 2680
2596 14200
2597 8280
2607 43240
2619 14200
2622 4860
2631 11520
2633 4400
2636 2680
2637 5580
2647 16900
2659 2680
2662 3960
2671 9220
2673 3660
2676 4400
2677 24420
2687 4040
2699 4400
2702 9480
2711 47840
2713 25840
2716 3660
2717 5740
2727 4860
2739 3660
2742 3640
2751 10380
2753 5340
2756 25840
2757 50700
2767 3960
2779 25840
2782 3340
2791 10720
2793 6400
2796 5340
2797 21940
2807 9480
2819 5340
2822 2500
2831 8440
2833 3460
2836 6400
2837 13220
2847 3640
2859 6400
2862 14200
2871 51560
2873 21220
2876 3460
2877 10000
2887 3340
2899 3460
2902 2680
2911 10520
2913 4820
2916 21220
2917 10340
2927 2500
2939 21220
2942 4400
2951 11180
2953 4340
2956 4820
2957 123820
2967 14200
2979 4820
2982 3111
