0 0
1008 43240
1048 16900
1088 4040
1128 4860
1168 3960
1208 9480
1248 3640
1288 3340
1328 2500
1368 14200
1408 2680
1448 4400
1488 3660
1528 25840
1568 5340
1608 6400
1648 3460
1683 43240
1688 21220
1723 16900
1728 48060
1763 4040
1768 21240
1803 4860
1808 6720
1843 3960
1848 28740
1883 9480
1888 7720
1923 3640
1928 14000
1963 3340
1968 8200
2003 2500
2008 25760
2043 14200
2048 6760
2083 2680
2088 17100
2123 4400
2128 4820
2150 43240
2163 3660
2168 11180
2183 43240
2190 16900
2203 25840
2208 6880
2223 16900
2230 4040
2243 5340
2248 29500
2263 4040
2270 4860
2283 6400
2288 90840
2303 4860
2310 3960
2323 3460
2328 34940
2343 3960
2350 9480
2357 43240
2363 21220
2368 9480
2383 9480
2390 3640
2397 16900
2403 4820
2408 29800
2423 3640
2430 3340
2437 4040
2443 4340
2448 9920
2463 3340
2470 2500
2477 4860
2483 2680
2488 21080
2503 2500
2510 14200
2517 3960
2523 23880
2528 8140
2543 14200
2550 2680
2557 9480
2563 3760
2568 29240
2583 2680
2590 4400
2597 3640
2603 4520
2608 7320
2623 4400
2630 3660
2637 3340
2643 4560
2648 24320
2663 3660
2670 25840
2677 2500
2683 22420
2688 9180
2703 25840
2710 5340
2717 14200
2723 4260
2728 28440
2743 5340
2750 6400
2757 2680
2763 2900
2768 8700
2783 6400
2790 3460
2797 4400
2803 2140
2808 27100
2811 43240
2823 3460
2830 21220
2837 3660
2843 6780
2848 6600
2851 16900
2863 21220
2870 4820
2877 25840
2883 3220
2888 13960
2891 4040
2903 4820
2910 4340
2917 5340
2923 3660
2928 9760
2931 4860
2943 4340
2950 2680
2957 6400
2963 85500
2968 27620
2971 3960
2983 2680
