0 0
262 43240
302 16900
342 4040
382 4860
390 43240
394 43240
422 3960
430 16900
434 16900
462 9480
470 4040
474 4040
502 3640
510 4860
514 4860
542 3340
550 3960
554 3960
582 2500
590 9480
594 9480
622 14200
630 3640
634 3640
635 43240
659 43240
662 2680
670 3340
674 3340
675 16900
699 16900
702 4400
710 2500
714 2500
715 4040
739 4040
742 3660
750 14200
754 14200
755 4860
779 4860
782 25840
790 2680
794 2680
795 3960
803 43240
819 3960
822 5340
830 4400
834 4400
835 9480
843 16900
859 9480
862 6400
870 3660
874 3660
875 3640
883 4040
899 3640
902 3460
910 25840
914 25840
915 3340
923 4860
939 3340
942 21220
950 5340
954 5340
955 2500
963 3960
979 2500
982 4820
990 6400
994 6400
995 14200
1003 9480
1019 14200
1022 4340
1030 3460
1034 3460
1035 2680
1043 3640
1059 2680
1062 2680
1070 21220
1074 21220
1075 4400
1083 3340
1099 4400
1102 23880
1110 4820
1114 4820
1115 3660
1123 2500
1139 3660
1142 3760
1150 4340
1154 4340
1155 25840
1163 14200
1179 25840
1182 4520
1190 2680
1194 2680
1195 5340
1203 2680
1219 5340
1222 4560
1230 23880
1234 23880
1235 6400
1243 4400
1259 6400
1262 22420
1270 3760
1274 3760
1275 3460
1283 3660
1299 3460
1302 4260
1310 4520
1314 4520
1315 21220
1323 25840
1339 21220
1342 2900
1350 4560
1354 4560
1355 4820
1363 5340
1379 4820
1382 2140
1390 22420
1394 22420
1395 4340
1403 6400
1410 43240
1419 4340
1422 6780
1430 4260
1434 4260
1435 2680
1443 3460
1450 16900
1459 2680
1462 3220
1470 2900
1473 43240
1474 2900
1475 23880
1483 21220
1490 4040
1499 23880
1502 3660
1510 2140
1513 16900
1514 2140
1515 3760
1523 4820
1530 4860
1539 3760
1542 85500
1550 6780
1553 4040
1554 6780
1555 4520
1563 4340
1570 3960
1579 4520
1582 28540
1590 3220
1593 4860
1594 3220
1595 4560
1603 2680
1610 9480
1619 4560
1622 6020
1630 3660
1633 3960
1634 3660
1635 22420
1643 23880
1650 3640
1659 22420
1662 8580
1670 85500
1673 9480
1674 85500
1675 4260
1683 3760
1690 3340
1699 4260
1702 5100
1710 28540
1713 3640
1714 28540
1715 2900
1723 4520
1730 2500
1739 2900
1742 16740
1745 43240
1747 43240
1750 6020
1753 3340
1754 6020
1755 2140
1763 4560
1770 14200
1779 2140
1782 5460
1785 60140
1787 16900
1790 8580
1793 2500
1794 8580
1795 6780
1803 22420
1810 2680
1819 6780
1822 5360
1825 20940
1827 4040
1830 5100
1833 14200
1834 5100
1835 3220
1843 4260
1850 4400
1859 3220
1862 3560
1865 8900
1867 4860
1870 16740
1873 2680
1874 16740
1875 3660
1883 2900
1890 3660
1899 3660
1902 19800
1905 8820
1907 3960
1910 5460
1913 4400
1914 5460
1915 85500
1923 2140
1930 25840
1939 85500
1942 4620
1945 13440
1947 9480
1950 5360
1953 3660
1954 5360
1955 28540
1963 6780
1970 5340
1979 28540
1982 6020
1985 13120
1987 3640
1990 3560
1993 25840
1994 3560
1995 6020
2003 3220
2010 6400
2019 6020
2022 4440
2025 6980
2027 3340
2030 19800
2033 5340
2034 19800
2035 8580
2043 3660
2050 3460
2059 8580
2062 24200
2065 5840
2067 2500
2070 4620
2073 6400
2074 4620
2075 5100
2083 85500
2090 21220
2099 5100
2102 4460
2105 16700
2107 14200
2110 6020
2113 3460
2114 6020
2115 16740
2120 43240
2123 28540
2130 4820
2139 16740
2142 7180
2145 16880
2147 2680
2150 4440
2153 21220
2154 4440
2155 5460
2160 16900
2163 6020
2170 4340
2179 5460
2182 6540
2185 7080
2187 4400
2190 24200
2193 4820
2194 24200
2195 5360
2200 4040
2203 8580
2210 2680
2219 5360
2222 23960
2225 8060
2227 3660
2230 4460
2233 4340
2234 4460
2235 3560
2240 4860
2243 5100
2250 23880
2259 3560
2262 6620
2265 29500
2267 25840
2270 7180
2273 2680
2274 7180
2275 19800
2280 3960
2283 16740
2290 3760
2299 19800
2302 6200
2305 31180
2307 5340
2310 6540
2313 23880
2314 6540
2315 4620
2320 9480
2323 5460
2330 4520
2339 4620
2342 3880
2345 11740
2347 6400
2350 23960
2353 3760
2354 23960
2355 6020
2360 3640
2363 5360
2370 4560
2379 6020
2382 29140
2385 9860
2387 3460
2390 6620
2393 4520
2394 6620
2395 4440
2400 3340
2403 3560
2410 22420
2419 4440
2422 6260
2425 24680
2427 21220
2430 6200
2433 4560
2434 6200
2435 24200
2440 2500
2443 19800
2450 4260
2459 24200
2462 8280
2465 26040
2467 4820
2470 3880
2473 22420
2474 3880
2475 4460
2480 14200
2483 4620
2490 2900
2499 4460
2502 5580
2505 9160
2506 43240
2507 4340
2510 29140
2513 4260
2514 29140
2515 7180
2520 2680
2523 6020
2530 2140
2539 7180
2542 24420
2545 7020
2546 16900
2547 2680
2550 6260
2553 2900
2554 6260
2555 6540
2560 4400
2563 4440
2570 6780
2579 6540
2582 5740
2585 26560
2586 4040
2587 23880
2590 8280
2593 2140
2594 8280
2595 23960
2600 3660
2603 24200
2610 3220
2619 23960
2622 7460
2625 27640
2626 4860
2627 3760
2630 5580
2633 6780
2634 5580
2635 6620
2640 25840
2643 4460
2650 3660
2659 6620
2662 5040
2665 8280
2666 3960
2667 4520
2670 24420
2673 3220
2674 24420
2675 6200
2680 5340
2683 7180
2690 85500
2699 6200
2702 9180
2705 9080
2706 9480
2707 4560
2710 5740
2713 3660
2714 5740
2715 3880
2720 6400
2723 6540
2730 28540
2739 3880
2742 5140
2745 26980
2746 3640
2747 22420
2750 7460
2753 85500
2754 7460
2755 29140
2760 3460
2763 23960
2770 6020
2779 29140
2782 6380
2785 26680
2786 3340
2787 4260
2790 5040
2793 28540
2794 5040
2795 6260
2800 21220
2803 6620
2810 8580
2819 6260
2822 114340
2825 7160
2826 2500
2827 2900
2830 9180
2833 6020
2834 9180
2835 8280
2840 4820
2843 6200
2850 5100
2859 8280
2862 26100
2865 5040
2866 14200
2867 2140
2870 5140
2873 8580
2874 5140
2875 5580
2880 4340
2883 3880
2890 16740
2899 5580
2902 6000
2905 8920
2906 2680
2907 6780
2910 6380
2913 5100
2914 6380
2915 24420
2920 2680
2923 29140
2930 5460
2939 24420
2942 9080
2945 10000
2946 4400
2947 3220
2950 114340
2953 16740
2954 114340
2955 5740
2960 23880
2963 6260
2970 5360
2979 5740
2982 5860
2985 6880
2986 3660
2987 3660
2990 26100
2993 3276
