0 0
128 43240
168 16900
176 43240
205 43240
208 4040
216 16900
245 16900
248 4860
256 4040
285 4040
288 3960
296 4860
325 4860
328 9480
336 3960
365 3960
368 3640
376 9480
405 9480
408 3340
409 43240
416 3640
445 3640
448 2500
449 16900
456 3340
485 3340
488 14200
489 4040
496 2500
525 2500
528 2680
529 4860
536 14200
565 14200
568 4400
569 3960
576 2680
605 2680
608 3660
609 9480
616 4400
645 4400
648 25840
649 3640
656 3660
685 3660
688 5340
689 3340
696 25840
725 25840
728 6400
729 2500
736 5340
765 5340
768 3460
769 14200
776 6400
805 6400
808 21220
809 2680
816 3460
845 3460
848 4820
849 4400
856 21220
885 21220
888 4340
889 3660
896 4820
925 4820
928 2680
929 25840
936 4340
965 4340
968 23880
969 5340
976 2680
996 43240
1005 2680
1008 3760
1009 6400
1016 23880
1036 16900
1045 23880
1048 4520
1049 3460
1056 3760
1076 4040
1085 3760
1088 4560
1089 21220
1096 4520
1116 4860
1125 4520
1128 22420
1129 4820
1136 4560
1156 3960
1165 4560
1168 4260
1169 4340
1176 22420
1196 9480
1205 22420
1208 2900
1209 2680
1216 4260
1236 3640
1245 4260
1248 2140
1249 23880
1256 2900
1276 3340
1285 2900
1288 6780
1289 3760
1296 2140
1316 2500
1325 2140
1328 3220
1329 4520
1336 6780
1356 14200
1365 6780
1368 3660
1369 4560
1376 3220
1396 2680
1405 3220
1408 85500
1409 22420
1416 3660
1436 4400
1445 3660
1448 28540
1449 4260
1456 85500
1476 3660
1485 85500
1488 6020
1489 2900
1496 28540
1516 25840
1525 28540
1528 8580
1529 2140
1536 6020
1556 5340
1565 6020
1568 5100
1569 6780
1576 8580
1596 6400
1605 8580
1608 16740
1609 3220
1616 5100
1636 3460
1645 5100
1648 5460
1649 3660
1656 16740
1676 21220
1678 43240
1685 16740
1688 5360
1689 85500
1696 5460
1716 4820
1718 16900
1725 5460
1728 3560
1729 28540
1736 5360
1756 4340
1758 4040
1765 5360
1768 19800
1769 6020
1776 3560
1796 2680
1798 4860
1805 3560
1808 4620
1809 8580
1816 19800
1836 23880
1838 3960
1845 19800
1848 6020
1849 5100
1856 4620
1876 3760
1878 9480
1885 4620
1888 4440
1889 16740
1896 6020
1916 4520
1918 3640
1925 6020
1928 24200
1929 5460
1936 4440
1951 43240
1956 4560
1958 3340
1965 4440
1968 4460
1969 5360
1976 24200
1991 16900
1996 22420
1998 2500
2005 24200
2008 7180
2009 3560
2016 4460
2031 4040
2036 4260
2038 14200
2045 4460
2048 6540
2049 19800
2056 7180
2071 4860
2076 2900
2078 2680
2085 7180
2088 23960
2089 4620
2096 6540
2111 3960
2116 2140
2118 4400
2125 6540
2128 6620
2129 6020
2136 23960
2151 9480
2156 6780
2158 3660
2165 23960
2168 6200
2169 47680
2176 6620
2191 3640
2196 3220
2198 25840
2205 6620
2208 3880
2209 41100
2216 6200
2231 3340
2236 3660
2238 5340
2245 6200
2248 29140
2249 8500
2256 3880
2271 2500
2276 85500
2278 6400
2285 3880
2288 6260
2289 12040
2296 29140
2311 14200
2316 28540
2318 3460
2325 29140
2328 8280
2329 10500
2336 6260
2351 2680
2356 6020
2358 21220
2365 6260
2368 5580
2369 33440
2376 8280
2391 4400
2396 8580
2398 4820
2405 8280
2408 24420
2409 10260
2416 5580
2431 3660
2436 5100
2438 4340
2445 5580
2448 5740
2449 9540
2456 24420
2471 25840
2476 16740
2478 2680
2485 24420
2488 7460
2489 6380
2496 5740
2511 5340
2516 5460
2518 23880
2525 5740
2528 5040
2529 43340
2536 7460
2551 6400
2552 43240
2556 5360
2558 3760
2565 7460
2568 9180
2569 8940
2576 5040
2591 3460
2592 16900
2596 3560
2598 4520
2605 5040
2608 5140
2609 12680
2616 9180
2631 21220
2632 4040
2636 19800
2638 4560
2645 9180
2648 6380
2649 9240
2656 5140
2671 4820
2672 4860
2674 43240
2676 4620
2678 22420
2685 5140
2688 114340
2689 50260
2696 6380
2711 4340
2712 3960
2714 16900
2716 6020
2718 4260
2725 6380
2728 26100
2729 11080
2736 114340
2751 2680
2752 9480
2754 4040
2756 4440
2758 2900
2765 114340
2768 6000
2769 13860
2776 26100
2791 23880
2792 3640
2794 4860
2796 24200
2798 2140
2805 26100
2808 9080
2809 8500
2816 6000
2831 3760
2832 3340
2834 3960
2836 4460
2838 6780
2845 6000
2848 5860
2849 30400
2856 9080
2871 4520
2872 2500
2874 9480
2876 7180
2878 3220
2885 9080
2888 23580
2889 9960
2896 5860
2911 4560
2912 14200
2914 3640
2916 6540
2918 3660
2925 5860
2928 6480
2929 10720
2936 23580
2951 22420
2952 2680
2954 3340
2956 23960
2958 85500
2965 23580
2968 9400
2969 117020
2976 6480
2991 4260
2992 4400
2994 1375
