0 0
340 43240
380 16900
420 4040
460 4860
500 3960
525 43240
540 9480
565 16900
568 43240
580 3640
605 4040
608 16900
620 3340
645 4860
648 4040
660 2500
685 3960
688 4860
700 14200
725 9480
728 3960
740 2680
765 3640
768 9480
780 4400
805 3340
808 3640
820 3660
845 2500
848 3340
860 25840
885 14200
888 2500
900 5340
925 2680
928 14200
940 6400
965 4400
968 2680
980 3460
1005 3660
1008 4400
1020 21220
1045 25840
1048 3660
1060 4820
1071 43240
1085 5340
1088 25840
1100 4340
1111 16900
1125 6400
1128 5340
1140 2680
1151 4040
1165 3460
1168 6400
1180 23880
1191 4860
1205 21220
1208 3460
1220 3760
1231 3960
1245 4820
1248 21220
1260 4520
1271 9480
1285 4340
1288 4820
1300 4560
1311 3640
1325 2680
1328 4340
1340 22420
1351 3340
1365 23880
1368 2680
1380 4260
1391 2500
1405 3760
1408 23880
1420 2900
1431 14200
1445 4520
1448 3760
1460 2140
1471 2680
1485 4560
1488 4520
1500 6780
1511 4400
1525 22420
1528 4560
1540 3220
1551 3660
1565 4260
1568 22420
1580 3660
1591 25840
1605 2900
1608 4260
1620 85500
1631 5340
1645 2140
1648 2900
1660 28540
1671 6400
1685 6780
1688 2140
1700 6020
1711 3460
1725 3220
1728 6780
1740 8580
1751 21220
1765 3660
1768 3220
1780 5100
1791 4820
1805 85500
1808 3660
1820 16740
1831 4340
1845 28540
1848 85500
1860 5460
1871 2680
1885 6020
1888 28540
1900 5360
1911 23880
1925 8580
1928 6020
1940 3560
1951 3760
1965 5100
1968 8580
1980 19800
1991 4520
2005 16740
2008 5100
2020 4620
2028 43240
2031 4560
2045 5460
2048 16740
2060 6020
2068 16900
2071 22420
2085 5360
2088 5460
2090 43240
2100 4440
2103 43240
2108 4040
2111 4260
2125 3560
2128 5360
2130 16900
2140 24200
2143 16900
2146 43240
2148 4860
2151 2900
2154 43240
2165 19800
2168 3560
2170 4040
2180 4460
2183 4040
2186 16900
2188 3960
2191 2140
2194 16900
2205 4620
2208 19800
2210 4860
2220 7180
2223 4860
2226 4040
2228 9480
2231 6780
2234 4040
2245 6020
2248 4620
2250 3960
2260 6540
2263 3960
2266 4860
2268 3640
2271 3220
2274 4860
2285 4440
2288 6020
2290 9480
2300 23960
2303 9480
2306 3960
2308 3340
2311 3660
2314 3960
2325 24200
2328 4440
2330 3640
2340 6620
2343 3640
2346 9480
2348 2500
2351 85500
2354 9480
2365 4460
2368 24200
2370 3340
2380 6200
2383 3340
2386 3640
2388 14200
2391 28540
2394 3640
2405 7180
2408 4460
2410 2500
2420 3880
2423 2500
2426 3340
2428 2680
2431 6020
2434 3340
2445 6540
2448 7180
2450 14200
2460 29140
2463 14200
2466 2500
2468 4400
2471 8580
2474 2500
2485 23960
2488 6540
2490 2680
2500 6260
2503 2680
2506 14200
2508 3660
2511 5100
2514 14200
2525 6620
2528 23960
2530 4400
2540 8280
2543 4400
2546 2680
2548 25840
2551 16740
2554 2680
2565 6200
2568 6620
2570 3660
2580 5580
2583 3660
2586 4400
2588 5340
2591 5460
2594 4400
2605 3880
2608 6200
2610 25840
2620 24420
2623 25840
2626 3660
2628 6400
2631 5360
2634 3660
2645 29140
2648 3880
2650 5340
2657 43240
2660 5740
2663 5340
2666 25840
2668 3460
2671 3560
2674 25840
2685 6260
2688 29140
2690 6400
2697 16900
2700 7460
2703 6400
2706 5340
2708 21220
2711 19800
2714 5340
2725 8280
2728 6260
2730 3460
2737 4040
2740 5040
2743 3460
2746 6400
2748 4820
2751 4620
2754 6400
2765 5580
2768 8280
2770 21220
2777 4860
2780 9180
2783 21220
2786 3460
2788 4340
2791 6020
2794 3460
2805 24420
2808 5580
2810 4820
2817 3960
2820 5140
2823 4820
2826 21220
2828 2680
2831 4440
2834 21220
2845 5740
2848 24420
2850 4340
2857 9480
2860 6380
2863 4340
2866 4820
2868 23880
2871 24200
2874 4820
2885 7460
2888 5740
2890 2680
2897 3640
2900 114340
2903 2680
2906 4340
2908 3760
2910 43240
2911 4460
2914 4340
2925 5040
2928 7460
2930 23880
2937 3340
2940 26100
2943 23880
2946 2680
2948 4520
2950 16900
2951 7180
2954 2680
2965 9180
2968 5040
2970 3760
2977 2500
