0 0
175 43240
215 16900
255 4040
261 43240
295 4860
301 16900
335 3960
341 4040
375 9480
381 4860
415 3640
421 3960
455 3340
461 9480
495 2500
501 3640
535 14200
541 3340
575 2680
581 2500
615 4400
621 14200
655 3660
661 2680
695 25840
701 4400
735 5340
741 3660
769 43240
775 49640
781 25840
809 16900
815 20360
821 5340
849 4040
855 25260
861 6400
889 4860
895 9680
901 3460
929 3960
935 8300
941 21220
969 9480
975 12160
981 4820
1009 3640
1015 27520
1021 4340
1049 3340
1055 7100
1061 2680
1089 2500
1095 7020
1101 23880
1111 43240
1129 14200
1135 18760
1141 3760
1151 16900
1169 2680
1175 25100
1181 4520
1191 4040
1209 4400
1215 8660
1221 4560
1231 4860
1249 3660
1255 6560
1261 22420
1271 3960
1289 25840
1295 27980
1301 4260
1311 9480
1329 5340
1335 12120
1341 2900
1351 3640
1369 6400
1375 9620
1381 2140
1391 3340
1409 3460
1415 7120
1421 6780
1431 2500
1449 21220
1455 106720
1461 3220
1471 14200
1481 43240
1489 4820
1495 33360
1501 3660
1511 2680
1521 16900
1529 4340
1535 10360
1541 85500
1551 4400
1561 4040
1569 2680
1575 11260
1581 28540
1591 3660
1601 4860
1609 23880
1615 28980
1621 6020
1631 25840
1641 3960
1649 3760
1655 20500
1661 8580
1671 5340
1681 9480
1689 4520
1695 9980
1701 5100
1711 6400
1721 3640
1729 4560
1735 9920
1741 16740
1751 3460
1761 3340
1769 22420
1775 25980
1781 5460
1791 21220
1801 2500
1809 4260
1815 24060
1821 5360
1831 4820
1841 14200
1849 2900
1851 43240
1855 7520
1861 3560
1871 4340
1881 2680
1885 43240
1889 2140
1891 16900
1895 8160
1901 19800
1911 2680
1921 4400
1925 16900
1929 6780
1931 4040
1935 11220
1941 4620
1951 23880
1961 3660
1965 4040
1969 3220
1971 4860
1975 27420
1981 6020
1991 3760
2001 25840
2005 4860
2009 3660
2011 3960
2015 8120
2021 4440
2031 4520
2041 5340
2045 3960
2049 85500
2051 9480
2055 92680
2061 24200
2071 4560
2081 6400
2085 9480
2089 28540
2091 3640
2095 35080
2101 4460
2111 22420
2121 3460
2125 3640
2129 6020
2131 3340
2135 29980
2141 7180
2151 4260
2161 21220
2165 3340
2169 8580
2171 2500
2175 15200
2181 6540
2191 2900
2201 4820
2205 2500
2209 5100
2211 14200
2215 11300
2221 23960
2231 2140
2241 4340
2245 14200
2249 16740
2251 2680
2255 20620
2261 6620
2271 6780
2281 2680
2285 2680
2289 5460
2291 4400
2295 34600
2301 6200
2311 3220
2321 23880
2325 4400
2329 5360
2331 3660
2335 11620
2341 3880
2351 3660
2361 3760
2365 3660
2369 3560
2371 25840
2375 11840
2381 29140
2391 85500
2401 47760
2405 25840
2409 19800
2411 5340
2415 25380
2421 6260
2431 28540
2441 21460
2445 5340
2449 4620
2451 6400
2455 29040
2461 8280
2471 6020
2481 26460
2485 6400
2489 6020
2491 3460
2495 11760
2501 5580
2511 8580
2521 9120
2525 3460
2529 4440
2531 21220
2535 11900
2541 24420
2551 5100
2561 6860
2565 21220
2569 24200
2571 4820
2575 29240
2581 5740
2591 16740
2601 11620
2605 4820
2609 4460
2611 4340
2615 13640
2621 7460
2631 5460
2641 10420
2645 4340
2649 7180
2651 2680
2655 12320
2661 5040
2665 43240
2671 5360
2681 6560
2685 2680
2689 6540
2691 23880
2695 12920
2701 9180
2705 16900
2711 3560
2721 6160
2725 23880
2729 23960
2731 3760
2735 138300
2741 5140
2745 4040
2751 19800
2761 99700
2765 3760
2769 6620
2771 4520
2775 32720
2781 6380
2785 4860
2791 4620
2801 31220
2805 4520
2809 6200
2811 4560
2815 12200
2821 114340
2825 3960
2831 6020
2841 10420
2845 4560
2849 3880
2851 22420
2855 12960
2861 26100
2865 9480
2871 4440
2881 12240
2885 22420
2889 29140
2891 4260
2895 35000
2901 6000
2905 3640
2911 24200
2921 30940
2925 4260
2929 6260
2931 2900
2935 29840
2941 9080
2945 3340
2951 4460
2961 22080
2965 2900
2969 8280
2971 2140
