0 0
241 43240
281 16900
321 4040
361 4860
401 3960
441 9480
481 3640
521 3340
561 2500
601 14200
602 43240
641 2680
642 16900
681 4400
682 4040
721 3660
722 4860
761 25840
762 3960
801 5340
802 9480
841 6400
842 3640
881 3460
882 3340
921 21220
922 2500
961 4820
962 14200
1001 4340
1002 2680
1041 2680
1042 4400
1081 23880
1082 3660
1121 3760
1122 25840
1131 43240
1139 43240
1161 4520
1162 5340
1171 16900
1179 16900
1201 4560
1202 6400
1211 4040
1219 4040
1241 22420
1242 3460
1251 4860
1255 43240
1259 4860
1281 4260
1282 21220
1291 3960
1295 16900
1299 3960
1321 2900
1322 4820
1331 9480
1335 4040
1339 9480
1361 2140
1362 4340
1371 3640
1375 4860
1379 3640
1401 6780
1402 2680
1411 3340
1415 3960
1419 3340
1441 3220
1442 23880
1451 2500
1455 9480
1459 2500
1481 3660
1482 3760
1491 14200
1495 3640
1499 14200
1521 85500
1522 4520
1531 2680
1535 3340
1539 2680
1561 28540
1562 4560
1571 4400
1575 2500
1579 4400
1601 6020
1602 22420
1611 3660
1615 14200
1619 3660
1641 8580
1642 4260
1651 25840
1655 2680
1659 25840
1681 5100
1682 2900
1691 5340
1695 4400
1699 5340
1721 16740
1722 2140
1731 6400
1735 3660
1739 6400
1761 48700
1762 6780
1771 3460
1775 25840
1779 3460
1801 22260
1802 3220
1811 21220
1815 5340
1819 21220
1841 7600
1842 3660
1851 4820
1855 6400
1859 4820
1881 24660
1882 85500
1891 4340
1895 3460
1899 4340
1921 51820
1922 28540
1931 2680
1935 21220
1939 2680
1961 32400
1962 6020
1971 23880
1975 48060
1979 23880
2001 12120
2002 8580
2011 3760
2015 21240
2019 3760
2041 32400
2042 5100
2051 4520
2055 6720
2059 4520
2081 10920
2082 16740
2091 4560
2095 71980
2099 4560
2121 30860
2122 5460
2131 22420
2135 24620
2139 22420
2161 12860
2162 5360
2171 4260
2175 18040
2179 4260
2198 43240
2201 31700
2202 3560
2211 2900
2215 13060
2219 2900
2238 16900
2241 12780
2242 19800
2251 2140
2255 29720
2259 2140
2278 4040
2281 46240
2282 4620
2291 6780
2295 16240
2299 6780
2318 4860
2321 11900
2322 6020
2331 3220
2335 20740
2339 3220
2358 3960
2361 39940
2362 4440
2371 3660
2375 8160
2379 3660
2393 43240
2398 9480
2401 13380
2402 24200
2411 85500
2415 13680
2419 85500
2433 16900
2438 3640
2441 55340
2442 4460
2451 28540
2455 21080
2459 28540
2473 4040
2478 3340
2481 15740
2482 7180
2491 6020
2495 32180
2499 6020
2513 4860
2518 2500
2521 35160
2522 49780
2531 8580
2535 95240
2539 8580
2553 3960
2558 14200
2561 11880
2562 40860
2571 5100
2575 38600
2579 5100
2593 9480
2598 2680
2601 52560
2602 10660
2611 16740
2615 35320
2619 16740
2633 3640
2638 4400
2641 13620
2642 11060
2651 5460
2655 35140
2659 5460
2673 3340
2678 3660
2681 18040
2682 7840
2691 5360
2695 16320
2699 5360
2713 2500
2718 25840
2721 12380
2722 38620
2731 3560
2735 24540
2739 3560
2753 14200
2758 5340
2761 52680
2762 9900
2771 19800
2775 29360
2779 19800
2793 2680
2798 6400
2801 122360
2802 11620
2811 4620
2815 34060
2819 4620
2833 4400
2838 3460
2841 33520
2842 8080
2851 6020
2855 11660
2859 6020
2873 3660
2878 21220
2881 12700
2882 38620
2891 4440
2895 27000
2899 4440
2913 25840
2918 4820
2921 38280
2922 8420
2931 24200
2935 33060
2939 24200
2953 5340
2958 4340
2961 13340
2962 11860
2971 4237
