0 0
1150 43240
1190 16900
1226 43240
1230 4040
1251 43240
1266 16900
1270 4860
1291 16900
1306 4040
1310 3960
1330 43240
1331 4040
1346 4860
1350 9480
1370 16900
1371 4860
1386 3960
1390 3640
1410 4040
1411 3960
1426 9480
1430 3340
1450 4860
1451 9480
1466 3640
1470 2500
1490 3960
1491 3640
1506 3340
1510 14200
1530 9480
1531 3340
1546 2500
1550 2680
1556 43240
1570 3640
1571 2500
1586 14200
1590 4400
1596 16900
1610 3340
1611 14200
1626 2680
1630 3660
1636 4040
1650 2500
1651 2680
1666 4400
1670 25840
1676 4860
1690 14200
1691 4400
1706 3660
1710 5340
1716 3960
1730 2680
1731 3660
1746 25840
1750 6400
1756 9480
1770 4400
1771 25840
1786 5340
1790 3460
1796 3640
1810 3660
1811 5340
1826 6400
1830 21220
1836 3340
1850 25840
1851 6400
1866 3460
1870 4820
1876 2500
1890 5340
1891 3460
1906 21220
1910 4340
1916 14200
1930 6400
1931 21220
1946 4820
1950 2680
1956 2680
1970 3460
1971 4820
1976 43240
1986 4340
1990 23880
1996 4400
2010 21220
2011 47580
2016 16900
2026 2680
2030 3760
2036 3660
2050 4820
2051 19580
2056 4040
2066 23880
2070 4520
2076 25840
2090 4340
2091 27920
2096 4860
2097 43240
2105 43240
2106 3760
2110 4560
2116 5340
2130 2680
2131 8620
2136 3960
2137 16900
2145 16900
2146 4520
2150 22420
2156 6400
2170 23880
2171 8480
2176 9480
2177 4040
2185 4040
2186 4560
2190 4260
2196 3460
2210 3760
2211 14040
2216 3640
2217 4860
2225 4860
2226 22420
2230 2900
2236 21220
2250 4520
2251 26060
2256 3340
2257 3960
2265 3960
2266 4260
2270 2140
2276 4820
2290 4560
2291 7600
2296 2500
2297 9480
2305 9480
2306 2900
2310 6780
2316 4340
2330 22420
2331 5400
2336 14200
2337 3640
2345 3640
2346 2140
2350 3220
2356 2680
2367 43240
2370 4260
2371 16340
2376 2680
2377 3340
2385 3340
2386 6780
2390 3660
2396 23880
2407 16900
2410 2900
2411 9460
2416 4400
2417 2500
2425 2500
2426 3220
2430 85500
2436 3760
2447 4040
2450 2140
2451 7620
2456 3660
2457 14200
2465 14200
2466 3660
2470 28540
2476 4520
2487 4860
2490 6780
2491 7320
2496 25840
2497 2680
2505 2680
2506 85500
2510 6020
2516 4560
2527 3960
2530 3220
2531 111340
2536 5340
2537 4400
2545 4400
2546 28540
2550 8580
2556 22420
2567 9480
2570 3660
2571 33880
2576 6400
2577 3660
2585 3660
2586 6020
2590 5100
2596 4260
2607 3640
2610 85500
2611 12420
2616 3460
2617 25840
2625 25840
2626 8580
2630 16740
2636 2900
2647 3340
2650 28540
2651 12040
2656 21220
2657 5340
2665 5340
2666 5100
2670 5460
2676 2140
2687 2500
2690 6020
2691 26320
2696 4820
2697 6400
2705 6400
2706 16740
2710 5360
2716 6780
2727 14200
2730 8580
2731 21560
2736 4340
2737 3460
2745 3460
2746 5460
2750 3560
2756 3220
2767 2680
2770 5100
2771 9800
2776 2680
2777 21220
2785 21220
2786 5360
2790 19800
2796 3660
2807 4400
2810 16740
2811 8040
2816 23880
2817 4820
2825 4820
2826 3560
2830 4620
2836 85500
2847 3660
2850 5460
2851 27440
2856 3760
2857 4340
2865 4340
2866 19800
2870 6020
2876 28540
2887 25840
2890 5360
2891 23560
2896 4520
2897 2680
2905 2680
2906 4620
2910 4440
2916 6020
2927 5340
2930 3560
2931 9140
2936 4560
2937 23880
2945 23880
2946 6020
2950 24200
2956 8580
2967 6400
2970 19800
2971 10580
2976 22420
2977 3760
2985 3760
