0 0
382 43240
422 16900
462 4040
502 4860
542 3960
548 43240
582 9480
588 16900
622 3640
628 4040
662 3340
668 4860
702 2500
708 3960
742 14200
748 9480
782 2680
788 3640
822 4400
828 3340
862 3660
868 2500
902 25840
908 14200
942 5340
948 2680
982 6400
988 4400
1022 3460
1028 3660
1062 21220
1068 25840
1102 4820
1108 5340
1111 43240
1142 4340
1148 6400
1151 16900
1182 2680
1188 3460
1191 4040
1210 43240
1221 43240
1222 23880
1228 21220
1231 4860
1250 16900
1261 16900
1262 3760
1268 4820
1271 3960
1290 4040
1301 4040
1302 4520
1307 43240
1308 4340
1311 9480
1330 4860
1341 4860
1342 4560
1347 16900
1348 2680
1351 3640
1370 3960
1381 3960
1382 22420
1387 4040
1388 23880
1391 3340
1410 9480
1421 9480
1422 4260
1427 4860
1428 3760
1431 2500
1450 3640
1461 3640
1462 2900
1467 3960
1468 4520
1471 14200
1490 3340
1501 3340
1502 2140
1507 9480
1508 4560
1511 2680
1530 2500
1541 2500
1542 6780
1547 3640
1548 22420
1551 4400
1570 14200
1577 43240
1581 14200
1582 3220
1587 3340
1588 4260
1591 3660
1610 2680
1617 16900
1621 2680
1622 3660
1627 2500
1628 2900
1631 25840
1650 4400
1657 4040
1661 4400
1662 85500
1667 14200
1668 2140
1671 5340
1690 3660
1697 4860
1701 3660
1702 28540
1707 2680
1708 6780
1711 6400
1730 25840
1737 3960
1741 25840
1742 6020
1747 4400
1748 3220
1751 3460
1770 5340
1777 9480
1781 5340
1782 8580
1787 3660
1788 3660
1791 21220
1810 6400
1817 3640
1821 6400
1822 5100
1827 25840
1828 85500
1831 4820
1850 3460
1857 3340
1861 3460
1862 16740
1867 5340
1868 28540
1871 4340
1890 21220
1897 2500
1901 21220
1902 5460
1907 6400
1908 6020
1911 2680
1921 43240
1930 4820
1937 14200
1941 4820
1942 5360
1947 3460
1948 8580
1951 23880
1961 16900
1970 4340
1977 2680
1981 4340
1982 3560
1987 21220
1988 5100
1991 3760
2001 4040
2010 2680
2017 4400
2021 2680
2022 19800
2027 4820
2028 16740
2031 4520
2041 4860
2050 23880
2057 3660
2061 23880
2062 4620
2067 4340
2068 5460
2071 4560
2081 3960
2090 3760
2097 25840
2101 3760
2102 6020
2107 2680
2108 5360
2111 22420
2121 9480
2130 4520
2137 5340
2141 4520
2142 4440
2147 23880
2148 3560
2151 4260
2161 3640
2170 4560
2177 6400
2181 4560
2182 24200
2187 3760
2188 19800
2191 2900
2201 3340
2210 22420
2217 3460
2221 22420
2222 4460
2227 4520
2228 4620
2231 2140
2241 2500
2250 4260
2257 21220
2261 4260
2262 7180
2267 4560
2268 6020
2271 6780
2281 14200
2290 2900
2297 4820
2301 2900
2302 6540
2307 22420
2308 4440
2311 3220
2321 2680
2330 2140
2337 4340
2341 2140
2342 23960
2347 4260
2348 24200
2351 3660
2361 4400
2370 6780
2377 2680
2381 6780
2382 6620
2387 2900
2388 4460
2391 85500
2401 3660
2410 3220
2415 43240
2417 23880
2421 3220
2422 6200
2427 2140
2428 7180
2431 28540
2441 25840
2450 3660
2455 16900
2457 3760
2461 3660
2462 3880
2467 6780
2468 6540
2471 6020
2481 5340
2490 85500
2495 4040
2497 4520
2501 85500
2502 29140
2507 3220
2508 23960
2511 8580
2521 6400
2530 28540
2535 4860
2537 4560
2541 28540
2542 6260
2547 3660
2548 6620
2551 5100
2561 3460
2570 6020
2572 43240
2575 3960
2577 22420
2581 6020
2582 8280
2587 85500
2588 6200
2591 16740
2601 21220
2610 8580
2612 16900
2615 9480
2617 4260
2621 8580
2622 5580
2627 28540
2628 3880
2631 5460
2641 4820
2650 5100
2652 4040
2655 3640
2657 2900
2661 5100
2662 24420
2667 6020
2668 29140
2671 5360
2681 4340
2690 16740
2692 4860
2695 3340
2697 45380
2701 16740
2702 5740
2707 8580
2708 6260
2711 3560
2721 2680
2730 5460
2732 3960
2735 2500
2737 23680
2741 5460
2742 7460
2747 5100
2748 8280
2751 19800
2761 23880
2770 5360
2772 9480
2775 14200
2777 7260
2781 5360
2782 5040
2787 16740
2788 5580
2791 4620
2801 3760
2810 3560
2812 3640
2815 2680
2817 8520
2821 3560
2822 9180
2827 5460
2828 24420
2831 6020
2841 4520
2850 19800
2852 3340
2855 4400
2857 89460
2861 19800
2862 5140
2867 5360
2868 5740
2871 4440
2881 4560
2890 4620
2892 2500
2895 3660
2897 38020
2901 4620
2902 6380
2907 3560
2908 7460
2911 24200
2921 22420
2930 6020
2932 14200
2935 25840
2937 9660
2941 6020
2942 114340
2947 19800
2948 5040
2951 4460
2961 4260
2970 4440
2972 2680
2975 5340
