0 0
278 43240
286 43240
318 16900
326 16900
358 4040
366 4040
398 4860
406 4860
438 3960
446 3960
478 9480
486 9480
518 3640
526 3640
558 3340
566 3340
581 43240
598 2500
606 2500
621 16900
638 14200
646 14200
661 4040
678 2680
686 2680
701 4860
718 4400
726 4400
741 3960
758 3660
766 3660
781 9480
793 43240
798 25840
806 25840
821 3640
833 16900
838 5340
846 5340
861 3340
873 4040
878 6400
886 6400
901 2500
913 4860
918 3460
926 3460
941 14200
953 3960
958 21220
966 21220
980 43240
981 2680
993 9480
998 4820
1006 4820
1020 16900
1021 4400
1033 3640
1038 4340
1046 4340
1051 43240
1060 4040
1061 3660
1073 3340
1078 2680
1086 45920
1091 16900
1097 43240
1100 4860
1101 25840
1113 2500
1118 23880
1126 40780
1131 4040
1137 16900
1140 3960
1141 5340
1153 14200
1158 3760
1166 7800
1171 4860
1177 4040
1180 9480
1181 6400
1193 2680
1198 4520
1206 9380
1211 3960
1217 4860
1220 3640
1221 3460
1233 4400
1238 4560
1246 8520
1251 9480
1257 3960
1260 3340
1261 21220
1273 3660
1278 22420
1286 31900
1291 3640
1297 52720
1300 2500
1301 4820
1313 25840
1318 4260
1326 7900
1331 3340
1337 20540
1340 14200
1341 4340
1353 5340
1358 2900
1366 6240
1371 2500
1377 7380
1380 2680
1381 2680
1393 6400
1398 2140
1406 4640
1411 14200
1417 7360
1420 4400
1421 23880
1433 3460
1438 6780
1446 20980
1451 2680
1457 18160
1460 3660
1461 3760
1473 21220
1478 3220
1486 5900
1491 4400
1497 12160
1500 25840
1501 4520
1513 4820
1518 3660
1526 8060
1531 3660
1537 8040
1540 5340
1541 4560
1553 4340
1558 85500
1566 89160
1571 25840
1577 7000
1580 6400
1581 22420
1593 2680
1598 28540
1606 54380
1611 5340
1617 28340
1620 3460
1621 4260
1633 23880
1638 6020
1646 11360
1651 6400
1657 19540
1660 21220
1661 2900
1673 3760
1678 8580
1682 43240
1686 14980
1691 3460
1697 9080
1700 4820
1701 2140
1712 43240
1713 4520
1718 5100
1722 16900
1726 8560
1731 21220
1737 7860
1740 4340
1741 6780
1752 16900
1753 4560
1754 43240
1758 16740
1760 43240
1762 4040
1766 37960
1771 4820
1777 24880
1780 2680
1781 3220
1792 4040
1793 22420
1794 16900
1798 5460
1800 16900
1802 4860
1806 10280
1811 4340
1817 30660
1820 23880
1821 3660
1832 4860
1833 4260
1834 4040
1838 5360
1840 4040
1842 3960
1846 9700
1851 2680
1857 9680
1860 3760
1861 85500
1872 3960
1873 2900
1874 4860
1878 3560
1880 4860
1882 9480
1886 6240
1891 23880
1897 9080
1900 4520
1901 28540
1912 9480
1913 2140
1914 3960
1918 19800
1920 3960
1922 3640
1926 43680
1931 3760
1937 27340
1940 4560
1941 6020
1952 3640
1953 6780
1954 9480
1958 4620
1960 9480
1962 3340
1966 8380
1971 4520
1977 24980
1980 22420
1981 8580
1992 3340
1993 3220
1994 3640
1998 6020
2000 3640
2002 2500
2006 10540
2011 4560
2017 9340
2020 4260
2021 5100
2032 2500
2033 3660
2034 3340
2038 4440
2040 3340
2042 14200
2046 9000
2051 22420
2057 8900
2060 2900
2061 16740
2072 14200
2073 85500
2074 2500
2078 24200
2080 2500
2082 2680
2086 46620
2091 4260
2097 25100
2100 2140
2101 5460
2112 2680
2113 28540
2114 14200
2118 4460
2120 14200
2122 4400
2126 8720
2131 2900
2137 28140
2140 6780
2141 5360
2152 4400
2153 6020
2154 2680
2158 7180
2160 2680
2162 3660
2166 10080
2171 2140
2177 6660
2180 3220
2181 3560
2184 43240
2192 3660
2193 8580
2194 4400
2198 6540
2200 4400
2202 25840
2206 8680
2211 6780
2217 6660
2220 3660
2221 19800
2224 16900
2232 25840
2233 5100
2234 3660
2238 23960
2240 3660
2242 5340
2246 30740
2251 3220
2257 11340
2260 85500
2261 4620
2264 4040
2272 5340
2273 16740
2274 25840
2278 6620
2280 25840
2282 6400
2283 43240
2286 9840
2291 3660
2297 25640
2300 28540
2301 6020
2304 4860
2312 6400
2313 5460
2314 5340
2318 6200
2320 5340
2322 3460
2323 16900
2326 9860
2331 85500
2337 7920
2340 6020
2341 4440
2344 3960
2352 3460
2353 5360
2354 6400
2358 3880
2360 6400
2362 21220
2363 4040
2366 89380
2371 28540
2377 88400
2380 8580
2381 24200
2384 9480
2392 21220
2393 3560
2394 3460
2398 29140
2400 3460
2402 4820
2403 4860
2406 57680
2411 6020
2417 30680
2420 5100
2421 4460
2424 3640
2432 4820
2433 19800
2434 21220
2438 6260
2440 21220
2442 4340
2443 3960
2446 12280
2451 8580
2457 12800
2460 16740
2461 7180
2464 3340
2472 4340
2473 4620
2474 4820
2478 8280
2480 4820
2482 2680
2483 9480
2486 16860
2491 5100
2497 11800
2500 5460
2501 6540
2504 2500
2512 2680
2513 6020
2514 4340
2518 5580
2520 4340
2522 23880
2523 3640
2526 10680
2531 16740
2537 8760
2540 5360
2541 23960
2544 14200
2552 23880
2553 4440
2554 2680
2558 24420
2560 2680
2562 3760
2563 3340
2566 41160
2571 5460
2577 102240
2580 3560
2581 6620
2584 2680
2592 3760
2593 24200
2594 23880
2598 5740
2600 23880
2602 4520
2603 2500
2606 11200
2611 5360
2617 34000
2620 19800
2621 6200
2624 4400
2632 4520
2633 4460
2634 3760
2638 7460
2640 3760
2642 4560
2643 14200
2646 12820
2651 3560
2657 11380
2660 4620
2661 3880
2664 3660
2672 4560
2673 7180
2674 4520
2678 5040
2680 4520
2682 22420
2683 2680
2686 8600
2691 19800
2697 12140
2700 6020
2701 29140
2704 25840
2712 22420
2713 6540
2714 4560
2718 9180
2720 4560
2722 4260
2723 4400
2726 28980
2731 4620
2737 24900
2740 4440
2741 6260
2744 5340
2752 4260
2753 23960
2754 22420
2758 5140
2760 22420
2762 2900
2763 3660
2766 9760
2771 6020
2777 21360
2780 24200
2781 8280
2783 43240
2784 6400
2792 2900
2793 6620
2794 4260
2798 6380
2800 4260
2802 2140
2803 25840
2806 12400
2811 4440
2817 11480
2820 4460
2821 5580
2823 16900
2824 3460
2832 2140
2833 6200
2834 2900
2838 114340
2840 2900
2842 6780
2843 5340
2846 118780
2851 24200
2857 9800
2860 7180
2861 24420
2863 4040
2864 21220
2872 6780
2873 3880
2874 2140
2878 26100
2880 2140
2882 3220
2883 6400
2886 50300
2891 4460
2897 27760
2900 6540
2901 5740
2903 4860
2904 4820
2912 3220
2913 29140
2914 6780
2918 6000
2920 6780
2922 3660
2923 3460
2926 53700
2931 7180
2933 43240
2937 24260
2940 23960
2941 7460
2943 3960
2944 4340
2952 3660
2953 6260
2954 3220
2958 9080
2960 3220
2962 85500
2963 21220
2966 33160
2971 6540
2973 16900
2977 11800
2980 6620
2981 5040
2983 9480
2984 2680
2992 82715
