0 0
192 43240
232 16900
272 4040
312 4860
352 3960
392 9480
432 3640
465 43240
472 3340
505 16900
512 2500
545 4040
552 14200
573 43240
585 4860
592 2680
613 16900
625 3960
632 4400
643 43240
653 4040
665 9480
672 3660
683 16900
693 4860
705 3640
712 25840
723 4040
733 3960
745 3340
752 5340
763 4860
773 9480
785 2500
792 6400
803 3960
813 3640
825 14200
832 3460
843 9480
853 3340
865 2680
872 21220
883 3640
893 2500
905 4400
912 4820
923 3340
933 14200
945 3660
952 4340
963 2500
973 2680
985 25840
992 2680
1003 14200
1013 4400
1025 5340
1032 23880
1043 2680
1053 3660
1065 6400
1072 3760
1083 4400
1093 25840
1105 3460
1112 4520
1123 3660
1133 5340
1145 21220
1152 4560
1163 25840
1173 6400
1185 4820
1192 22420
1203 5340
1213 3460
1225 4340
1232 4260
1243 6400
1253 21220
1265 2680
1272 2900
1283 3460
1293 4820
1305 23880
1312 2140
1323 21220
1333 4340
1345 3760
1352 6780
1360 43240
1363 4820
1373 2680
1385 4520
1392 3220
1400 16900
1403 4340
1413 23880
1425 4560
1432 3660
1440 4040
1443 2680
1453 3760
1465 22420
1472 85500
1480 4860
1483 23880
1493 4520
1505 4260
1512 28540
1520 3960
1523 3760
1533 4560
1545 2900
1552 6020
1560 9480
1563 4520
1566 43240
1573 22420
1585 2140
1592 8580
1600 3640
1603 4560
1606 16900
1613 4260
1625 6780
1632 5100
1640 3340
1643 22420
1646 4040
1653 2900
1665 3220
1672 16740
1680 2500
1683 4260
1686 4860
1693 2140
1705 3660
1712 5460
1720 14200
1723 2900
1726 3960
1733 6780
1745 85500
1746 43240
1752 5360
1760 2680
1763 2140
1766 9480
1773 3220
1785 28540
1786 16900
1792 3560
1800 4400
1803 6780
1806 3640
1813 3660
1825 6020
1826 4040
1832 19800
1840 3660
1843 3220
1846 3340
1853 85500
1865 8580
1866 4860
1870 43240
1872 4620
1880 25840
1883 3660
1886 2500
1893 28540
1905 5100
1906 3960
1910 16900
1912 6020
1920 5340
1923 85500
1926 14200
1933 6020
1945 16740
1946 9480
1950 4040
1952 4440
1960 6400
1963 28540
1966 2680
1973 8580
1985 5460
1986 3640
1990 4860
1992 24200
2000 3460
2003 6020
2006 4400
2013 5100
2025 5360
2026 3340
2030 3960
2032 4460
2040 21220
2043 8580
2046 3660
2053 16740
2065 3560
2066 2500
2070 9480
2072 7180
2080 4820
2083 5100
2086 25840
2093 5460
2105 19800
2106 14200
2110 3640
2112 6540
2120 4340
2123 16740
2126 5340
2133 5360
2145 4620
2146 2680
2150 3340
2152 23960
2160 2680
2163 5460
2166 6400
2173 3560
2185 6020
2186 4400
2190 2500
2192 6620
2200 23880
2203 5360
2206 3460
2213 19800
2225 4440
2226 3660
2230 14200
2232 6200
2240 3760
2243 3560
2246 21220
2253 4620
2265 24200
2266 25840
2270 2680
2272 3880
2280 4520
2283 19800
2286 4820
2293 6020
2305 4460
2306 5340
2310 4400
2312 29140
2320 4560
2323 4620
2326 4340
2333 4440
2345 7180
2346 6400
2350 3660
2352 6260
2360 22420
2363 6020
2366 2680
2373 24200
2385 6540
2386 3460
2390 25840
2392 8280
2400 4260
2403 4440
2406 23880
2413 4460
2425 23960
2426 21220
2430 5340
2432 5580
2440 2900
2443 24200
2446 3760
2453 7180
2456 43240
2465 6620
2466 4820
2470 6400
2472 24420
2480 2140
2483 4460
2486 4520
2493 6540
2496 16900
2505 6200
2506 4340
2510 3460
2512 5740
2520 6780
2523 7180
2526 4560
2533 23960
2536 4040
2545 3880
2546 2680
2550 21220
2552 7460
2560 3220
2563 6540
2566 22420
2573 6620
2576 4860
2585 29140
2586 23880
2590 4820
2592 5040
2600 3660
2603 23960
2606 4260
2613 6200
2616 3960
2625 6260
2626 3760
2630 4340
2632 9180
2640 85500
2643 6620
2646 2900
2653 3880
2656 9480
2665 8280
2666 4520
2670 2680
2672 5140
2680 28540
2683 6200
2686 2140
2693 29140
2696 3640
2705 5580
2706 4560
2710 23880
2712 6380
2720 6020
2723 3880
2726 6780
2733 6260
2736 3340
2745 24420
2746 22420
2750 3760
2752 114340
2760 8580
2763 29140
2766 3220
2773 8280
2776 2500
2785 5740
2786 4260
2790 4520
2792 26100
2796 43240
2800 5100
2803 6260
2806 3660
2813 5580
2816 14200
2825 7460
2826 2900
2830 4560
2832 6000
2836 16900
2840 16740
2843 8280
2846 85500
2853 24420
2856 2680
2865 5040
2866 2140
2870 22420
2872 9080
2876 4040
2880 5460
2883 5580
2886 28540
2893 5740
2896 4400
2905 9180
2906 6780
2910 4260
2912 5860
2916 4860
2920 5360
2923 24420
2926 6020
2933 7460
2936 3660
2945 5140
2946 3220
2950 2900
2952 23580
2956 3960
2960 3560
2963 5740
2966 8580
2973 5040
2976 25840
2985 6380
2986 3660
