0 0
302 43240
342 16900
382 4040
422 4860
462 3960
502 9480
542 3640
582 3340
622 2500
662 14200
702 2680
742 4400
768 43240
782 3660
808 16900
822 25840
848 4040
862 5340
888 4860
902 6400
928 3960
942 3460
968 9480
982 21220
1008 3640
1022 4820
1048 3340
1062 4340
1088 2500
1102 2680
1128 14200
1142 23880
1168 2680
1182 3760
1204 43240
1208 4400
1222 4520
1244 16900
1248 3660
1262 4560
1284 4040
1288 25840
1300 43240
1302 22420
1324 4860
1328 5340
1340 16900
1342 4260
1364 3960
1368 6400
1380 4040
1382 2900
1394 43240
1404 9480
1408 3460
1420 4860
1422 2140
1434 16900
1444 3640
1448 21220
1460 3960
1462 6780
1474 4040
1484 3340
1488 4820
1500 9480
1502 3220
1514 4860
1524 2500
1528 4340
1540 3640
1542 3660
1554 3960
1564 14200
1568 2680
1580 3340
1582 85500
1594 9480
1595 43240
1604 2680
1608 23880
1620 2500
1622 28540
1634 3640
1635 16900
1644 4400
1648 3760
1660 14200
1662 6020
1674 3340
1675 4040
1684 3660
1688 4520
1700 2680
1702 8580
1714 2500
1715 4860
1724 25840
1728 4560
1740 4400
1742 5100
1754 14200
1755 3960
1764 5340
1768 22420
1780 3660
1782 16740
1794 2680
1795 9480
1804 6400
1808 4260
1820 25840
1822 5460
1834 4400
1835 3640
1844 3460
1848 2900
1860 5340
1862 5360
1874 3660
1875 3340
1884 21220
1888 2140
1900 6400
1902 3560
1914 25840
1915 2500
1924 4820
1928 6780
1931 43240
1940 3460
1942 19800
1947 43240
1951 43240
1954 5340
1955 14200
1964 4340
1968 3220
1971 16900
1980 21220
1982 4620
1987 16900
1991 16900
1994 6400
1995 2680
2004 2680
2008 3660
2011 4040
2020 4820
2022 6020
2027 4040
2031 4040
2034 3460
2035 4400
2044 23880
2048 85500
2051 4860
2060 4340
2062 4440
2067 4860
2071 4860
2074 21220
2075 3660
2084 3760
2088 28540
2091 3960
2100 2680
2102 24200
2107 3960
2111 3960
2114 4820
2115 25840
2124 4520
2128 6020
2131 9480
2140 23880
2142 4460
2147 9480
2151 9480
2154 4340
2155 5340
2164 4560
2168 8580
2171 3640
2180 3760
2182 7180
2187 3640
2191 3640
2194 2680
2195 6400
2204 22420
2208 5100
2211 3340
2220 4520
2222 6540
2227 3340
2231 3340
2234 23880
2235 3460
2244 4260
2248 16740
2251 2500
2260 4560
2262 23960
2267 2500
2271 2500
2274 3760
2275 21220
2284 2900
2288 5460
2291 14200
2300 22420
2302 6620
2307 14200
2311 14200
2314 4520
2315 4820
2324 2140
2328 5360
2331 2680
2340 4260
2342 6200
2347 2680
2348 43240
2351 2680
2354 4560
2355 4340
2364 6780
2368 3560
2371 4400
2380 2900
2382 3880
2387 4400
2388 16900
2391 4400
2394 22420
2395 2680
2404 3220
2408 19800
2411 3660
2420 2140
2422 29140
2427 3660
2428 4040
2431 3660
2434 4260
2435 23880
2444 3660
2448 4620
2451 25840
2460 6780
2462 6260
2467 25840
2468 4860
2471 25840
2474 2900
2475 3760
2484 85500
2488 6020
2491 5340
2500 3220
2502 8280
2507 5340
2508 3960
2511 5340
2514 2140
2515 4520
2524 28540
2528 4440
2531 6400
2540 3660
2542 5580
2547 6400
2548 9480
2551 6400
2554 6780
2555 4560
2564 6020
2568 24200
2571 3460
2580 85500
2582 24420
2587 3460
2588 3640
2591 3460
2594 3220
2595 22420
2604 8580
2608 4460
2611 21220
2620 28540
2622 5740
2627 21220
2628 3340
2631 21220
2634 3660
2635 4260
2644 5100
2648 7180
2651 4820
2660 6020
2662 7460
2667 4820
2668 2500
2671 4820
2674 85500
2675 2900
2684 16740
2688 6540
2691 4340
2700 8580
2702 5040
2707 4340
2708 14200
2711 4340
2714 28540
2715 2140
2724 5460
2728 23960
2731 2680
2740 5100
2742 9180
2747 2680
2748 2680
2751 2680
2754 6020
2755 6780
2764 5360
2768 6620
2771 23880
2780 16740
2782 5140
2787 23880
2788 4400
2791 23880
2794 8580
2795 3220
2804 3560
2808 6200
2811 3760
2817 43240
2820 5460
2822 6380
2827 3760
2828 3660
2831 3760
2834 5100
2835 3660
2844 19800
2848 3880
2851 4520
2857 16900
2860 5360
2862 114340
2867 4520
2868 25840
2871 4520
2874 16740
2875 85500
2884 4620
2888 29140
2891 4560
2897 4040
2900 3560
2902 26100
2907 4560
2908 5340
2911 4560
2914 5460
2915 28540
2924 6020
2928 6260
2931 22420
2937 4860
2940 19800
2942 6000
2947 22420
2948 6400
2951 22420
2954 5360
2955 6020
2964 47680
2968 8280
2971 4260
2977 3960
2980 4620
