0 0
251 43240
291 16900
331 4040
371 4860
411 3960
451 9480
491 3640
531 3340
571 2500
585 43240
611 14200
625 16900
651 2680
665 4040
691 4400
705 4860
729 43240
731 3660
745 3960
769 16900
771 25840
785 9480
809 4040
811 5340
821 43240
825 3640
849 4860
851 6400
861 16900
865 3340
889 3960
891 3460
901 4040
905 2500
929 9480
931 21220
941 4860
945 14200
969 3640
971 4820
981 3960
985 2680
1009 3340
1011 4340
1021 9480
1025 4400
1049 2500
1051 2680
1061 3640
1065 3660
1089 14200
1091 23880
1101 3340
1105 25840
1129 2680
1131 3760
1141 2500
1145 5340
1169 4400
1171 4520
1181 14200
1185 6400
1209 3660
1211 4560
1221 2680
1225 3460
1249 25840
1251 22420
1261 4400
1265 21220
1289 5340
1291 4260
1301 3660
1305 4820
1329 6400
1331 2900
1341 25840
1345 4340
1369 3460
1371 2140
1381 5340
1385 2680
1409 21220
1411 6780
1421 6400
1425 23880
1449 4820
1451 3220
1461 3460
1465 3760
1489 4340
1491 3660
1501 21220
1505 4520
1529 2680
1531 85500
1541 4820
1545 4560
1547 43240
1569 23880
1571 28540
1581 4340
1585 22420
1587 16900
1609 3760
1611 6020
1621 2680
1625 4260
1627 4040
1649 4520
1651 8580
1661 23880
1665 2900
1667 4860
1689 4560
1691 5100
1701 3760
1705 2140
1707 3960
1729 22420
1731 16740
1741 4520
1745 6780
1747 9480
1769 4260
1771 5460
1781 4560
1785 3220
1787 3640
1809 2900
1811 5360
1821 22420
1825 3660
1827 3340
1849 2140
1851 3560
1861 4260
1865 85500
1867 2500
1889 6780
1891 19800
1901 2900
1905 28540
1907 14200
1929 3220
1931 4620
1941 2140
1945 6020
1947 2680
1969 3660
1971 6020
1981 6780
1985 8580
1987 4400
2009 85500
2011 4440
2021 3220
2025 5100
2027 3660
2049 28540
2051 24200
2061 3660
2065 16740
2067 25840
2089 6020
2091 4460
2101 85500
2105 5460
2107 5340
2129 8580
2131 7180
2138 43240
2141 28540
2145 5360
2147 6400
2169 5100
2171 6540
2178 16900
2181 6020
2183 43240
2185 3560
2187 3460
2209 16740
2211 23960
2218 4040
2221 8580
2223 16900
2225 19800
2227 21220
2249 5460
2251 49860
2258 4860
2261 5100
2263 4040
2265 4620
2267 4820
2289 5360
2291 23100
2298 3960
2301 16740
2303 4860
2305 6020
2307 4340
2329 3560
2331 7920
2338 9480
2341 5460
2343 3960
2345 4440
2347 2680
2369 19800
2371 34000
2378 3640
2381 5360
2383 9480
2385 24200
2387 23880
2409 4620
2411 10220
2418 3340
2421 3560
2423 3640
2425 4460
2427 3760
2449 6020
2451 17760
2458 2500
2461 19800
2463 3340
2465 7180
2467 4520
2489 4440
2491 9220
2498 14200
2501 4620
2503 2500
2505 6540
2507 4560
2529 24200
2531 27760
2538 2680
2541 6020
2543 14200
2545 23960
2547 22420
2569 4460
2571 8240
2578 4400
2581 4440
2583 2680
2585 6620
2587 4260
2609 7180
2611 21660
2618 3660
2621 24200
2623 4400
2625 6200
2627 2900
2649 6540
2651 7720
2658 25840
2661 4460
2663 3660
2665 3880
2667 2140
2689 23960
2691 13580
2698 5340
2701 7180
2703 25840
2705 29140
2707 6780
2729 6620
2731 8800
2738 6400
2741 6540
2743 5340
2745 6260
2747 3220
2769 6200
2771 32220
2774 43240
2778 3460
2781 23960
2783 6400
2785 8280
2787 3660
2809 3880
2811 119680
2814 16900
2818 21220
2821 6620
2823 3460
2825 5580
2827 85500
2849 29140
2851 32500
2854 4040
2858 4820
2861 6200
2863 21220
2865 24420
2867 28540
2889 6260
2891 9460
2894 4860
2898 4340
2901 3880
2903 4820
2905 5740
2907 6020
2929 8280
2931 30300
2934 3960
2938 2680
2941 29140
2943 4340
2945 7460
2947 8580
2969 5580
2971 10680
2974 9480
2978 23880
2981 6260
2983 2680
2985 3276
