0 0
327 43240
367 16900
407 4040
447 4860
487 3960
527 9480
567 3640
607 3340
647 2500
687 14200
726 43240
727 2680
766 16900
767 4400
806 4040
807 3660
846 4860
847 25840
886 3960
887 5340
917 43240
926 9480
927 6400
937 43240
957 16900
966 3640
967 3460
977 16900
997 4040
1006 3340
1007 21220
1017 4040
1037 4860
1046 2500
1047 4820
1057 4860
1077 3960
1082 43240
1086 14200
1087 4340
1097 3960
1117 9480
1122 16900
1126 2680
1127 2680
1137 9480
1157 3640
1162 4040
1164 43240
1166 4400
1167 23880
1177 3640
1197 3340
1202 4860
1204 16900
1206 3660
1207 3760
1217 3340
1237 2500
1242 3960
1244 4040
1246 25840
1247 4520
1257 2500
1277 14200
1282 9480
1284 4860
1286 5340
1287 4560
1297 14200
1317 2680
1322 3640
1324 3960
1326 6400
1327 22420
1337 2680
1355 43240
1357 4400
1362 3340
1364 9480
1366 3460
1367 4260
1377 4400
1395 16900
1397 3660
1402 2500
1404 3640
1406 21220
1407 2900
1417 3660
1432 43240
1435 4040
1437 25840
1442 14200
1444 3340
1446 4820
1447 2140
1457 25840
1472 16900
1475 4860
1477 5340
1482 2680
1484 2500
1486 4340
1487 6780
1497 5340
1512 4040
1515 3960
1517 6400
1522 4400
1524 14200
1526 2680
1527 3220
1537 6400
1552 4860
1555 9480
1557 3460
1562 3660
1564 2680
1566 23880
1567 3660
1577 3460
1592 3960
1595 3640
1597 21220
1599 43240
1602 25840
1604 4400
1606 3760
1607 85500
1617 21220
1632 9480
1635 3340
1637 4820
1639 16900
1642 5340
1644 3660
1645 43240
1646 4520
1647 28540
1657 4820
1672 3640
1675 2500
1677 4340
1679 4040
1682 6400
1684 25840
1685 16900
1686 4560
1687 6020
1697 4340
1712 3340
1715 14200
1717 2680
1719 4860
1722 3460
1724 5340
1725 4040
1726 22420
1727 8580
1737 2680
1752 2500
1755 2680
1757 23880
1759 3960
1762 21220
1764 6400
1765 4860
1766 4260
1767 5100
1777 23880
1792 14200
1795 4400
1797 3760
1799 9480
1802 4820
1804 3460
1805 3960
1806 2900
1807 16740
1817 3760
1831 43240
1832 2680
1835 3660
1837 4520
1839 3640
1842 4340
1844 21220
1845 9480
1846 2140
1847 5460
1857 4520
1871 16900
1872 4400
1875 25840
1877 4560
1879 3340
1882 2680
1884 4820
1885 3640
1886 6780
1887 5360
1897 4560
1911 4040
1912 3660
1915 5340
1917 22420
1919 2500
1922 23880
1924 4340
1925 3340
1926 3220
1927 3560
1937 22420
1951 4860
1952 25840
1955 6400
1957 4260
1959 14200
1962 3760
1964 2680
1965 2500
1966 3660
1967 19800
1977 4260
1991 3960
1992 5340
1995 3460
1997 2900
1999 2680
2002 4520
2004 23880
2005 14200
2006 85500
2007 4620
2017 2900
2031 9480
2032 6400
2035 21220
2037 2140
2039 4400
2042 4560
2044 3760
2045 2680
2046 28540
2047 6020
2057 2140
2071 3640
2072 3460
2075 4820
2077 6780
2079 3660
2082 22420
2084 4520
2085 4400
2086 6020
2087 4440
2097 6780
2111 3340
2112 21220
2115 4340
2117 3220
2119 25840
2122 4260
2124 4560
2125 3660
2126 8580
2127 24200
2137 3220
2151 2500
2152 4820
2155 2680
2157 3660
2159 5340
2162 2900
2164 22420
2165 25840
2166 5100
2167 4460
2177 3660
2191 14200
2192 4340
2195 23880
2197 85500
2199 6400
2202 2140
2204 4260
2205 5340
2206 16740
2207 7180
2217 85500
2231 2680
2232 2680
2235 3760
2237 28540
2239 3460
2242 6780
2244 2900
2245 6400
2246 5460
2247 6540
2257 28540
2271 4400
2272 23880
2275 4520
2277 6020
2279 21220
2282 3220
2284 2140
2285 3460
2286 5360
2287 23960
2297 6020
2311 3660
2312 3760
2315 4560
2317 8580
2319 4820
2322 3660
2324 6780
2325 21220
2326 3560
2327 6620
2329 43240
2337 8580
2351 25840
2352 4520
2355 22420
2357 5100
2359 4340
2362 85500
2364 3220
2365 4820
2366 19800
2367 6200
2369 16900
2377 5100
2391 5340
2392 4560
2395 4260
2397 16740
2399 2680
2402 28540
2404 3660
2405 4340
2406 4620
2407 3880
2409 4040
2417 16740
2431 6400
2432 22420
2435 2900
2437 5460
2439 23880
2442 6020
2444 85500
2445 2680
2446 6020
2447 29140
2449 4860
2457 5460
2471 3460
2472 4260
2475 2140
2477 5360
2479 3760
2482 8580
2484 28540
2485 23880
2486 4440
2487 6260
2489 3960
2497 5360
2511 21220
2512 2900
2515 6780
2517 3560
2519 4520
2522 5100
2524 6020
2525 3760
2526 24200
2527 8280
2529 9480
2537 3560
2551 4820
2552 2140
2555 3220
2557 19800
2559 4560
2562 16740
2564 8580
2565 4520
2566 4460
2567 5580
2569 3640
2577 19800
2591 4340
2592 6780
2595 3660
2597 4620
2599 22420
2602 5460
2604 5100
2605 4560
2606 7180
2607 24420
2609 3340
2617 4620
2631 2680
2632 3220
2635 85500
2637 6020
2639 4260
2642 5360
2644 16740
2645 22420
2646 6540
2647 5740
2649 2500
2657 6020
2671 23880
2672 3660
2675 28540
2677 4440
2679 2900
2682 3560
2684 5460
2685 4260
2686 23960
2687 7460
2689 14200
2697 4440
2711 3760
2712 85500
2715 6020
2717 24200
2719 2140
2722 19800
2724 5360
2725 2900
2726 6620
2727 5040
2729 2680
2734 43240
2737 24200
2751 4520
2752 28540
2755 8580
2757 4460
2759 6780
2762 4620
2764 3560
2765 2140
2766 6200
2767 9180
2769 4400
2774 16900
2777 4460
2791 4560
2792 6020
2795 5100
2797 7180
2799 3220
2802 6020
2804 19800
2805 6780
2806 3880
2807 5140
2809 3660
2814 4040
2817 7180
2831 22420
2832 8580
2835 16740
2837 6540
2839 3660
2842 4440
2844 4620
2845 3220
2846 29140
2847 6380
2849 25840
2854 4860
2857 6540
2871 4260
2872 5100
2875 5460
2877 23960
2879 85500
2882 24200
2884 6020
2885 3660
2886 6260
2887 114340
2889 5340
2894 3960
2897 23960
2911 2900
2912 16740
2915 5360
2917 6620
2919 28540
2922 4460
2924 4440
2925 85500
2926 8280
2927 26100
2929 6400
2934 9480
2937 6620
2951 2140
2952 5460
2955 3560
2957 6200
2959 6020
2962 7180
2964 24200
2965 28540
2966 5580
2967 6000
2969 3460
2974 3640
2977 6200
2991 6780
2992 5360
2995 19800
