0 0
473 43240
513 16900
553 4040
593 4860
633 3960
673 9480
713 3640
753 3340
793 2500
833 14200
850 43240
873 2680
890 16900
913 4400
930 4040
953 3660
970 4860
993 25840
1010 3960
1033 5340
1050 9480
1073 6400
1090 3640
1113 3460
1130 3340
1153 21220
1170 2500
1193 4820
1210 14200
1233 4340
1250 2680
1273 2680
1290 4400
1313 23880
1330 3660
1331 43240
1353 3760
1370 25840
1371 16900
1393 4520
1410 5340
1411 4040
1433 4560
1450 6400
1451 4860
1473 22420
1490 3460
1491 3960
1498 43240
1513 4260
1530 21220
1531 9480
1538 16900
1553 2900
1570 4820
1571 3640
1578 4040
1593 2140
1610 4340
1611 3340
1618 4860
1633 6780
1650 2680
1651 2500
1658 3960
1673 3220
1690 23880
1691 14200
1698 9480
1713 3660
1730 3760
1731 2680
1738 3640
1753 85500
1770 4520
1771 4400
1778 3340
1793 28540
1810 4560
1811 3660
1818 2500
1833 6020
1850 22420
1851 25840
1858 14200
1873 8580
1890 4260
1891 5340
1898 2680
1913 5100
1930 2900
1931 6400
1938 4400
1946 43240
1953 16740
1957 43240
1970 2140
1971 3460
1978 3660
1986 16900
1993 5460
1997 16900
2010 6780
2011 21220
2018 25840
2026 4040
2033 5360
2037 4040
2050 3220
2051 4820
2058 5340
2066 4860
2073 3560
2077 4860
2090 3660
2091 4340
2098 6400
2106 3960
2113 19800
2117 3960
2130 85500
2131 2680
2138 3460
2146 9480
2153 4620
2157 9480
2170 28540
2171 23880
2178 21220
2186 3640
2193 6020
2197 3640
2210 6020
2211 3760
2218 4820
2226 3340
2233 4440
2237 3340
2242 43240
2250 8580
2251 4520
2258 4340
2266 2500
2273 24200
2277 2500
2282 16900
2290 5100
2291 4560
2298 2680
2306 14200
2313 4460
2317 14200
2322 4040
2330 16740
2331 22420
2338 23880
2346 2680
2353 7180
2357 2680
2362 4860
2370 5460
2371 4260
2378 3760
2386 4400
2393 6540
2397 4400
2402 3960
2410 5360
2411 2900
2418 4520
2426 3660
2433 23960
2437 3660
2442 9480
2450 3560
2451 2140
2458 4560
2466 25840
2473 6620
2477 25840
2482 3640
2490 19800
2491 6780
2498 22420
2506 5340
2513 6200
2516 43240
2517 5340
2522 3340
2530 4620
2531 3220
2538 4260
2542 43240
2546 6400
2553 3880
2556 16900
2557 6400
2562 2500
2570 6020
2571 3660
2578 2900
2582 16900
2586 3460
2593 29140
2596 4040
2597 3460
2602 14200
2610 4440
2611 85500
2618 2140
2622 4040
2626 21220
2633 6260
2636 4860
2637 21220
2642 2680
2650 24200
2651 28540
2658 6780
2662 4860
2666 4820
2673 8280
2676 3960
2677 4820
2682 4400
2690 4460
2691 6020
2698 3220
2702 3960
2706 4340
2713 5580
2716 9480
2717 4340
2722 3660
2725 43240
2730 7180
2731 8580
2738 3660
2742 9480
2746 2680
2753 24420
2756 3640
2757 2680
2762 25840
2765 16900
2770 6540
2771 5100
2778 85500
2782 3640
2786 23880
2793 5740
2796 3340
2797 23880
2802 5340
2805 4040
2810 23960
2811 16740
2818 28540
2822 3340
2826 3760
2833 7460
2836 2500
2837 3760
2842 6400
2845 4860
2850 6620
2851 5460
2858 6020
2862 2500
2866 4520
2873 5040
2876 14200
2877 4520
2882 3460
2885 3960
2890 6200
2891 5360
2898 8580
2902 14200
2906 4560
2913 9180
2916 2680
2917 4560
2922 21220
2925 9480
2930 3880
2931 3560
2938 5100
2942 2680
2946 22420
2953 5140
2956 4400
2957 22420
2962 4820
2965 3640
2970 29140
2971 19800
2978 16740
2982 4400
2986 4260
2989 32430
