0 0
349 43240
389 16900
420 43240
429 4040
460 16900
469 4860
500 4040
509 3960
540 4860
549 9480
580 3960
589 3640
620 9480
629 3340
639 43240
660 3640
669 2500
673 43240
679 16900
700 3340
709 14200
713 16900
719 4040
740 2500
749 2680
753 4040
759 4860
780 14200
789 4400
793 4860
799 3960
820 2680
829 3660
833 3960
839 9480
860 4400
869 25840
873 9480
879 3640
900 3660
909 5340
913 3640
919 3340
940 25840
949 6400
953 3340
959 2500
980 5340
989 3460
993 2500
999 14200
1020 6400
1029 21220
1033 14200
1039 2680
1060 3460
1069 4820
1073 2680
1079 47640
1100 21220
1109 4340
1113 4400
1119 20560
1140 4820
1149 2680
1153 3660
1159 29880
1180 4340
1189 23880
1193 25840
1199 10200
1212 43240
1220 2680
1224 43240
1229 3760
1233 5340
1239 10360
1252 16900
1260 23880
1264 16900
1269 4520
1273 6400
1279 12940
1292 4040
1300 3760
1304 4040
1309 4560
1313 3460
1319 24860
1332 4860
1340 4520
1344 4860
1346 43240
1349 22420
1353 21220
1359 8160
1372 3960
1380 4560
1384 3960
1386 16900
1389 4260
1393 4820
1399 6840
1412 9480
1420 22420
1424 9480
1426 4040
1429 2900
1433 4340
1439 16880
1452 3640
1460 4260
1464 3640
1466 4860
1469 2140
1473 2680
1479 26560
1492 3340
1500 2900
1504 3340
1506 3960
1509 6780
1513 23880
1519 8160
1532 2500
1540 2140
1544 2500
1546 9480
1549 3220
1553 3760
1559 8180
1572 14200
1580 6780
1584 14200
1586 3640
1589 3660
1593 4520
1599 30400
1612 2680
1613 43240
1620 3220
1624 2680
1626 3340
1629 85500
1633 4560
1639 27760
1652 4400
1653 16900
1660 3660
1664 4400
1666 2500
1669 28540
1673 22420
1679 10660
1692 3660
1693 4040
1700 85500
1704 3660
1706 14200
1709 6020
1713 4260
1719 6360
1732 25840
1733 4860
1740 28540
1744 25840
1746 2680
1749 8580
1753 2900
1759 23360
1772 5340
1773 3960
1780 6020
1784 5340
1786 4400
1789 5100
1793 2140
1799 11600
1812 6400
1813 9480
1820 8580
1824 6400
1826 3660
1829 16740
1833 6780
1839 7560
1852 3460
1853 3640
1860 5100
1864 3460
1866 25840
1869 5460
1873 3220
1879 6340
1892 21220
1893 3340
1900 16740
1904 21220
1906 5340
1909 5360
1913 3660
1919 109380
1932 4820
1933 2500
1940 5460
1944 4820
1946 6400
1949 3560
1953 85500
1959 32300
1972 4340
1973 14200
1980 5360
1984 4340
1986 3460
1989 19800
1993 28540
1999 10540
2012 2680
2013 2680
2020 3560
2024 2680
2026 21220
2029 4620
2033 6020
2039 13140
2052 23880
2053 4400
2060 19800
2064 23880
2066 4820
2069 6020
2073 8580
2079 27520
2092 3760
2093 3660
2100 4620
2104 3760
2106 4340
2109 4440
2113 5100
2119 21000
2132 4520
2133 25840
2140 6020
2144 4520
2146 2680
2149 24200
2153 16740
2159 8360
2172 4560
2173 5340
2180 4440
2184 4560
2186 23880
2189 4460
2193 5460
2199 7500
2212 22420
2213 6400
2220 24200
2224 22420
2226 3760
2229 7180
2233 5360
2239 10340
2252 4260
2253 3460
2260 4460
2264 4260
2266 4520
2269 6540
2273 3560
2279 23020
2286 43240
2292 2900
2293 21220
2300 7180
2304 2900
2306 4560
2309 23960
2313 19800
2319 8280
2326 16900
2332 2140
2333 4820
2340 6540
2344 2140
2346 22420
2349 6620
2353 4620
2359 134760
2366 4040
2372 6780
2373 4340
2380 23960
2384 6780
2386 4260
2389 6200
2393 6020
2399 49880
2406 4860
2412 3220
2413 2680
2420 6620
2424 3220
2426 2900
2429 3880
2433 4440
2439 34260
2446 3960
2452 3660
2453 23880
2460 6200
2464 3660
2466 2140
2469 29140
2473 24200
2479 17900
2486 9480
2492 85500
2493 3760
2500 3880
2504 85500
2506 6780
2509 6260
2513 4460
2519 16240
2526 3640
2532 28540
2533 4520
2540 29140
2544 28540
2546 3220
2549 8280
2553 7180
2559 32760
2566 3340
2572 6020
2573 4560
2580 6260
2584 6020
2586 3660
2589 5580
2593 6540
2599 33060
2606 2500
2612 8580
2613 22420
2620 8280
2624 8580
2626 85500
2629 24420
2633 23960
2639 15320
2646 14200
2652 5100
2653 4260
2660 5580
2664 5100
2666 28540
2669 5740
2673 6620
2679 12260
2686 2680
2692 16740
2693 2900
2700 24420
2704 16740
2706 6020
2709 7460
2713 6200
2719 37880
2726 4400
2732 5460
2733 2140
2740 5740
2744 5460
2746 8580
2749 5040
2753 3880
2759 36440
2766 3660
2772 5360
2773 6780
2780 7460
2784 5360
2786 5100
2789 9180
2793 29140
2799 16680
2806 25840
2812 3560
2813 3220
2820 5040
2824 3560
2826 16740
2829 5140
2833 6260
2839 16380
2846 5340
2852 19800
2853 3660
2860 9180
2864 19800
2866 5460
2869 6380
2873 8280
2879 55620
2886 6400
2892 4620
2893 85500
2900 5140
2904 4620
2906 5360
2909 114340
2913 5580
2919 34220
2926 3460
2932 6020
2933 28540
2940 6380
2944 6020
2946 3560
2949 26100
2953 24420
2959 19320
2966 21220
2972 4440
2973 6020
2980 114340
2984 2442
