0 0
152 43240
192 16900
232 4040
272 4860
312 3960
352 9480
387 43240
392 3640
427 16900
432 3340
467 47280
472 2500
507 21760
512 14200
547 8000
552 2680
587 14340
592 4400
627 7600
632 3660
667 12820
672 25840
707 6140
712 5340
747 17540
752 6400
787 5180
792 3460
827 18600
832 21220
858 43240
867 6340
872 4820
898 16900
907 30240
912 4340
938 4040
947 9000
952 2680
978 4860
987 32240
992 23880
1018 3960
1027 8800
1032 3760
1058 9480
1067 27620
1072 4520
1098 3640
1107 8280
1112 4560
1138 3340
1147 25560
1152 22420
1164 43240
1178 2500
1187 7500
1192 4260
1204 16900
1218 14200
1227 28220
1232 2900
1244 4040
1258 2680
1267 6440
1272 2140
1284 4860
1293 43240
1298 4400
1307 28400
1312 6780
1314 43240
1324 3960
1333 16900
1338 3660
1347 8320
1352 3220
1354 16900
1364 9480
1373 4040
1378 25840
1387 26940
1392 3660
1394 4040
1404 3640
1413 4860
1418 5340
1419 43240
1427 8820
1432 85500
1434 4860
1444 3340
1453 3960
1458 6400
1459 16900
1467 25320
1472 28540
1474 3960
1484 2500
1493 9480
1498 3460
1499 4040
1507 6400
1512 6020
1514 9480
1524 14200
1533 3640
1538 21220
1539 4860
1547 9680
1552 8580
1554 3640
1564 2680
1573 3340
1578 4820
1579 3960
1587 5360
1592 5100
1594 3340
1604 4400
1613 2500
1618 4340
1619 9480
1627 10440
1632 16740
1634 2500
1644 3660
1653 14200
1658 2680
1659 3640
1667 88720
1672 5460
1674 14200
1684 25840
1693 2680
1698 23880
1699 3340
1707 32200
1712 5360
1714 2680
1724 5340
1733 4400
1738 3760
1739 2500
1747 91520
1752 3560
1754 4400
1764 6400
1773 3660
1778 4520
1779 14200
1787 37120
1792 19800
1794 3660
1799 43240
1804 3460
1813 25840
1818 4560
1819 2680
1827 11120
1832 4620
1834 25840
1839 16900
1844 21220
1853 5340
1858 22420
1859 4400
1867 25320
1872 6020
1874 5340
1879 4040
1884 4820
1893 6400
1898 4260
1899 3660
1907 10560
1912 4440
1914 6400
1919 4860
1924 4340
1933 3460
1938 2900
1939 25840
1947 22100
1952 24200
1954 3460
1959 3960
1964 2680
1973 21220
1978 2140
1979 5340
1987 9020
1992 4460
1994 21220
1999 9480
2004 23880
2013 4820
2018 6780
2019 6400
2027 25160
2032 7180
2034 4820
2039 3640
2044 3760
2053 4340
2058 3220
2059 3460
2067 8180
2072 6540
2074 4340
2079 3340
2084 4520
2093 2680
2098 3660
2099 21220
2107 25820
2112 23960
2114 2680
2119 2500
2124 4560
2133 23880
2138 85500
2139 4820
2147 9060
2152 6620
2154 23880
2159 14200
2163 43240
2164 22420
2173 3760
2178 28540
2179 4340
2187 30220
2192 6200
2194 3760
2199 2680
2203 16900
2204 4260
2213 4520
2218 6020
2219 2680
2227 8900
2232 3880
2234 4520
2239 4400
2243 4040
2244 2900
2253 4560
2258 8580
2259 23880
2267 31380
2272 29140
2274 4560
2279 3660
2283 4860
2284 2140
2293 22420
2298 5100
2299 3760
2307 11000
2312 6260
2314 22420
2319 25840
2323 3960
2324 6780
2333 4260
2338 16740
2339 4520
2347 31140
2352 8280
2354 4260
2359 5340
2363 9480
2364 3220
2373 2900
2378 5460
2379 4560
2387 13160
2392 5580
2394 2900
2399 6400
2403 3640
2404 3660
2413 2140
2418 5360
2419 22420
2427 30160
2432 24420
2434 2140
2439 3460
2443 3340
2444 85500
2453 6780
2458 3560
2459 4260
2467 10500
2472 5740
2474 6780
2479 21220
2483 2500
2484 28540
2493 3220
2498 19800
2499 2900
2507 35340
2512 7460
2514 3220
2519 4820
2523 14200
2524 6020
2533 3660
2538 4620
2539 2140
2547 10140
2552 5040
2554 3660
2559 4340
2563 2680
2564 8580
2573 85500
2578 6020
2579 6780
2587 37420
2592 9180
2594 85500
2599 2680
2603 4400
2604 5100
2613 28540
2618 4440
2619 3220
2627 11840
2632 5140
2634 28540
2639 23880
2643 3660
2644 16740
2653 6020
2658 24200
2659 3660
2667 32700
2672 6380
2674 6020
2679 3760
2683 25840
2684 5460
2693 8580
2698 4460
2699 85500
2707 11320
2712 114340
2714 8580
2719 4520
2723 5340
2724 5360
2733 5100
2738 7180
2739 28540
2747 31880
2752 26100
2754 5100
2759 4560
2763 6400
2764 3560
2773 16740
2778 6540
2779 6020
2787 10780
2792 6000
2794 16740
2799 22420
2803 3460
2804 19800
2813 5460
2818 23960
2819 8580
2827 16640
2832 9080
2834 5460
2839 4260
2843 21220
2844 4620
2853 5360
2858 6620
2859 5100
2867 10180
2872 5860
2874 5360
2879 2900
2883 4820
2884 6020
2893 3560
2898 6200
2899 16740
2907 15560
2912 23580
2914 3560
2919 2140
2923 4340
2924 4440
2933 19800
2938 3880
2939 5460
2947 119480
2952 6480
2954 19800
2959 6780
2963 2680
2964 24200
2973 4620
2978 29140
2979 5360
2987 32480
2992 9400
2994 1848
