0 0
188 43240
228 16900
242 43240
268 4040
282 16900
308 4860
322 4040
348 3960
362 4860
363 43240
383 43240
388 9480
402 3960
403 16900
423 16900
428 3640
442 9480
443 4040
463 4040
468 3340
482 3640
483 4860
503 4860
508 2500
522 3340
523 3960
543 3960
548 14200
562 2500
563 9480
583 9480
588 2680
602 14200
603 3640
623 3640
628 4400
642 2680
643 3340
663 3340
668 3660
682 4400
683 2500
703 2500
708 25840
722 3660
723 14200
743 14200
748 5340
762 25840
763 2680
783 2680
788 6400
802 5340
803 4400
823 4400
828 3460
842 6400
843 3660
853 43240
863 3660
868 21220
882 3460
883 25840
893 16900
903 25840
908 4820
922 21220
923 5340
933 4040
943 5340
948 4340
962 4820
963 6400
973 4860
983 6400
988 2680
1002 4340
1003 3460
1013 3960
1023 3460
1028 23880
1042 2680
1043 21220
1053 9480
1063 21220
1068 3760
1082 23880
1083 4820
1093 3640
1103 4820
1108 4520
1122 3760
1123 4340
1133 3340
1135 43240
1143 4340
1148 4560
1162 4520
1163 2680
1173 2500
1175 16900
1183 2680
1188 22420
1202 4560
1203 23880
1213 14200
1215 4040
1223 23880
1228 4260
1242 22420
1243 3760
1253 2680
1255 4860
1263 3760
1268 2900
1282 4260
1283 4520
1293 4400
1295 3960
1303 4520
1308 2140
1322 2900
1323 4560
1333 3660
1335 9480
1343 4560
1348 6780
1362 2140
1363 22420
1373 25840
1375 3640
1383 22420
1388 3220
1402 6780
1403 4260
1413 5340
1415 3340
1423 4260
1428 3660
1442 3220
1443 2900
1453 6400
1455 2500
1463 2900
1468 85500
1482 3660
1483 2140
1493 3460
1495 14200
1503 2140
1508 28540
1522 85500
1523 6780
1533 21220
1535 2680
1538 43240
1543 6780
1548 6020
1562 28540
1563 3220
1568 43240
1573 4820
1575 4400
1578 16900
1583 3220
1588 8580
1602 6020
1603 3660
1608 16900
1613 4340
1615 3660
1618 4040
1623 3660
1628 5100
1642 8580
1643 85500
1648 4040
1653 2680
1655 25840
1658 4860
1663 85500
1668 16740
1682 5100
1683 28540
1688 4860
1693 23880
1695 5340
1698 3960
1703 28540
1708 5460
1722 16740
1723 6020
1728 3960
1733 3760
1735 6400
1738 9480
1743 6020
1748 5360
1762 5460
1763 8580
1768 9480
1773 4520
1775 3460
1778 3640
1783 8580
1788 3560
1802 5360
1803 5100
1808 3640
1813 4560
1815 21220
1818 3340
1820 43240
1823 5100
1828 19800
1842 3560
1843 16740
1848 3340
1853 22420
1855 4820
1858 2500
1860 16900
1863 16740
1868 4620
1882 19800
1883 5460
1888 2500
1893 4260
1895 4340
1898 14200
1900 4040
1903 5460
1908 6020
1922 4620
1923 5360
1928 14200
1933 2900
1935 2680
1938 2680
1940 4860
1943 5360
1948 4440
1951 43240
1962 6020
1963 3560
1968 2680
1973 2140
1975 23880
1978 4400
1980 3960
1983 3560
1988 24200
1991 16900
2002 4440
2003 19800
2008 4400
2013 6780
2015 3760
2018 3660
2020 9480
2023 19800
2028 4460
2031 4040
2042 24200
2043 4620
2048 3660
2053 3220
2055 4520
2058 25840
2060 3640
2063 4620
2068 7180
2071 4860
2082 4460
2083 6020
2088 25840
2093 3660
2095 4560
2098 5340
2100 3340
2103 6020
2108 6540
2111 3960
2122 7180
2123 4440
2128 5340
2133 85500
2135 22420
2138 6400
2140 2500
2143 4440
2148 23960
2151 9480
2162 6540
2163 24200
2168 6400
2173 28540
2175 4260
2178 3460
2180 14200
2183 24200
2188 6620
2191 3640
2202 23960
2203 4460
2208 3460
2213 6020
2215 2900
2218 21220
2220 2680
2223 4460
2228 6200
2231 3340
2242 6620
2243 7180
2248 21220
2253 8580
2255 2140
2258 4820
2260 4400
2263 7180
2268 3880
2271 2500
2282 6200
2283 6540
2288 4820
2293 5100
2295 6780
2298 4340
2300 3660
2303 6540
2308 29140
2311 14200
2322 3880
2323 23960
2328 4340
2333 16740
2335 3220
2338 2680
2340 25840
2343 23960
2348 6260
2351 2680
2362 29140
2363 6620
2368 2680
2373 5460
2375 3660
2378 23880
2380 5340
2383 6620
2388 8280
2391 4400
2402 6260
2403 6200
2408 23880
2413 5360
2415 85500
2418 3760
2420 6400
2423 6200
2428 5580
2431 3660
2442 8280
2443 3880
2448 3760
2453 3560
2455 28540
2458 4520
2460 3460
2463 3880
2468 24420
2471 25840
2482 5580
2483 29140
2488 4520
2493 19800
2495 6020
2498 4560
2500 21220
2503 29140
2508 5740
2511 5340
2522 24420
2523 6260
2528 4560
2533 4620
2535 8580
2538 22420
2540 4820
2543 6260
2548 7460
2551 6400
2562 5740
2563 8280
2568 22420
2573 6020
2575 5100
2578 4260
2580 4340
2583 8280
2588 5040
2591 3460
2602 7460
2603 5580
2608 4260
2613 4440
2615 16740
2618 2900
2620 2680
2623 5580
2628 9180
2631 21220
2642 5040
2643 24420
2648 2900
2653 24200
2655 5460
2658 2140
2660 23880
2663 24420
2668 5140
2671 4820
2682 9180
2683 5740
2688 2140
2693 4460
2695 5360
2698 6780
2700 3760
2703 5740
2708 6380
2711 4340
2722 5140
2723 7460
2725 43240
2728 6780
2733 7180
2735 3560
2738 3220
2740 4520
2743 7460
2748 114340
2751 2680
2762 6380
2763 5040
2765 16900
2768 3220
2773 6540
2775 19800
2778 3660
2780 4560
2783 5040
2788 26100
2791 23880
2802 114340
2803 9180
2805 4040
2808 3660
2813 23960
2815 4620
2818 85500
2820 22420
2823 9180
2828 6000
2831 3760
2842 26100
2843 5140
2845 4860
2848 85500
2853 6620
2855 49260
2858 28540
2860 4260
2863 5140
2868 9080
2871 4520
2882 6000
2883 6380
2885 3960
2888 28540
2893 6200
2895 21340
2898 6020
2900 2900
2903 6380
2908 5860
2911 4560
2922 9080
2923 114340
2925 9480
2928 6020
2933 3880
2935 28240
2938 8580
2940 2140
2943 114340
2948 23580
2951 22420
2962 5860
2963 26100
2965 3640
2968 8580
2973 29140
2975 9320
2978 5100
2980 6780
