0 0
104 43240
144 16900
184 4040
224 4860
264 3960
304 9480
344 3640
384 3340
424 2500
464 14200
504 2680
544 4400
584 3660
624 25840
664 5340
704 6400
744 3460
770 43240
784 21220
810 16900
824 4820
850 4040
864 4340
890 4860
904 2680
930 3960
944 23880
970 9480
984 3760
1010 3640
1024 4520
1050 3340
1064 4560
1080 43240
1090 2500
1104 22420
1120 16900
1130 14200
1144 4260
1160 4040
1170 2680
1184 2900
1200 4860
1210 4400
1224 2140
1240 3960
1247 43240
1250 3660
1264 6780
1280 9480
1287 16900
1290 25840
1304 3220
1320 3640
1327 4040
1330 5340
1344 3660
1360 3340
1367 4860
1370 6400
1384 85500
1400 2500
1407 3960
1410 3460
1424 28540
1438 43240
1440 14200
1447 9480
1450 21220
1464 6020
1478 16900
1480 2680
1487 3640
1490 4820
1504 8580
1514 43240
1518 4040
1520 4400
1527 3340
1530 4340
1544 5100
1554 16900
1558 4860
1560 3660
1567 2500
1570 2680
1584 16740
1594 4040
1598 3960
1600 25840
1607 14200
1610 23880
1624 5460
1634 4860
1638 9480
1640 5340
1647 2680
1650 3760
1664 5360
1674 3960
1678 3640
1680 6400
1687 4400
1690 4520
1704 3560
1714 9480
1718 3340
1720 3460
1727 3660
1730 4560
1744 19800
1754 3640
1758 2500
1760 21220
1767 25840
1770 22420
1784 4620
1794 3340
1798 14200
1800 4820
1807 48580
1810 4260
1824 6020
1834 2500
1838 2680
1840 4340
1847 23300
1850 2900
1864 4440
1874 14200
1878 4400
1880 2680
1887 7500
1890 2140
1904 24200
1914 2680
1918 3660
1920 23880
1927 26080
1930 6780
1944 4460
1954 4400
1958 25840
1960 3760
1967 8780
1970 3220
1984 7180
1994 3660
1998 5340
2000 4520
2007 13820
2010 3660
2024 6540
2034 25840
2038 6400
2040 4560
2047 6320
2050 85500
2064 23960
2074 5340
2078 3460
2080 22420
2087 27220
2090 28540
2104 6620
2114 6400
2118 21220
2120 4260
2127 6260
2130 6020
2144 6200
2154 3460
2158 4820
2160 2900
2167 18720
2170 8580
2184 3880
2194 21220
2198 4340
2200 2140
2207 7240
2210 5100
2224 29140
2234 4820
2238 2680
2240 6780
2247 26820
2250 16740
2264 6260
2274 4340
2278 23880
2280 3220
2287 7920
2288 43240
2290 5460
2304 8280
2314 2680
2318 3760
2320 3660
2327 28740
2328 16900
2330 48600
2344 5580
2354 23880
2358 4520
2360 85500
2367 7480
2368 4040
2370 20460
2384 24420
2394 3760
2398 4560
2400 28540
2407 13180
2408 4860
2410 23840
2424 5740
2434 4520
2438 22420
2440 6020
2447 6680
2448 3960
2450 9480
2464 7460
2474 4560
2478 4260
2480 8580
2487 24880
2488 9480
2490 9980
2504 5040
2514 22420
2518 2900
2520 5100
2527 90320
2528 3640
2530 13920
2541 43240
2544 9180
2554 4260
2558 2140
2560 16740
2567 32880
2568 3340
2570 27840
2581 16900
2584 5140
2590 43240
2594 2900
2598 6780
2600 5460
2607 8700
2608 2500
2610 7800
2621 4040
2624 6380
2630 16900
2634 2140
2638 3220
2640 5360
2647 32460
2648 14200
2650 9680
2661 4860
2664 114340
2670 4040
2674 6780
2678 3660
2680 3560
2687 8860
2688 2680
2690 20740
2701 3960
2704 26100
2710 4860
2714 3220
2718 85500
2720 19800
2726 43240
2727 21260
2728 4400
2730 26640
2741 9480
2744 6000
2750 3960
2754 3660
2758 28540
2760 4620
2766 16900
2767 10020
2768 3660
2770 11020
2781 3640
2784 9080
2790 9480
2794 85500
2798 6020
2800 6020
2806 4040
2807 27780
2808 25840
2810 9860
2821 3340
2824 5860
2830 3640
2834 28540
2838 8580
2840 4440
2846 4860
2847 7820
2848 5340
2850 29720
2861 2500
2864 23580
2870 3340
2874 6020
2878 5100
2880 24200
2886 3960
2887 22700
2888 6400
2890 34480
2901 14200
2904 6480
2910 2500
2914 8580
2918 16740
2920 4460
2926 9480
2927 6760
2928 3460
2930 12660
2941 2680
2944 9400
2950 14200
2954 5100
2958 5460
2960 7180
2966 3640
2967 12800
2968 21220
