0 0
216 43240
256 16900
296 4040
336 4860
375 43240
376 3960
415 16900
416 9480
455 4040
456 3640
481 43240
495 4860
496 3340
521 16900
535 3960
536 2500
561 4040
575 9480
576 14200
601 4860
615 3640
616 2680
641 3960
655 3340
656 4400
681 9480
695 2500
696 3660
716 43240
721 3640
735 14200
736 25840
756 16900
761 3340
775 2680
776 5340
796 4040
801 2500
815 4400
816 6400
836 4860
841 14200
855 3660
856 3460
876 3960
881 2680
895 25840
896 21220
897 43240
916 9480
921 4400
935 5340
936 4820
937 16900
956 3640
961 3660
975 6400
976 4340
977 4040
996 3340
1001 25840
1015 3460
1016 2680
1017 4860
1036 2500
1041 5340
1055 21220
1056 23880
1057 3960
1076 14200
1081 6400
1095 4820
1096 3760
1097 9480
1116 2680
1121 3460
1135 4340
1136 4520
1137 3640
1156 4400
1161 21220
1175 2680
1176 4560
1177 3340
1196 3660
1201 4820
1212 43240
1215 23880
1216 22420
1217 2500
1236 25840
1238 43240
1241 4340
1252 16900
1255 3760
1256 4260
1257 14200
1276 5340
1278 16900
1281 2680
1292 4040
1295 4520
1296 2900
1297 2680
1316 6400
1318 4040
1321 23880
1332 4860
1335 4560
1336 2140
1337 4400
1356 3460
1358 4860
1361 3760
1372 3960
1375 22420
1376 6780
1377 3660
1396 21220
1398 3960
1401 4520
1412 9480
1415 4260
1416 3220
1417 25840
1422 43240
1436 4820
1438 9480
1441 4560
1452 3640
1455 2900
1456 3660
1457 5340
1462 16900
1476 4340
1478 3640
1481 22420
1492 3340
1495 2140
1496 85500
1497 6400
1502 4040
1516 2680
1518 3340
1521 4260
1532 2500
1535 6780
1536 28540
1537 3460
1542 4860
1556 23880
1558 2500
1561 2900
1572 14200
1575 3220
1576 6020
1577 21220
1582 3960
1596 3760
1598 14200
1601 2140
1612 2680
1615 3660
1616 8580
1617 4820
1622 9480
1636 4520
1638 2680
1641 6780
1645 43240
1652 4400
1655 85500
1656 5100
1657 4340
1662 3640
1676 4560
1678 4400
1681 3220
1685 16900
1692 3660
1695 28540
1696 16740
1697 2680
1702 3340
1716 22420
1718 3660
1721 3660
1725 4040
1732 25840
1735 6020
1736 5460
1737 23880
1742 2500
1756 4260
1758 25840
1761 85500
1765 4860
1772 5340
1775 8580
1776 5360
1777 3760
1782 14200
1796 2900
1798 5340
1801 28540
1805 3960
1812 6400
1815 5100
1816 3560
1817 4520
1822 2680
1836 2140
1838 6400
1841 6020
1845 9480
1852 3460
1855 16740
1856 19800
1857 4560
1862 4400
1876 6780
1878 3460
1881 8580
1885 3640
1892 21220
1895 5460
1896 4620
1897 22420
1902 3660
1916 3220
1918 21220
1921 5100
1925 3340
1932 4820
1935 5360
1936 6020
1937 4260
1942 25840
1956 3660
1958 4820
1961 16740
1965 2500
1972 4340
1975 3560
1976 4440
1977 2900
1982 5340
1996 85500
1998 4340
2001 5460
2005 14200
2012 2680
2015 19800
2016 24200
2017 2140
2022 6400
2036 28540
2038 2680
2041 5360
2045 2680
2052 23880
2055 4620
2056 4460
2057 6780
2062 3460
2076 6020
2078 23880
2081 3560
2085 4400
2092 3760
2095 6020
2096 7180
2097 3220
2102 21220
2116 8580
2118 3760
2121 19800
2125 3660
2132 4520
2135 4440
2136 6540
2137 3660
2142 4820
2156 5100
2158 4520
2161 4620
2165 25840
2172 4560
2175 24200
2176 23960
2177 85500
2182 4340
2196 16740
2198 4560
2201 6020
2205 5340
2212 22420
2215 4460
2216 6620
2217 28540
2222 2680
2236 5460
2238 22420
2241 4440
2245 6400
2252 4260
2255 7180
2256 6200
2257 6020
2262 23880
2276 5360
2278 4260
2281 24200
2285 3460
2292 2900
2295 6540
2296 3880
2297 8580
2302 3760
2316 3560
2318 2900
2321 4460
2325 21220
2332 2140
2335 23960
2336 29140
2337 5100
2342 4520
2356 19800
2358 2140
2361 7180
2365 4820
2372 6780
2375 6620
2376 6260
2377 16740
2382 4560
2396 4620
2398 6780
2401 6540
2405 4340
2412 3220
2415 6200
2416 8280
2417 5460
2422 22420
2436 6020
2438 3220
2441 23960
2445 2680
2452 3660
2455 3880
2456 5580
2457 5360
2462 4260
2476 4440
2478 3660
2481 6620
2485 23880
2492 85500
2495 29140
2496 24420
2497 3560
2502 2900
2516 24200
2518 85500
2521 6200
2525 47000
2532 28540
2535 6260
2536 5740
2537 19800
2542 2140
2556 4460
2558 28540
2561 3880
2565 21420
2572 6020
2575 8280
2576 7460
2577 4620
2582 6780
2586 43240
2596 7180
2598 6020
2601 29140
2605 8600
2612 8580
2615 5580
2616 5040
2617 6020
2622 3220
2626 16900
2636 6540
2638 8580
2641 6260
2645 27280
2652 5100
2655 24420
2656 9180
2657 4440
2662 3660
2666 4040
2676 23960
2678 5100
2681 8280
2685 8220
2692 16740
2695 5740
2696 5140
2697 24200
2702 85500
2706 4860
2716 6620
2718 16740
2721 5580
2725 12380
2732 5460
2735 7460
2736 6380
2737 4460
2742 28540
2743 43240
2746 3960
2756 6200
2758 5460
2761 24420
2765 5780
2772 5360
2775 5040
2776 114340
2777 7180
2782 6020
2783 16900
2786 9480
2796 3880
2798 5360
2801 5740
2805 10120
2812 3560
2815 9180
2816 26100
2817 6540
2822 8580
2823 4040
2826 3640
2836 29140
2838 3560
2841 7460
2844 43240
2845 5720
2852 19800
2855 5140
2856 6000
2857 23960
2862 5100
2863 4860
2866 3340
2870 43240
2876 6260
2878 19800
2881 5040
2884 16900
2885 17860
2892 4620
2895 6380
2896 9080
2897 6620
2902 16740
2903 3960
2906 2500
2910 16900
2916 8280
2918 4620
2921 9180
2924 4040
2925 88180
2932 6020
2935 114340
2936 5860
2937 6200
2942 5460
2943 9480
2946 14200
2950 4040
2956 5580
2958 6020
2961 5140
2964 4860
2965 32940
2972 4440
2975 26100
2976 23580
2977 3880
