0 0
589 43240
629 16900
669 4040
709 4860
749 3960
789 9480
817 43240
829 3640
857 16900
869 3340
897 4040
909 2500
937 4860
949 14200
977 3960
989 2680
1017 9480
1027 43240
1029 4400
1057 3640
1067 16900
1069 3660
1097 3340
1107 4040
1109 25840
1137 2500
1147 4860
1149 5340
1177 14200
1187 3960
1189 6400
1217 2680
1227 9480
1229 3460
1257 4400
1267 3640
1269 21220
1297 3660
1307 3340
1309 4820
1337 25840
1347 2500
1349 4340
1362 43240
1377 5340
1387 14200
1389 2680
1402 16900
1417 6400
1427 2680
1429 23880
1442 4040
1457 3460
1467 4400
1469 3760
1482 4860
1497 21220
1507 3660
1509 4520
1522 3960
1537 4820
1547 25840
1549 4560
1562 9480
1577 4340
1587 5340
1589 22420
1602 3640
1617 2680
1627 6400
1629 4260
1642 3340
1649 43240
1657 23880
1667 3460
1669 2900
1682 2500
1689 16900
1697 3760
1707 21220
1709 2140
1722 14200
1729 4040
1737 4520
1747 4820
1748 43240
1749 6780
1762 2680
1769 4860
1777 4560
1787 4340
1788 16900
1789 3220
1802 4400
1807 43240
1809 3960
1817 22420
1827 2680
1828 4040
1829 3660
1842 3660
1847 16900
1849 9480
1857 4260
1867 23880
1868 48100
1869 85500
1882 25840
1887 4040
1889 3640
1897 2900
1907 3760
1908 20860
1909 28540
1922 5340
1927 4860
1929 3340
1937 2140
1947 4520
1948 13520
1949 6020
1962 6400
1967 3960
1969 2500
1977 6780
1987 4560
1988 8500
1989 8580
2002 3460
2005 43240
2007 9480
2009 14200
2017 3220
2027 22420
2028 7300
2029 5100
2042 21220
2045 16900
2047 3640
2049 2680
2057 3660
2067 4260
2068 11980
2069 16740
2082 4820
2085 4040
2087 3340
2089 4400
2097 85500
2107 2900
2108 17840
2109 5460
2122 4340
2125 4860
2127 2500
2129 3660
2137 28540
2147 2140
2148 6020
2149 5360
2162 2680
2165 3960
2167 14200
2169 25840
2177 6020
2187 6780
2188 6900
2189 3560
2202 23880
2205 9480
2207 2680
2209 5340
2217 8580
2227 3220
2228 17860
2229 19800
2242 3760
2245 3640
2247 4400
2249 6400
2257 5100
2267 3660
2268 28520
2269 4620
2282 4520
2285 3340
2287 3660
2289 3460
2297 16740
2307 85500
2308 9740
2309 6020
2322 4560
2325 2500
2327 25840
2329 21220
2337 5460
2347 28540
2348 10060
2349 4440
2362 22420
2365 14200
2367 5340
2369 4820
2377 5360
2387 6020
2388 29300
2389 24200
2402 4260
2405 2680
2407 6400
2409 4340
2417 3560
2427 8580
2428 26560
2429 4460
2442 2900
2445 4400
2447 3460
2449 2680
2457 19800
2467 5100
2468 11220
2469 7180
2482 2140
2485 3660
2487 21220
2489 23880
2497 4620
2507 16740
2508 7800
2509 6540
2522 6780
2525 25840
2527 4820
2529 3760
2537 6020
2547 5460
2548 23900
2549 23960
2562 3220
2565 5340
2567 4340
2569 4520
2577 4440
2587 5360
2588 28700
2589 6620
2602 3660
2605 6400
2607 2680
2609 4560
2617 24200
2627 3560
2628 8100
2629 6200
2642 85500
2645 3460
2647 23880
2649 22420
2657 4460
2667 19800
2668 7200
2669 3880
2682 28540
2685 21220
2687 3760
2689 4260
2697 7180
2707 4620
2708 28440
2709 29140
2722 6020
2725 4820
2727 4520
2729 2900
2737 6540
2747 6020
2748 26180
2749 6260
2762 8580
2765 4340
2767 4560
2769 2140
2777 23960
2787 4440
2788 8780
2789 8280
2802 5100
2805 2680
2807 22420
2809 6780
2817 6620
2827 24200
2828 7460
2829 5580
2842 16740
2845 23880
2847 4260
2849 3220
2857 6200
2867 4460
2868 24560
2869 24420
2882 5460
2885 3760
2887 2900
2889 3660
2897 3880
2907 7180
2908 11040
2909 5740
2922 5360
2925 4520
2927 2140
2929 85500
2937 29140
2947 6540
2948 6120
2949 7460
2962 3560
2965 4560
2967 6780
2969 28540
2977 6260
2987 23960
2988 1284
