0 0
355 43240
395 16900
435 4040
457 43240
475 4860
497 16900
515 3960
537 4040
555 52720
577 4860
595 20540
617 3960
635 7380
657 9480
675 7360
697 3640
715 18160
737 3340
755 12160
777 2500
795 8040
797 43240
817 14200
835 7000
837 16900
857 2680
875 28340
877 4040
897 4400
915 19540
917 4860
937 3660
955 9080
957 3960
960 43240
977 25840
995 7860
997 9480
1000 16900
1017 5340
1035 24880
1037 3640
1038 43240
1040 4040
1057 6400
1075 30660
1077 3340
1078 16900
1080 4860
1097 3460
1115 9680
1117 2500
1118 4040
1120 3960
1137 21220
1155 9080
1157 14200
1158 4860
1160 9480
1177 4820
1195 27340
1197 2680
1198 3960
1200 3640
1217 4340
1235 24980
1237 4400
1238 9480
1240 3340
1257 2680
1275 9340
1277 3660
1278 3640
1280 2500
1297 23880
1299 43240
1315 8900
1317 25840
1318 3340
1320 14200
1337 3760
1339 16900
1355 25100
1357 5340
1358 2500
1360 2680
1377 4520
1379 4040
1395 28140
1397 6400
1398 14200
1400 4400
1417 4560
1419 4860
1435 6660
1437 3460
1438 2680
1440 3660
1457 22420
1459 3960
1475 6660
1477 21220
1478 4400
1480 25840
1497 4260
1499 9480
1515 11340
1517 4820
1518 3660
1520 5340
1537 2900
1539 3640
1555 25640
1557 4340
1558 25840
1560 6400
1577 2140
1579 3340
1595 7920
1597 2680
1598 5340
1600 3460
1617 6780
1619 2500
1635 88400
1637 23880
1638 6400
1640 21220
1657 3220
1659 14200
1675 30680
1677 3760
1678 3460
1680 4820
1697 3660
1699 2680
1715 12800
1717 4520
1718 21220
1720 4340
1737 85500
1739 4400
1747 43240
1755 11800
1757 4560
1758 4820
1760 2680
1777 28540
1779 3660
1787 16900
1795 8760
1797 22420
1798 4340
1800 23880
1817 6020
1819 25840
1827 4040
1835 102240
1837 4260
1838 2680
1840 3760
1857 8580
1859 5340
1867 4860
1875 34000
1877 2900
1878 23880
1880 4520
1897 5100
1899 6400
1907 3960
1915 11380
1917 2140
1918 3760
1920 4560
1937 16740
1939 3460
1947 9480
1955 12140
1957 6780
1958 4520
1960 22420
1977 5460
1979 21220
1987 3640
1995 24900
1997 3220
1998 4560
2000 4260
2017 5360
2019 4820
2027 3340
2035 21360
2037 3660
2038 22420
2040 2900
2057 3560
2059 4340
2067 2500
2075 11480
2077 85500
2078 4260
2080 2140
2097 19800
2099 2680
2107 14200
2115 9800
2117 28540
2118 2900
2120 6780
2137 4620
2139 23880
2147 2680
2155 27760
2157 6020
2158 2140
2160 3220
2177 6020
2179 3760
2187 4400
2195 24260
2197 8580
2198 6780
2200 46900
2217 4440
2219 4520
2227 3660
2235 11800
2237 5100
2238 3220
2240 102400
2257 24200
2259 4560
2267 25840
2275 12560
2277 16740
2278 3660
2280 32580
2297 4460
2299 22420
2307 5340
2315 28400
2317 5460
2318 85500
2320 10880
2337 7180
2339 4260
2347 6400
2355 30820
2357 5360
2358 28540
2360 12540
2377 6540
2379 2900
2387 3460
2395 10660
2397 3560
2398 6020
2400 14580
2417 23960
2419 2140
2427 21220
2435 11060
2437 19800
2438 8580
2440 20380
2457 6620
2459 6780
2467 4820
2475 35680
2477 4620
2478 5100
2480 8800
2497 6200
2499 3220
2507 4340
2515 30220
2517 6020
2518 16740
2520 7860
2537 3880
2539 3660
2547 2680
2555 14900
2557 4440
2558 5460
2560 17760
2577 29140
2579 85500
2587 23880
2595 11780
2597 24200
2598 5360
2600 22480
2617 6260
2619 28540
2627 3760
2635 28300
2637 4460
2638 3560
2640 9020
2657 8280
2659 6020
2667 4520
2675 34880
2677 7180
2678 19800
2680 9680
2697 5580
2699 8580
2707 4560
2715 13720
2717 6540
2718 4620
2720 30280
2737 24420
2739 5100
2747 22420
2755 13320
2757 23960
2758 6020
2760 29540
2777 5740
2779 16740
2787 4260
2795 14760
2797 6620
2798 4440
2800 10860
2817 7460
2819 5460
2827 2900
2835 29560
2837 6200
2838 24200
2840 10640
2854 43240
2857 5040
2859 5360
2867 2140
2875 12120
2877 3880
2878 4460
2880 27760
2894 16900
2897 9180
2899 3560
2907 6780
2915 121800
2917 29140
2918 7180
2920 28780
2934 4040
2937 5140
2939 19800
2947 3220
2955 31140
2957 6260
2958 6540
2960 10960
2974 4860
