0 0
766 43240
806 16900
846 4040
886 4860
926 3960
966 9480
1006 3640
1046 3340
1086 2500
1126 14200
1166 2680
1206 4400
1246 3660
1286 25840
1317 43240
1326 5340
1328 43240
1357 16900
1366 6400
1368 16900
1397 4040
1406 3460
1408 4040
1437 4860
1446 21220
1448 4860
1477 3960
1486 4820
1488 3960
1517 9480
1526 4340
1528 9480
1557 3640
1566 2680
1568 3640
1597 3340
1606 23880
1608 3340
1637 2500
1644 43240
1646 3760
1648 2500
1677 14200
1684 16900
1686 4520
1688 14200
1717 2680
1724 4040
1726 4560
1728 2680
1757 4400
1764 4860
1766 22420
1768 4400
1797 3660
1804 3960
1806 4260
1808 3660
1837 25840
1844 9480
1846 2900
1848 25840
1877 5340
1884 3640
1886 2140
1888 5340
1917 6400
1924 3340
1926 6780
1928 6400
1957 3460
1962 43240
1964 2500
1966 3220
1968 3460
1997 21220
2002 16900
2004 57440
2006 3660
2008 21220
2014 43240
2037 4820
2042 4040
2044 19580
2046 85500
2048 4820
2054 16900
2077 4340
2082 4860
2084 8440
2086 28540
2088 4340
2094 4040
2117 2680
2122 3960
2124 8520
2126 6020
2128 45920
2134 4860
2143 43240
2157 23880
2162 9480
2164 29800
2166 8580
2168 40780
2174 3960
2183 16900
2197 3760
2202 3640
2204 14820
2206 5100
2208 7800
2214 9480
2223 4040
2237 4520
2242 3340
2244 10040
2246 16740
2248 9380
2254 3640
2263 4860
2277 4560
2282 2500
2284 6800
2286 5460
2288 8520
2294 3340
2303 3960
2317 22420
2322 14200
2324 23720
2326 5360
2328 31900
2334 2500
2343 9480
2357 4260
2362 2680
2364 19020
2366 3560
2368 7900
2374 14200
2383 3640
2397 2900
2402 4400
2404 7020
2406 19800
2408 6240
2414 2680
2423 3340
2437 2140
2442 3660
2444 7080
2446 4620
2448 4640
2454 4400
2463 2500
2477 6780
2482 25840
2484 27540
2486 6020
2488 20980
2494 3660
2503 14200
2517 3220
2522 5340
2524 29600
2526 4440
2528 5900
2534 25840
2543 2680
2557 3660
2562 6400
2564 9860
2566 24200
2568 8060
2574 5340
2583 4400
2597 85500
2602 3460
2604 10960
2606 4460
2608 89160
2614 6400
2623 3660
2637 28540
2642 21220
2644 69120
2646 7180
2648 54380
2654 3460
2663 25840
2677 6020
2682 4820
2684 42380
2686 6540
2688 11360
2694 21220
2703 5340
2717 8580
2722 4340
2724 11760
2726 23960
2728 14980
2734 4820
2743 6400
2757 5100
2762 2680
2764 11340
2766 6620
2768 8560
2774 4340
2783 3460
2797 16740
2802 23880
2804 13420
2806 6200
2808 37960
2814 2680
2823 21220
2837 5460
2842 3760
2844 36580
2846 3880
2848 10280
2854 23880
2863 4820
2877 5360
2882 4520
2884 11060
2886 29140
2888 9700
2894 3760
2903 4340
2917 3560
2922 4560
2924 93360
2926 6260
2928 6240
2934 4520
2943 2680
2957 19800
2962 22420
2964 35600
2966 8280
2968 43680
2974 228
