0 0
108 43240
148 16900
172 43240
188 4040
212 16900
228 4860
252 4040
268 3960
272 43240
292 4860
308 9480
312 16900
332 3960
348 3640
352 4040
367 43240
372 9480
388 3340
392 4860
407 16900
408 43240
412 3640
428 2500
432 3960
447 4040
448 16900
452 3340
468 14200
472 9480
487 4860
488 4040
492 2500
508 2680
512 3640
527 3960
528 4860
532 14200
548 4400
552 3340
567 9480
568 3960
572 2680
588 3660
592 2500
607 3640
608 9480
612 4400
628 25840
632 14200
647 3340
648 3640
652 3660
668 5340
672 2680
687 2500
688 3340
692 25840
708 6400
712 4400
727 14200
728 2500
732 5340
748 3460
752 3660
767 2680
768 14200
772 6400
788 21220
792 25840
807 4400
808 2680
812 3460
828 4820
832 5340
847 3660
848 4400
852 21220
868 4340
872 6400
887 25840
888 3660
892 4820
908 2680
912 3460
927 5340
928 25840
932 4340
947 43240
948 23880
952 21220
963 43240
967 6400
968 5340
972 2680
987 16900
988 3760
992 4820
1003 16900
1007 3460
1008 6400
1012 23880
1027 4040
1028 4520
1032 4340
1043 4040
1047 21220
1048 3460
1052 3760
1067 4860
1068 4560
1072 2680
1083 4860
1087 4820
1088 21220
1092 4520
1107 3960
1108 22420
1112 23880
1123 3960
1127 4340
1128 4820
1132 4560
1147 9480
1148 4260
1152 3760
1163 9480
1167 2680
1168 4340
1172 22420
1187 3640
1188 2900
1192 4520
1203 3640
1207 23880
1208 2680
1212 4260
1227 3340
1228 2140
1232 4560
1243 3340
1247 3760
1248 23880
1252 2900
1267 2500
1268 6780
1272 22420
1283 2500
1287 4520
1288 3760
1292 2140
1307 14200
1308 3220
1312 4260
1323 14200
1327 4560
1328 4520
1332 6780
1347 2680
1348 3660
1352 2900
1363 2680
1367 22420
1368 4560
1370 43240
1372 3220
1387 4400
1388 85500
1392 2140
1403 4400
1407 4260
1408 22420
1410 16900
1412 3660
1427 3660
1428 28540
1432 6780
1443 3660
1447 2900
1448 4260
1450 4040
1452 85500
1467 25840
1468 6020
1472 3220
1483 25840
1487 2140
1488 2900
1490 4860
1492 28540
1501 43240
1507 5340
1508 8580
1512 3660
1523 5340
1527 6780
1528 2140
1530 3960
1532 6020
1541 16900
1547 6400
1548 5100
1552 85500
1563 6400
1567 3220
1568 6780
1570 9480
1572 8580
1581 4040
1587 3460
1588 16740
1592 28540
1603 3460
1607 3660
1608 3220
1610 3640
1612 5100
1621 4860
1627 21220
1628 5460
1632 6020
1643 21220
1647 85500
1648 3660
1650 3340
1652 16740
1661 3960
1667 4820
1668 5360
1672 8580
1683 4820
1687 28540
1688 85500
1690 2500
1692 5460
1701 9480
1707 4340
1708 3560
1712 5100
1723 4340
1727 6020
1728 28540
1730 14200
1732 5360
1741 3640
1747 2680
1748 19800
1752 16740
1763 2680
1767 8580
1768 6020
1770 2680
1772 3560
1781 3340
1787 23880
1788 4620
1792 5460
1803 23880
1807 5100
1808 8580
1810 4400
1812 19800
1821 2500
1827 3760
1828 6020
1832 5360
1843 3760
1847 16740
1848 5100
1850 3660
1852 4620
1861 14200
1867 4520
1868 4440
1872 3560
1883 4520
1887 5460
1888 16740
1890 25840
1892 6020
1901 2680
1907 4560
1908 24200
1912 19800
1923 4560
1927 5360
1928 5460
1930 5340
1932 4440
1941 4400
1947 22420
1948 4460
1952 4620
1963 22420
1967 3560
1968 5360
1970 6400
1972 24200
1981 3660
1987 4260
1988 7180
1992 6020
2003 4260
2007 19800
2008 3560
2010 3460
2012 4460
2015 43240
2021 25840
2027 2900
2028 6540
2032 4440
2043 2900
2047 4620
2048 19800
2050 21220
2052 7180
2055 16900
2061 5340
2067 2140
2068 23960
2072 24200
2083 2140
2087 6020
2088 4620
2090 4820
2092 6540
2095 4040
2101 6400
2107 6780
2108 6620
2112 4460
2123 6780
2127 4440
2128 6020
2130 4340
2132 23960
2135 4860
2141 3460
2147 3220
2148 6200
2152 7180
2163 3220
2167 24200
2168 4440
2170 2680
2172 6620
2175 3960
2181 21220
2187 3660
2188 3880
2192 6540
2203 3660
2207 4460
2208 24200
2210 23880
2212 6200
2215 9480
2221 4820
2227 85500
2228 29140
2232 23960
2243 85500
2247 7180
2248 4460
2250 3760
2252 3880
2255 3640
2261 4340
2267 28540
2268 6260
2272 6620
2283 28540
2287 6540
2288 7180
2290 4520
2292 29140
2295 3340
2301 2680
2307 6020
2308 8280
2312 6200
2323 6020
2327 23960
2328 6540
2330 4560
2332 6260
2335 2500
2341 23880
2347 8580
2348 5580
2352 3880
2363 8580
2367 6620
2368 23960
2370 22420
2372 8280
2375 14200
2381 3760
2387 5100
2388 24420
2392 29140
2403 5100
2407 6200
2408 6620
2410 4260
2412 5580
2415 2680
2421 4520
2427 16740
2428 5740
2432 6260
2443 16740
2447 3880
2448 6200
2450 2900
2452 24420
2455 4400
2461 4560
2467 5460
2468 7460
2472 8280
2483 5460
2487 29140
2488 3880
2490 2140
2492 5740
2495 3660
2501 22420
2507 5360
2508 5040
2512 5580
2523 5360
2527 6260
2528 29140
2530 6780
2532 7460
2535 25840
2541 4260
2547 3560
2548 9180
2552 24420
2563 3560
2567 8280
2568 6260
2570 3220
2572 5040
2575 5340
2581 2900
2587 19800
2588 5140
2592 5740
2603 19800
2607 5580
2608 8280
2610 3660
2612 9180
2615 6400
2621 2140
2627 4620
2628 6380
2632 7460
2643 4620
2647 24420
2648 5580
2650 85500
2652 5140
2655 3460
2661 6780
2667 6020
2668 114340
2672 5040
2683 6020
2687 5740
2688 24420
2690 28540
2692 6380
2695 21220
2701 3220
2707 4440
2708 26100
2712 9180
2723 4440
2727 7460
2728 5740
2730 6020
2732 114340
2735 4820
2741 3660
2747 24200
2748 6000
2752 5140
2763 24200
2767 5040
2768 7460
2770 8580
2772 26100
2775 4340
2781 85500
2787 4460
2788 9080
2792 6380
2793 43240
2796 43240
2803 4460
2807 9180
2808 5040
2810 5100
2812 6000
2815 2680
2821 28540
2827 7180
2828 5860
2832 114340
2833 16900
2836 16900
2843 7180
2847 5140
2848 9180
2850 16740
2852 9080
2855 23880
2861 6020
2867 6540
2868 23580
2872 26100
2873 4040
2876 4040
2883 6540
2887 6380
2888 5140
2890 5460
2892 5860
2895 3760
2901 8580
2907 23960
2908 6480
2912 6000
2913 4860
2916 4860
2923 23960
2927 114340
2928 6380
2930 5360
2932 23580
2935 4520
2941 5100
2947 6620
2948 9400
2952 9080
2953 3960
2956 3960
2963 6620
2967 26100
2968 114340
2970 3560
2972 6480
2975 4560
2981 16740
2987 6200
2988 7200
2992 5860
2993 4266
