0 0
329 43240
369 16900
409 4040
449 4860
489 3960
499 43240
529 9480
539 16900
569 3640
579 4040
609 3340
619 4860
649 2500
659 3960
689 14200
699 9480
729 2680
739 3640
769 4400
777 43240
779 3340
809 3660
817 16900
819 2500
849 25840
857 4040
859 14200
889 5340
897 4860
899 2680
929 6400
937 3960
939 4400
969 3460
977 9480
979 3660
990 43240
1009 21220
1017 3640
1019 25840
1030 16900
1049 4820
1057 3340
1059 5340
1070 4040
1089 4340
1097 2500
1099 6400
1110 4860
1129 2680
1137 14200
1139 3460
1150 3960
1169 23880
1177 2680
1179 21220
1190 9480
1209 3760
1211 43240
1217 4400
1219 4820
1230 3640
1249 4520
1251 16900
1257 3660
1259 4340
1270 3340
1289 4560
1291 4040
1297 25840
1299 2680
1310 2500
1329 22420
1331 4860
1337 5340
1339 23880
1350 14200
1369 4260
1371 3960
1377 6400
1379 3760
1390 2680
1409 2900
1411 9480
1417 3460
1419 4520
1430 4400
1449 2140
1451 3640
1457 21220
1459 4560
1470 3660
1489 6780
1490 43240
1491 3340
1497 4820
1499 22420
1510 25840
1529 3220
1530 16900
1531 2500
1537 4340
1539 4260
1550 5340
1554 43240
1569 3660
1570 4040
1571 14200
1577 2680
1579 2900
1590 6400
1594 16900
1609 85500
1610 4860
1611 2680
1617 23880
1619 2140
1630 3460
1634 4040
1648 43240
1649 28540
1650 3960
1651 4400
1657 3760
1659 6780
1670 21220
1674 4860
1688 16900
1689 6020
1690 9480
1691 3660
1697 4520
1699 3220
1710 4820
1714 3960
1728 4040
1729 8580
1730 3640
1731 25840
1737 4560
1739 3660
1750 4340
1754 9480
1768 4860
1769 5100
1770 3340
1771 5340
1777 22420
1779 85500
1790 2680
1794 3640
1808 3960
1809 16740
1810 2500
1811 6400
1817 4260
1819 28540
1830 23880
1834 3340
1848 9480
1849 5460
1850 14200
1851 3460
1857 2900
1859 6020
1870 3760
1874 2500
1888 3640
1889 5360
1890 2680
1891 21220
1897 2140
1899 8580
1910 4520
1914 14200
1928 3340
1929 3560
1930 4400
1931 4820
1937 6780
1939 5100
1950 4560
1954 2680
1968 2500
1969 19800
1970 3660
1971 4340
1977 3220
1979 16740
1990 22420
1994 4400
2008 14200
2009 4620
2010 25840
2011 2680
2017 3660
2019 5460
2030 4260
2034 3660
2048 2680
2049 6020
2050 5340
2051 23880
2057 85500
2059 5360
2070 2900
2074 25840
2088 4400
2089 4440
2090 6400
2091 3760
2097 28540
2099 3560
2110 2140
2114 5340
2128 3660
2129 24200
2130 3460
2131 4520
2137 6020
2139 19800
2150 6780
2154 6400
2168 25840
2169 4460
2170 21220
2171 4560
2177 8580
2179 4620
2190 3220
2194 3460
2208 5340
2209 7180
2210 4820
2211 22420
2217 5100
2219 6020
2230 3660
2234 21220
2248 6400
2249 6540
2250 4340
2251 4260
2257 16740
2259 4440
2270 85500
2274 4820
2288 3460
2289 23960
2290 2680
2291 2900
2297 5460
2299 24200
2310 28540
2314 4340
2328 21220
2329 6620
2330 23880
2331 2140
2337 5360
2339 4460
2343 43240
2350 6020
2354 2680
2368 4820
2369 6200
2370 3760
2371 6780
2377 3560
2379 7180
2383 16900
2390 8580
2394 23880
2408 4340
2409 3880
2410 4520
2411 3220
2417 19800
2419 6540
2423 4040
2430 5100
2434 3760
2448 2680
2449 29140
2450 4560
2451 3660
2457 4620
2459 23960
2463 4860
2470 16740
2474 4520
2488 23880
2489 6260
2490 22420
2491 85500
2497 6020
2499 6620
2503 3960
2510 5460
2514 4560
2528 3760
2529 8280
2530 4260
2531 28540
2537 4440
2539 6200
2543 9480
2550 5360
2554 22420
2568 4520
2569 5580
2570 2900
2571 6020
2577 24200
2579 3880
2583 3640
2590 3560
2594 4260
2608 4560
2609 24420
2610 2140
2611 8580
2617 4460
2619 29140
2623 3340
2630 19800
2634 2900
2648 22420
2649 5740
2650 6780
2651 5100
2657 7180
2659 6260
2663 2500
2670 4620
2674 2140
2688 4260
2689 7460
2690 3220
2691 16740
2697 6540
2699 8280
2703 14200
2710 6020
2714 50020
2728 2900
2729 5040
2730 3660
2731 5460
2737 23960
2739 5580
2743 2680
2750 4440
2754 20120
2768 2140
2769 9180
2770 85500
2771 5360
2777 6620
2779 24420
2783 4400
2790 24200
2794 7700
2808 6780
2809 5140
2810 28540
2811 3560
2817 6200
2819 5740
2823 3660
2830 4460
2834 90360
2848 3220
2849 6380
2850 6020
2851 19800
2857 3880
2859 7460
2863 25840
2870 7180
2874 32500
2888 3660
2889 114340
2890 8580
2891 4620
2897 29140
2899 5040
2903 5340
2910 6540
2914 15500
2928 85500
2929 26100
2930 5100
2931 6020
2937 6260
2939 9180
2943 6400
2950 23960
2954 12220
2960 43240
2968 28540
2969 6000
2970 16740
2971 4440
2977 7866
