0 0
797 43240
837 16900
877 4040
917 4860
957 3960
997 9480
1037 3640
1077 3340
1117 2500
1127 43240
1157 14200
1167 16900
1197 2680
1207 4040
1237 4400
1247 4860
1277 3660
1287 3960
1317 25840
1327 9480
1357 5340
1367 3640
1397 6400
1407 3340
1437 3460
1447 2500
1477 21220
1487 14200
1517 4820
1527 2680
1557 4340
1567 4400
1597 2680
1607 3660
1637 23880
1647 25840
1677 3760
1687 5340
1717 4520
1727 6400
1757 4560
1767 3460
1774 43240
1797 22420
1807 21220
1812 43240
1814 16900
1837 4260
1847 4820
1852 16900
1854 4040
1877 2900
1887 4340
1892 4040
1894 4860
1917 2140
1927 2680
1932 4860
1934 3960
1957 6780
1967 23880
1972 3960
1974 9480
1997 3220
2007 3760
2012 9480
2014 3640
2037 3660
2047 4520
2052 3640
2054 3340
2077 85500
2087 4560
2092 3340
2094 2500
2117 28540
2127 22420
2132 2500
2134 14200
2157 6020
2167 4260
2172 14200
2174 2680
2197 8580
2207 2900
2212 2680
2214 4400
2237 5100
2247 2140
2252 4400
2254 3660
2277 16740
2287 6780
2292 3660
2294 25840
2317 5460
2327 3220
2332 25840
2334 5340
2357 5360
2367 3660
2372 5340
2374 6400
2397 3560
2407 85500
2412 6400
2414 3460
2437 19800
2447 28540
2452 3460
2454 21220
2477 4620
2487 6020
2492 21220
2494 4820
2517 6020
2527 8580
2532 4820
2534 4340
2557 4440
2567 5100
2572 4340
2574 2680
2597 24200
2607 16740
2612 2680
2614 23880
2616 43240
2637 4460
2647 5460
2652 23880
2654 3760
2656 16900
2677 7180
2687 5360
2692 3760
2694 4520
2696 4040
2717 6540
2727 3560
2732 4520
2734 4560
2736 4860
2757 23960
2767 19800
2772 4560
2774 22420
2776 3960
2797 6620
2807 4620
2811 43240
2812 22420
2814 4260
2816 9480
2837 6200
2844 43240
2847 6020
2851 16900
2852 4260
2854 2900
2856 3640
2877 3880
2884 16900
2887 4440
2891 4040
2892 2900
2894 2140
2896 3340
2917 29140
2924 4040
2927 24200
2931 4860
2932 2140
2934 6780
2936 2500
2941 43240
2957 6260
2964 4860
2967 669
