0 0
151 43240
191 16900
231 4040
271 4860
311 3960
351 9480
391 3640
427 43240
431 3340
467 16900
471 2500
507 4040
511 14200
547 4860
551 2680
587 3960
591 4400
627 9480
631 3660
667 3640
671 25840
691 43240
697 43240
707 3340
711 5340
729 43240
731 16900
737 16900
747 2500
751 6400
769 16900
771 4040
777 4040
779 43240
787 14200
791 3460
792 43240
809 4040
811 4860
817 4860
819 16900
827 2680
831 21220
832 16900
849 4860
851 3960
857 3960
859 4040
867 4400
871 4820
872 4040
889 3960
891 9480
897 9480
899 4860
907 3660
911 4340
912 4860
929 9480
931 3640
937 3640
939 3960
947 25840
951 2680
952 3960
969 3640
971 3340
977 3340
979 9480
987 5340
991 23880
992 9480
1009 3340
1011 2500
1017 2500
1019 3640
1027 6400
1031 3760
1032 3640
1049 2500
1051 14200
1057 14200
1059 3340
1067 3460
1071 4520
1072 3340
1089 14200
1091 2680
1097 2680
1099 2500
1107 21220
1111 4560
1112 2500
1129 2680
1131 4400
1137 4400
1139 14200
1147 4820
1151 22420
1152 14200
1169 4400
1171 3660
1177 3660
1179 2680
1187 4340
1191 4260
1192 2680
1199 43240
1209 3660
1211 25840
1217 25840
1219 4400
1227 2680
1231 2900
1232 4400
1239 16900
1249 25840
1251 5340
1257 5340
1259 3660
1267 23880
1271 2140
1272 3660
1279 4040
1289 5340
1291 6400
1297 6400
1299 25840
1307 3760
1309 43240
1311 6780
1312 25840
1319 4860
1329 6400
1331 3460
1337 3460
1339 5340
1347 4520
1349 16900
1351 3220
1352 5340
1359 3960
1369 3460
1371 21220
1377 21220
1379 6400
1387 4560
1389 4040
1391 3660
1392 6400
1399 9480
1409 21220
1411 4820
1417 4820
1419 3460
1427 22420
1429 4860
1431 85500
1432 3460
1439 3640
1449 4820
1451 4340
1457 4340
1459 21220
1467 4260
1469 3960
1471 28540
1472 21220
1479 3340
1489 4340
1491 2680
1497 2680
1499 4820
1507 2900
1509 9480
1511 6020
1512 4820
1519 2500
1529 2680
1531 23880
1537 23880
1539 4340
1547 2140
1549 3640
1551 8580
1552 4340
1559 57440
1561 43240
1569 23880
1571 3760
1577 3760
1579 2680
1587 6780
1589 3340
1591 5100
1592 2680
1599 19580
1601 16900
1609 3760
1611 4520
1617 4520
1619 23880
1627 3220
1629 2500
1631 16740
1632 23880
1639 8440
1641 4040
1649 4520
1651 4560
1657 4560
1659 3760
1667 3660
1669 14200
1671 5460
1672 3760
1679 8520
1681 4860
1689 4560
1691 22420
1697 22420
1699 4520
1707 85500
1709 2680
1711 5360
1712 4520
1719 29800
1721 3960
1729 22420
1731 4260
1737 4260
1739 4560
1747 28540
1749 4400
1751 3560
1752 4560
1759 14820
1761 9480
1769 4260
1771 2900
1777 2900
1779 22420
1787 6020
1789 3660
1791 19800
1792 22420
1799 10040
1801 3640
1809 2900
1811 2140
1817 2140
1819 4260
1827 8580
1829 25840
1831 4620
1832 4260
1839 6800
1841 3340
1849 2140
1851 6780
1857 6780
1859 2900
1867 5100
1869 5340
1871 6020
1872 2900
1879 23720
1881 2500
1889 6780
1891 3220
1897 3220
1899 2140
1907 16740
1909 6400
1911 4440
1912 2140
1919 19020
1921 14200
1929 3220
1931 3660
1936 43240
1937 46900
1939 6780
1947 5460
1949 3460
1951 24200
1952 6780
1959 7020
1961 2680
1969 3660
1971 85500
1976 16900
1977 102400
1979 3220
1987 5360
1989 21220
1991 4460
1992 3220
1999 7080
2001 4400
2009 85500
2011 28540
2016 4040
2017 32580
2019 3660
2027 3560
2029 4820
2031 7180
2032 3660
2039 27540
2041 3660
2049 28540
2051 6020
2056 4860
2057 10880
2059 85500
2067 19800
2069 4340
2071 6540
2072 85500
2079 29600
2081 25840
2089 6020
2091 8580
2096 3960
2097 12540
2099 28540
2107 4620
2109 2680
2111 23960
2112 28540
2119 9860
2121 5340
2129 8580
2131 5100
2136 9480
2137 14580
2139 6020
2147 6020
2149 23880
2151 6620
2152 6020
2159 10960
2161 6400
2169 5100
2171 16740
2175 43240
2176 3640
2177 20380
2179 8580
2187 4440
2189 3760
2191 6200
2192 8580
2199 25880
2201 3460
2209 16740
2211 5460
2215 16900
2216 3340
2217 8800
2219 5100
2227 24200
2229 4520
2231 3880
2232 5100
2239 25480
2241 21220
2249 5460
2251 5360
2255 4040
2256 2500
2257 7860
2259 16740
2267 4460
2269 4560
2271 29140
2272 16740
2279 7720
2281 4820
2289 5360
2291 3560
2295 4860
2296 14200
2297 17760
2299 5460
2307 7180
2309 22420
2311 6260
2312 5460
2319 6480
2321 4340
2329 3560
2331 19800
2335 3960
2336 2680
2337 22480
2339 5360
2347 6540
2349 4260
2351 8280
2352 5360
2359 9460
2361 2680
2369 19800
2371 4620
2375 9480
2376 4400
2377 9020
2379 3560
2387 23960
2389 2900
2391 5580
2392 3560
2399 27100
2401 23880
2409 4620
2411 6020
2415 3640
2416 3660
2417 9680
2419 19800
2427 6620
2429 2140
2431 24420
2432 19800
2439 7420
2441 3760
2449 6020
2451 4440
2455 3340
2456 25840
2457 30280
2459 4620
2467 6200
2469 6780
2471 5740
2472 4620
2479 90020
2481 4520
2489 4440
2491 24200
2495 2500
2496 5340
2497 29540
2499 6020
2507 3880
2509 3220
2511 7460
2512 6020
2519 33100
2521 4560
2529 24200
2531 4460
2535 14200
2536 6400
2537 10860
2539 4440
2547 29140
2549 3660
2551 5040
2552 4440
2559 28440
2561 22420
2569 4460
2571 7180
2575 2680
2576 3460
2577 10640
2579 24200
2587 6260
2589 85500
2591 9180
2592 24200
2599 12840
2601 4260
2609 7180
2611 6540
2615 4400
2616 21220
2617 27760
2619 4460
2627 8280
2629 28540
2631 5140
2632 4460
2639 8000
2641 2900
2649 6540
2651 23960
2655 3660
2656 4820
2657 28780
2659 7180
2667 5580
2669 6020
2671 6380
2672 7180
2679 18880
2681 2140
2689 23960
2691 6620
2695 25840
2696 4340
2697 10960
2699 6540
2707 24420
2709 8580
2711 114340
2712 6540
2719 12240
2721 6780
2729 6620
2731 6200
2735 5340
2736 2680
2737 8880
2739 23960
2747 5740
2749 5100
2751 26100
2752 23960
2759 8580
2761 3220
2769 6200
2771 3880
2775 6400
2776 23880
2777 27760
2779 6620
2787 7460
2789 16740
2791 6000
2792 6620
2799 7220
2801 3660
2809 3880
2811 29140
2815 3460
2816 3760
2817 32900
2819 6200
2827 5040
2829 5460
2831 9080
2832 6200
2839 105300
2841 85500
2849 29140
2851 6260
2855 21220
2856 4520
2857 10780
2859 3880
2867 9180
2869 5360
2871 5860
2872 3880
2879 33160
2881 28540
2889 6260
2891 8280
2895 4820
2896 4560
2897 12840
2899 29140
2907 5140
2909 3560
2911 23580
2912 29140
2919 12040
2921 6020
2929 8280
2931 5580
2932 43240
2935 4340
2936 22420
2937 28000
2939 6260
2947 6380
2949 19800
2951 6480
2952 6260
2959 13020
2961 8580
2969 5580
2971 24420
2972 16900
2975 2680
2976 4260
2977 28680
2979 8280
2987 114340
2989 4620
