0 0
246 43240
286 16900
326 4040
366 4860
406 3960
446 9480
486 3640
526 3340
566 2500
606 14200
646 2680
686 4400
726 3660
766 25840
806 5340
846 6400
854 43240
886 3460
894 16900
926 21220
934 4040
966 4820
974 4860
1006 4340
1014 3960
1046 2680
1054 9480
1086 23880
1094 3640
1126 3760
1134 3340
1166 4520
1174 2500
1206 4560
1214 14200
1246 22420
1254 2680
1286 4260
1294 4400
1326 2900
1334 3660
1366 2140
1374 25840
1406 6780
1414 5340
1446 3220
1454 6400
1479 43240
1486 3660
1494 3460
1519 16900
1526 85500
1534 21220
1559 4040
1566 28540
1574 4820
1599 4860
1606 6020
1614 4340
1639 3960
1646 8580
1654 2680
1679 9480
1686 5100
1694 23880
1719 3640
1726 16740
1734 3760
1759 3340
1766 5460
1774 4520
1799 2500
1806 5360
1814 4560
1839 14200
1846 3560
1854 22420
1879 2680
1886 19800
1894 4260
1899 43240
1919 4400
1926 4620
1934 2900
1939 16900
1959 3660
1966 6020
1974 2140
1976 43240
1979 4040
1999 25840
2006 4440
2014 6780
2016 16900
2019 4860
2039 5340
2046 24200
2054 3220
2056 4040
2059 3960
2079 6400
2086 4460
2094 3660
2096 4860
2099 9480
2119 3460
2126 7180
2134 85500
2136 3960
2139 3640
2159 21220
2166 6540
2174 28540
2176 9480
2179 3340
2199 4820
2206 23960
2214 6020
2216 3640
2219 2500
2239 4340
2246 6620
2254 8580
2256 3340
2259 14200
2279 2680
2286 6200
2294 5100
2296 2500
2299 2680
2319 23880
2326 3880
2334 16740
2336 14200
2339 4400
2359 3760
2366 29140
2374 5460
2376 2680
2379 3660
2399 4520
2406 6260
2414 5360
2416 4400
2419 25840
2439 4560
2446 8280
2454 3560
2456 3660
2459 5340
2479 22420
2486 5580
2494 19800
2496 25840
2499 6400
2519 4260
2526 24420
2534 4620
2536 5340
2539 3460
2559 2900
2566 5740
2574 6020
2576 6400
2579 21220
2599 2140
2606 7460
2614 4440
2616 3460
2619 4820
2639 6780
2646 5040
2654 24200
2656 21220
2659 4340
2679 3220
2686 9180
2694 4460
2696 4820
2699 2680
2719 3660
2726 5140
2734 7180
2736 4340
2739 23880
2759 85500
2766 6380
2774 6540
2776 2680
2779 3760
2799 28540
2806 114340
2814 23960
2816 23880
2819 4520
2839 6020
2846 26100
2854 6620
2856 3760
2859 4560
2879 8580
2886 6000
2894 6200
2896 4520
2899 22420
2919 5100
2926 9080
2934 3880
2936 4560
2939 4260
