0 0
137 43240
177 16900
217 4040
257 4860
297 3960
337 9480
377 3640
417 3340
457 2500
497 14200
537 2680
577 4400
617 3660
657 25840
665 43240
675 43240
697 5340
705 16900
715 16900
737 6400
745 4040
755 4040
777 3460
785 4860
795 4860
817 21220
825 3960
835 3960
857 4820
865 9480
875 9480
897 4340
905 3640
915 3640
937 2680
945 3340
955 3340
977 23880
985 2500
995 2500
1017 3760
1025 14200
1035 14200
1057 4520
1065 2680
1075 2680
1097 4560
1105 4400
1115 4400
1137 22420
1145 3660
1155 3660
1177 4260
1185 25840
1195 25840
1217 2900
1225 5340
1235 5340
1257 2140
1265 6400
1275 6400
1297 6780
1305 3460
1313 43240
1315 3460
1337 3220
1345 21220
1353 16900
1355 21220
1377 3660
1385 4820
1393 4040
1395 4820
1398 43240
1417 85500
1425 4340
1433 4860
1435 4340
1438 16900
1457 28540
1465 2680
1471 43240
1473 3960
1475 2680
1478 4040
1497 6020
1505 23880
1511 16900
1513 9480
1515 23880
1518 4860
1537 8580
1545 3760
1551 4040
1553 3640
1555 3760
1558 3960
1577 5100
1585 4520
1591 4860
1593 3340
1595 4520
1598 9480
1601 43240
1617 16740
1622 43240
1625 4560
1631 3960
1633 2500
1635 4560
1638 3640
1641 16900
1657 5460
1662 16900
1665 22420
1671 9480
1673 14200
1675 22420
1678 3340
1681 4040
1697 5360
1702 4040
1705 4260
1711 3640
1713 2680
1715 4260
1718 2500
1721 4860
1737 3560
1742 4860
1745 2900
1751 3340
1753 4400
1755 2900
1758 14200
1761 3960
1762 43240
1777 19800
1782 3960
1785 2140
1791 2500
1793 3660
1795 2140
1798 2680
1799 43240
1801 9480
1802 16900
1817 4620
1822 9480
1825 6780
1831 14200
1833 25840
1835 6780
1838 4400
1839 16900
1841 3640
1842 4040
1857 6020
1862 3640
1865 3220
1871 2680
1873 5340
1875 3220
1878 3660
1879 4040
1881 3340
1882 4860
1897 4440
1902 3340
1905 3660
1911 47640
1913 6400
1915 3660
1918 25840
1919 4860
1921 2500
1922 3960
1937 24200
1942 2500
1945 85500
1951 20560
1953 3460
1955 85500
1958 5340
1959 3960
1961 14200
1962 9480
1977 4460
1982 14200
1985 28540
1991 29880
1993 21220
1995 28540
1998 6400
1999 9480
2001 2680
2002 3640
2017 7180
2022 2680
2025 6020
2031 10200
2033 4820
2035 6020
2038 3460
2039 3640
2041 4400
2042 3340
2057 6540
2062 4400
2065 8580
2071 10360
2073 4340
2075 8580
2078 21220
2079 3340
2081 3660
2082 2500
2097 23960
2102 3660
2105 5100
2111 12940
2113 2680
2115 5100
2118 4820
2119 2500
2121 25840
2122 14200
2137 6620
2142 25840
2145 16740
2151 24860
2153 23880
2155 16740
2158 4340
2159 14200
2161 5340
2162 2680
2177 6200
2182 5340
2185 5460
2191 8160
2193 3760
2195 5460
2198 2680
2199 2680
2201 6400
2202 4400
2217 3880
2219 43240
2222 6400
2225 5360
2231 6840
2233 4520
2235 5360
2238 23880
2239 4400
2241 3460
2242 3660
2257 29140
2259 16900
2262 3460
2265 3560
2271 16880
2273 4560
2275 3560
2278 3760
2279 3660
2281 21220
2282 25840
2297 6260
2299 4040
2300 43240
2302 21220
2305 19800
2311 26560
2313 22420
2315 19800
2318 4520
2319 25840
2321 4820
2322 5340
2337 51520
2339 4860
2340 16900
2342 4820
2344 43240
2345 4620
2351 8160
2353 4260
2355 4620
2358 4560
2359 5340
2361 4340
2362 6400
2377 22480
2379 3960
2380 4040
2382 4340
2384 16900
2385 6020
2391 8180
2393 2900
2395 6020
2398 22420
2399 6400
2401 2680
2402 3460
2417 28460
2419 9480
2420 4860
2422 2680
2424 4040
2425 4440
2431 30400
2433 2140
2435 4440
2438 4260
2439 3460
2441 23880
2442 21220
2457 10600
2459 3640
2460 3960
2462 23880
2464 4860
2465 24200
2471 27760
2473 6780
2475 24200
2478 2900
2479 21220
2481 3760
2482 4820
2497 11420
2499 3340
2500 9480
2502 3760
2504 3960
2505 4460
2511 10660
2513 3220
2515 4460
2518 2140
2519 4820
2521 4520
2522 4340
2537 14520
2539 2500
2540 3640
2542 4520
2544 9480
2545 7180
2551 6360
2553 3660
2555 7180
2558 6780
2559 4340
2561 4560
2562 2680
2577 12820
2579 14200
2580 3340
2582 4560
2584 3640
2585 6540
2591 23360
2593 85500
2595 6540
2598 3220
2599 2680
2601 22420
2602 23880
2617 8480
2619 2680
2620 2500
2622 22420
2623 43240
2624 3340
2625 23960
2631 11600
2633 28540
2635 23960
2638 3660
2639 23880
2641 4260
2642 3760
2657 8880
2659 4400
2660 14200
2662 47500
2663 16900
2664 2500
2665 6620
2671 7560
2673 6020
2675 6620
2678 85500
2679 3760
2681 2900
2682 4520
2697 128540
2699 3660
2700 2680
2702 19800
2703 4040
2704 14200
2705 6200
2711 6340
2713 8580
2715 6200
2718 28540
2719 4520
2721 2140
2722 4560
2737 28780
2739 25840
2740 4400
2742 6180
2743 4860
2744 2680
2745 3880
2751 109380
2753 5100
2755 3880
2758 6020
2759 4560
2761 6780
2762 22420
2777 10400
2779 5340
2780 3660
2782 11640
2783 3960
2784 4400
2785 29140
2791 32300
2793 16740
2795 29140
2798 8580
2799 22420
2801 3220
2802 4260
2817 12740
2819 6400
2820 25840
2822 7180
2823 9480
2824 3660
2825 6260
2831 10540
2833 5460
2835 6260
2838 5100
2839 4260
2841 3660
2842 2900
2857 31700
2859 3460
2860 5340
2862 13140
2863 3640
2864 25840
2865 8280
2871 13140
2873 5360
2875 8280
2878 16740
2879 2900
2881 85500
2882 2140
2897 28920
2899 21220
2900 6400
2902 89140
2903 3340
2904 5340
2905 5580
2911 27520
2913 3560
2915 5580
2918 5460
2919 2140
2921 28540
2922 6780
2937 12880
2939 4820
2940 3460
2942 31880
2943 2500
2944 6400
2945 24420
2951 21000
2953 19800
2955 24420
2958 5360
2959 6780
2961 6020
2962 3220
2977 12860
2979 4340
2980 21220
2982 8520
2983 14200
2984 3460
2985 5740
2991 8360
2993 4620
2995 5740
2998 890
