0 0
1295 43240
1335 16900
1375 4040
1415 4860
1455 3960
1495 9480
1535 3640
1575 3340
1615 2500
1655 14200
1663 43240
1695 2680
1703 16900
1735 4400
1743 4040
1775 3660
1783 4860
1815 25840
1823 3960
1855 5340
1859 43240
1863 9480
1895 6400
1899 16900
1903 3640
1935 3460
1939 4040
1943 3340
1975 21220
1979 4860
1983 2500
2015 4820
2019 3960
2023 14200
2048 43240
2055 4340
2059 9480
2063 2680
2088 16900
2095 2680
2099 3640
2103 4400
2128 4040
2135 23880
2139 3340
2143 3660
2168 4860
2173 43240
2175 3760
2179 2500
2183 25840
2208 3960
2213 16900
2215 4520
2219 14200
2223 5340
2248 9480
2253 4040
2255 4560
2259 2680
2263 6400
2288 3640
2293 4860
2295 22420
2299 4400
2303 3460
2328 3340
2333 3960
2335 4260
2339 3660
2343 21220
2368 2500
2373 9480
2375 2900
2379 25840
2383 4820
2408 14200
2413 3640
2415 2140
2419 5340
2423 4340
2448 2680
2453 3340
2455 6780
2459 6400
2463 2680
2488 4400
2493 2500
2495 3220
2499 3460
2503 23880
2528 3660
2533 14200
2535 3660
2539 21220
2543 3760
2568 25840
2573 2680
2575 85500
2579 4820
2583 4520
2608 5340
2613 4400
2615 28540
2619 4340
2623 4560
2648 6400
2652 43240
2653 3660
2655 6020
2659 2680
2663 22420
2688 3460
2692 16900
2693 25840
2695 8580
2699 23880
2703 4260
2728 21220
2732 4040
2733 5340
2735 5100
2739 3760
2743 2900
2768 4820
2772 4860
2773 6400
2775 16740
2779 4520
2783 2140
2808 4340
2812 3960
2813 3460
2815 5460
2819 4560
2823 6780
2848 2680
2852 9480
2853 21220
2855 5360
2859 22420
2863 3220
2888 23880
2892 3640
2893 4820
2895 3560
2899 4260
2903 3660
2928 3760
2932 3340
2933 4340
2935 19800
2939 2900
2943 85500
2949 43240
2968 4520
2972 2500
2973 2680
2975 2772
