0 0
261 43240
301 16900
341 4040
381 4860
421 3960
461 9480
501 3640
534 43240
541 3340
574 16900
581 2500
614 4040
621 14200
630 43240
654 4860
661 2680
670 16900
694 3960
701 4400
710 4040
734 9480
741 3660
750 4860
774 3640
781 25840
790 3960
814 3340
821 5340
830 9480
854 2500
861 6400
870 3640
894 14200
901 3460
910 3340
934 2680
941 21220
950 2500
974 4400
981 4820
990 14200
1014 3660
1021 4340
1030 45920
1054 25840
1061 2680
1070 21300
1094 5340
1101 23880
1110 7700
1134 6400
1141 3760
1150 30700
1174 3460
1181 4520
1190 9300
1214 21220
1221 4560
1230 15880
1254 4820
1261 22420
1270 7100
1282 43240
1294 4340
1301 4260
1310 24560
1322 16900
1334 2680
1341 2900
1350 7320
1362 4040
1374 23880
1381 2140
1390 18540
1402 4860
1414 3760
1421 6780
1430 5360
1442 3960
1454 4520
1461 3220
1470 28280
1482 9480
1494 4560
1501 3660
1510 7420
1522 3640
1534 22420
1541 85500
1550 30360
1562 3340
1574 4260
1581 28540
1590 9900
1602 2500
1614 2900
1621 6020
1630 28820
1642 14200
1652 43240
1654 2140
1661 8580
1670 7720
1682 2680
1692 16900
1694 6780
1701 5100
1710 24120
1722 4400
1732 4040
1734 3220
1741 16740
1744 43240
1750 6960
1762 3660
1772 4860
1774 3660
1781 5460
1784 16900
1790 11120
1802 25840
1812 3960
1814 85500
1821 5360
1824 4040
1830 5900
1842 5340
1852 9480
1854 28540
1861 3560
1864 4860
1870 27540
1882 6400
1892 3640
1894 6020
1901 19800
1904 3960
1910 89260
1922 3460
1932 3340
1934 8580
1941 4620
1944 9480
1950 33060
1962 21220
1972 2500
1974 5100
1981 6020
1984 3640
1990 10580
2002 4820
2012 14200
2014 16740
2019 43240
2021 4440
2024 3340
2030 31000
2042 4340
2052 2680
2054 5460
2059 16900
2061 24200
2064 2500
2070 9360
2082 2680
2092 4400
2094 5360
2099 4040
2101 4460
2104 14200
2110 19640
2122 23880
2132 3660
2134 3560
2139 4860
2141 7180
2144 2680
2150 7600
2162 3760
2172 25840
2174 19800
2179 3960
2181 6540
2184 4400
2190 12140
2202 4520
2212 5340
2214 4620
2219 9480
2221 23960
2224 3660
2230 6780
2242 4560
2252 6400
2254 6020
2259 3640
2261 6620
2264 25840
2270 23460
2282 22420
2292 3460
2294 4440
2299 3340
2301 6200
2304 5340
2310 90120
2322 4260
2332 21220
2334 24200
2339 2500
2341 3880
2344 6400
2350 34560
2362 2900
2372 4820
2374 4460
2379 14200
2381 29140
2384 3460
2390 10460
2402 2140
2411 43240
2412 4340
2414 7180
2419 2680
2421 6260
2424 21220
2430 32780
2442 6780
2451 16900
2452 2680
2454 6540
2459 4400
2461 8280
2464 4820
2470 9560
2482 3220
2491 4040
2492 23880
2494 23960
2499 3660
2501 5580
2504 4340
2510 23920
2522 3660
2531 4860
2532 3760
2534 6620
2539 25840
2541 24420
2544 2680
2550 12000
2562 85500
2571 47200
2572 4520
2574 6200
2579 5340
2581 5740
2584 23880
2590 29320
2602 28540
2611 26380
2612 4560
2614 3880
2619 6400
2621 7460
2624 3760
2630 10180
2642 6020
2651 7680
2652 22420
2654 29140
2659 3460
2661 5040
2664 4520
2670 26000
2682 8580
2691 8200
2692 4260
2694 6260
2699 21220
2701 9180
2704 4560
2710 8500
2722 5100
2731 6460
2732 2900
2734 8280
2739 4820
2741 5140
2744 22420
2750 35160
2762 16740
2771 23680
2772 2140
2774 5580
2779 4340
2781 6380
2784 4260
2790 10700
2802 5460
2811 6320
2812 6780
2814 24420
2819 2680
2821 114340
2824 2900
2830 32480
2842 5360
2851 7740
2852 3220
2854 5740
2859 23880
2861 26100
2864 2140
2870 10040
2882 3560
2891 6160
2892 3660
2894 7460
2899 3760
2901 6000
2904 6780
2910 31600
2922 19800
2931 40040
2932 85500
2934 5040
2939 4520
2941 9080
2944 3220
2950 12280
2962 4620
2971 8020
2972 28540
2974 9180
2979 4104
