0 0
596 43240
636 16900
676 47280
716 21760
754 43240
756 8000
794 16900
796 14340
818 43240
834 4040
836 7600
858 16900
874 4860
876 12820
898 4040
914 3960
916 6140
938 4860
954 9480
956 17540
978 3960
994 3640
996 5180
1018 9480
1034 3340
1036 18600
1058 3640
1074 2500
1076 6340
1098 3340
1114 14200
1116 30240
1138 2500
1154 2680
1156 9000
1178 14200
1194 4400
1196 32240
1218 2680
1229 43240
1234 3660
1236 8800
1258 4400
1269 16900
1274 25840
1276 27620
1277 43240
1298 3660
1309 4040
1314 5340
1316 8280
1317 16900
1338 25840
1349 4860
1354 6400
1356 25560
1357 4040
1378 5340
1389 3960
1394 3460
1396 7500
1397 4860
1418 6400
1429 9480
1434 21220
1436 28220
1437 3960
1450 43240
1458 3460
1469 3640
1474 4820
1476 6440
1477 9480
1490 16900
1498 21220
1509 3340
1514 4340
1516 28400
1517 3640
1530 4040
1538 4820
1549 2500
1554 2680
1556 8320
1557 3340
1570 4860
1578 4340
1589 14200
1594 23880
1596 26940
1597 2500
1610 3960
1618 2680
1629 2680
1634 3760
1636 8820
1637 14200
1650 9480
1658 23880
1669 4400
1674 4520
1676 25320
1677 2680
1690 3640
1698 3760
1709 3660
1714 4560
1716 6400
1717 4400
1730 3340
1738 4520
1749 25840
1754 22420
1756 9680
1757 3660
1770 2500
1778 4560
1789 5340
1794 4260
1796 5360
1797 25840
1810 14200
1818 22420
1829 6400
1834 2900
1836 10440
1837 5340
1850 2680
1858 4260
1869 3460
1874 2140
1876 88720
1877 6400
1890 4400
1898 2900
1909 21220
1914 6780
1916 32200
1917 3460
1930 3660
1938 2140
1949 4820
1954 3220
1956 91520
1957 21220
1970 25840
1978 6780
1989 4340
1994 3660
1996 37120
1997 4820
2010 5340
2018 3220
2029 2680
2034 85500
2036 11120
2037 4340
2050 6400
2058 3660
2066 43240
2069 23880
2074 28540
2076 25320
2077 2680
2086 43240
2090 3460
2098 85500
2106 60140
2109 3760
2114 6020
2116 10560
2117 23880
2126 16900
2130 21220
2138 28540
2146 20940
2149 4520
2154 8580
2156 22100
2157 3760
2166 4040
2170 4820
2178 6020
2179 43240
2186 8900
2189 4560
2194 5100
2196 9020
2197 4520
2206 4860
2210 4340
2218 8580
2219 16900
2226 8820
2229 22420
2234 16740
2236 25160
2237 4560
2246 3960
2250 2680
2258 5100
2259 4040
2266 13440
2269 4260
2272 43240
2274 5460
2276 8180
2277 22420
2286 9480
2290 23880
2298 16740
2299 4860
2306 13120
2309 2900
2312 16900
2314 5360
2316 25820
2317 4260
2326 3640
2330 3760
2338 5460
2339 3960
2346 6980
2349 2140
2352 4040
2354 3560
2356 9060
2357 2900
2366 3340
2370 4520
2378 5360
2379 9480
2386 5840
2389 6780
2392 4860
2394 19800
2396 30220
2397 2140
2406 2500
2410 4560
2418 3560
2419 3640
2426 16700
2429 3220
2432 3960
2434 4620
2436 8900
2437 6780
2446 14200
2450 22420
2458 19800
2459 3340
2466 16880
2469 3660
2472 9480
2474 6020
2476 31380
2477 3220
2486 2680
2490 4260
2498 4620
2499 2500
2506 7080
2509 85500
2512 3640
2514 4440
2516 11000
2517 3660
2519 43240
2526 4400
2530 2900
2538 6020
2539 14200
2546 8060
2549 28540
2552 3340
2554 24200
2556 31140
2557 85500
2559 16900
2566 3660
2570 2140
2578 4440
2579 2680
2586 29500
2589 6020
2592 2500
2594 4460
2596 13160
2597 28540
2599 4040
2606 25840
2610 6780
2618 24200
2619 4400
2626 31180
2629 8580
2632 14200
2634 7180
2636 30160
2637 6020
2639 4860
2646 5340
2650 3220
2658 4460
2659 3660
2666 54980
2669 5100
2672 2680
2674 6540
2676 10500
2677 8580
2679 3960
2686 6400
2690 3660
2698 7180
2699 25840
2706 26760
2709 16740
2712 4400
2714 23960
2716 35340
2717 5100
2719 9480
2726 3460
2730 85500
2738 6540
2739 5340
2746 28720
2749 5460
2752 3660
2754 6620
2756 10140
2757 16740
2759 3640
2766 21220
2770 28540
2778 23960
2779 6400
2786 30900
2789 5360
2792 25840
2794 6200
2796 37420
2797 5460
2799 3340
2806 4820
2810 6020
2818 6620
2819 3460
2826 13120
2829 3560
2832 5340
2834 3880
2836 11840
2837 5360
2839 2500
2846 4340
2850 8580
2858 6200
2859 21220
2866 16500
2869 19800
2872 6400
2874 29140
2876 32700
2877 3560
2879 14200
2886 2680
2890 5100
2898 3880
2899 4820
2906 30200
2909 4620
2912 3460
2914 6260
2916 11320
2917 19800
2919 2680
2926 23880
2930 16740
2938 29140
2939 4340
2946 30980
2949 6020
2952 21220
2954 8280
2956 31880
2957 4620
2959 4400
2966 3760
2970 5460
2978 6260
2979 2680
2986 10780
2989 4440
2992 4820
2994 5580
