0 0
307 43240
347 16900
387 4040
427 4860
444 43240
467 3960
484 16900
507 9480
524 4040
547 3640
564 4860
587 3340
604 3960
619 43240
627 2500
630 43240
644 9480
659 16900
667 14200
670 16900
684 3640
699 4040
707 2680
710 4040
724 3340
739 48100
747 4400
750 4860
764 2500
779 20860
787 3660
790 3960
804 14200
819 13520
827 25840
830 9480
844 2680
859 8500
867 5340
870 46880
884 4400
899 7300
907 6400
910 20240
924 3660
939 11980
947 3460
950 6540
964 25840
979 17840
987 21220
990 19060
1004 5340
1019 6020
1027 4820
1030 6640
1044 6400
1059 6900
1067 4340
1070 13880
1084 3460
1088 43240
1099 17860
1107 2680
1110 7300
1116 43240
1124 21220
1128 16900
1139 28520
1147 23880
1150 29180
1156 16900
1164 4820
1168 4040
1179 9740
1187 3760
1190 7840
1196 4040
1204 4340
1208 4860
1219 10060
1227 4520
1230 20600
1236 4860
1244 2680
1248 3960
1259 29300
1267 4560
1270 6140
1276 3960
1284 23880
1288 9480
1299 26560
1307 22420
1310 25620
1316 52720
1324 3760
1328 3640
1339 11220
1347 4260
1350 8480
1356 20540
1364 4520
1368 3340
1379 7800
1387 2900
1390 30180
1396 7380
1404 4560
1408 2500
1419 23900
1427 2140
1430 8020
1436 7360
1444 22420
1448 14200
1459 28700
1467 6780
1470 30280
1476 18160
1484 4260
1488 2680
1499 8100
1507 3220
1510 7220
1516 12160
1524 2900
1528 4400
1539 7200
1547 3660
1550 25740
1556 8040
1558 43240
1564 2140
1568 3660
1579 28440
1587 85500
1590 9380
1596 7000
1598 16900
1604 6780
1608 25840
1619 26180
1627 28540
1630 26760
1636 28340
1638 4040
1644 3220
1648 5340
1659 8780
1667 6020
1670 6940
1676 19540
1678 4860
1684 3660
1688 6400
1699 7460
1707 8580
1710 26780
1716 9080
1718 3960
1724 85500
1728 3460
1739 24560
1747 5100
1750 5900
1756 7860
1758 9480
1764 28540
1768 21220
1779 11040
1787 16740
1790 11300
1796 24880
1798 3640
1804 6020
1808 4820
1819 6120
1827 5460
1829 43240
1830 7780
1836 30660
1838 3340
1844 8580
1848 4340
1859 5800
1867 5360
1869 16900
1870 26080
1876 9680
1878 2500
1884 5100
1888 2680
1899 92280
1907 3560
1909 4040
1910 89760
1916 9080
1918 14200
1924 16740
1928 23880
1939 31760
1947 19800
1949 4860
1950 31440
1956 27340
1958 2680
1964 5460
1968 3760
1979 9680
1987 4620
1989 3960
1990 8160
1996 24980
1998 4400
2004 5360
2008 4520
2019 94080
2027 6020
2029 9480
2030 15360
2036 9340
2038 3660
2044 3560
2048 4560
2051 43240
2059 33640
2067 4440
2069 3640
2070 8320
2076 8900
2078 25840
2084 19800
2088 22420
2091 16900
2099 22760
2107 24200
2109 3340
2110 20400
2116 25100
2118 5340
2124 4620
2128 4260
2131 4040
2139 14040
2147 4460
2149 2500
2150 90960
2156 28140
2158 6400
2164 6020
2168 2900
2171 4860
2179 10460
2187 7180
2189 14200
2190 33900
2196 6660
2198 3460
2204 4440
2208 2140
2211 3960
2219 20300
2227 6540
2229 2680
2230 9580
2236 6660
2238 21220
2244 24200
2248 6780
2251 9480
2259 25260
2267 23960
2269 4400
2270 28380
2276 11340
2278 4820
2284 4460
2288 3220
2291 3640
2299 9980
2307 6620
2309 3660
2310 9720
2316 25640
2318 4340
2324 7180
2328 3660
2331 3340
2339 9580
2347 6200
2349 25840
2350 22760
2356 7920
2358 2680
2364 6540
2368 85500
2371 2500
2375 43240
2379 24240
2387 3880
2389 5340
2390 9900
2396 88400
2398 23880
2404 23960
2408 28540
2411 14200
2415 16900
2419 28820
2427 29140
2429 6400
2430 29560
2436 30680
2438 3760
2444 6620
2448 6020
2451 2680
2455 4040
2459 10480
2467 6260
2469 3460
2470 8020
2476 12800
2478 4520
2484 6200
2488 8580
2491 4400
2495 4860
2499 11620
2507 8280
2509 21220
2510 26980
2516 11800
2518 4560
2524 3880
2528 5100
2531 3660
2535 3960
2539 30740
2547 5580
2549 4820
2550 11160
2556 8760
2558 22420
2564 29140
2568 16740
2571 25840
2575 9480
2579 28420
2587 24420
2589 4340
2590 29980
2596 102240
2598 4260
2604 6260
2608 5460
2611 5340
2615 3640
2619 13800
2627 5740
2629 2680
2630 11060
2636 34000
2638 2900
2644 8280
2648 5360
2651 6400
2655 3340
2659 12740
2667 7460
2669 23880
2670 30400
2676 11380
2678 2140
2684 5580
2688 3560
2691 3460
2695 2500
2699 27840
2707 5040
2709 3760
2710 8340
2716 12140
2718 6780
2724 24420
2728 19800
2731 21220
2735 14200
2739 35760
2747 9180
2749 4520
2750 36320
2756 24900
2758 3220
2764 5740
2768 4620
2771 4820
2775 2680
2779 12460
2787 5140
2789 4560
2790 12800
2796 21360
2798 3660
2804 7460
2808 6020
2811 4340
2815 4400
2819 12160
2827 6380
2829 22420
2830 32240
2836 11480
2838 85500
2844 5040
2848 4440
2851 2680
2855 3660
2859 34720
2867 114340
2869 4260
2870 12200
2876 9800
2878 28540
2884 9180
2888 24200
2891 23880
2895 25840
2899 30680
2907 26100
2909 2900
2910 30620
2916 27760
2918 6020
2924 5140
2928 4460
2931 3760
2935 5340
2939 14020
2947 6000
2949 2140
2950 9620
2956 24260
2958 8580
2964 6380
2968 7180
2971 4520
2975 6400
2979 13040
2987 9080
