0 0
575 43240
615 16900
655 4040
695 4860
735 3960
775 9480
795 43240
815 3640
835 16900
855 3340
868 43240
875 4040
895 2500
908 16900
915 4860
935 14200
948 4040
955 3960
975 2680
981 43240
988 4860
995 9480
1015 4400
1021 16900
1028 3960
1035 3640
1055 3660
1061 4040
1068 9480
1075 3340
1095 25840
1101 4860
1108 3640
1115 2500
1135 5340
1137 43240
1141 3960
1148 3340
1155 14200
1160 43240
1175 6400
1177 16900
1181 9480
1188 2500
1195 2680
1200 16900
1215 3460
1217 4040
1221 3640
1228 14200
1235 4400
1240 4040
1255 21220
1257 4860
1261 3340
1268 2680
1275 3660
1280 4860
1293 43240
1295 4820
1297 3960
1301 2500
1308 4400
1315 25840
1320 3960
1333 16900
1335 4340
1337 9480
1341 14200
1348 3660
1355 5340
1360 9480
1373 4040
1375 2680
1377 3640
1381 2680
1388 25840
1395 6400
1400 3640
1413 4860
1415 23880
1417 3340
1421 4400
1428 5340
1435 3460
1440 3340
1453 3960
1455 3760
1457 2500
1461 3660
1468 6400
1475 21220
1480 2500
1493 9480
1495 4520
1497 14200
1501 25840
1505 43240
1508 3460
1515 4820
1520 14200
1533 3640
1535 4560
1537 2680
1541 5340
1545 16900
1548 21220
1555 4340
1560 2680
1573 3340
1575 22420
1577 4400
1581 6400
1585 4040
1588 4820
1595 2680
1600 4400
1613 2500
1615 4260
1617 3660
1621 3460
1625 4860
1628 4340
1635 23880
1637 43240
1640 3660
1653 14200
1655 2900
1657 25840
1661 21220
1665 3960
1668 2680
1675 3760
1677 16900
1680 25840
1693 2680
1695 2140
1697 5340
1701 4820
1705 9480
1708 23880
1715 4520
1717 4040
1720 5340
1733 4400
1735 6780
1737 6400
1741 4340
1745 3640
1748 3760
1755 4560
1757 4860
1760 6400
1764 43240
1768 43240
1773 3660
1775 3220
1777 3460
1781 2680
1785 3340
1788 4520
1795 22420
1797 3960
1800 3460
1804 16900
1808 16900
1813 25840
1815 3660
1817 21220
1821 23880
1825 2500
1828 4560
1835 4260
1837 9480
1840 21220
1844 4040
1848 4040
1853 5340
1855 85500
1857 4820
1861 3760
1865 14200
1868 22420
1875 2900
1877 3640
1880 4820
1884 4860
1888 4860
1893 6400
1895 28540
1897 4340
1901 4520
1905 2680
1908 4260
1915 2140
1917 3340
1920 4340
1924 3960
1927 43240
1928 3960
1933 3460
1935 6020
1937 2680
1941 4560
1945 4400
1948 2900
1955 6780
1957 2500
1960 2680
1964 9480
1967 16900
1968 9480
1973 21220
1975 8580
1977 23880
1981 22420
1985 3660
1988 2140
1995 3220
1997 14200
2000 23880
2004 3640
2007 4040
2008 3640
2013 4820
2015 5100
2017 3760
2021 4260
2025 25840
2028 6780
2035 3660
2037 2680
2040 3760
2044 3340
2047 4860
2048 3340
2053 4340
2055 16740
2057 4520
2061 2900
2065 5340
2068 3220
2075 85500
2077 4400
2080 4520
2084 2500
2087 3960
2088 2500
2093 2680
2095 5460
2097 4560
2101 2140
2105 6400
2108 3660
2115 28540
2117 3660
2120 4560
2124 14200
2127 9480
2128 14200
2133 23880
2135 5360
2137 22420
2141 6780
2145 3460
2148 85500
2152 43240
2155 6020
2157 25840
2160 22420
2164 2680
2167 3640
2168 2680
2173 3760
2175 3560
2177 4260
2181 3220
2185 21220
2188 28540
2192 16900
2195 8580
2197 5340
2200 4260
2204 4400
2207 3340
2208 4400
2213 4520
2215 19800
2217 2900
2221 3660
2225 4820
2228 6020
2232 4040
2235 5100
2237 6400
2240 2900
2244 3660
2247 2500
2248 3660
2253 4560
2255 4620
2257 2140
2261 85500
2265 4340
2268 8580
2272 4860
2275 16740
2277 3460
2280 2140
2284 25840
2287 14200
2288 25840
2293 22420
2295 6020
2297 6780
2301 28540
2305 2680
2308 5100
2312 3960
2315 5460
2317 21220
2320 6780
2324 5340
2327 2680
2328 5340
2333 4260
2335 4440
2337 3220
2341 6020
2345 23880
2348 16740
2352 9480
2355 5360
2357 4820
2360 3220
2364 6400
2367 4400
2368 6400
2373 2900
2375 24200
2377 3660
2381 8580
2385 3760
2388 5460
2392 3640
2395 3560
2397 4340
2400 3660
2404 3460
2407 3660
2408 3460
2413 2140
2415 4460
2417 85500
2421 5100
2425 4520
2428 5360
2432 3340
2435 19800
2437 2680
2440 85500
2444 21220
2447 25840
2448 21220
2453 6780
2455 7180
2457 28540
2461 16740
2465 4560
2468 3560
2472 2500
2475 4620
2477 23880
2480 28540
2484 4820
2487 5340
2488 4820
2493 3220
2495 6540
2497 6020
2501 5460
2505 22420
2508 19800
2512 14200
2515 6020
2517 3760
2520 6020
2524 4340
2527 6400
2528 4340
2533 3660
2535 23960
2537 8580
2541 5360
2545 4260
2548 4620
2552 2680
2555 4440
2557 4520
2560 8580
2564 2680
2567 3460
2568 2680
2573 85500
2575 6620
2577 5100
2581 3560
2585 2900
2588 6020
2592 4400
2595 24200
2597 4560
2600 5100
2604 23880
2607 21220
2608 23880
2613 28540
2615 6200
2617 16740
2621 19800
2625 2140
2628 4440
2632 3660
2635 4460
2637 22420
2640 16740
2644 3760
2647 4820
2648 3760
2653 6020
2655 3880
2657 5460
2661 4620
2665 6780
2668 24200
2672 25840
2675 7180
2677 4260
2680 5460
2684 4520
2687 4340
2688 4520
2693 8580
2695 29140
2697 5360
2701 6020
2705 3220
2708 4460
2712 5340
2715 6540
2717 2900
2720 5360
2724 4560
2727 2680
2728 4560
2733 5100
2735 6260
2737 3560
2741 4440
2745 3660
2748 7180
2752 6400
2755 23960
2757 2140
2760 3560
2764 22420
2767 23880
2768 22420
2773 16740
2775 8280
2777 19800
2781 24200
2785 85500
2788 6540
2792 3460
2795 6620
2797 6780
2800 19800
2804 4260
2807 3760
2808 4260
2813 5460
2815 5580
2817 4620
2821 4460
2825 28540
2826 43240
2828 23960
2832 21220
2835 6200
2837 3220
2840 4620
2844 2900
2847 4520
2848 2900
2853 5360
2855 24420
2857 6020
2861 7180
2865 6020
2866 16900
2868 6620
2872 4820
2875 3880
2877 3660
2880 6020
2884 2140
2887 4560
2888 2140
2893 3560
2894 43240
2895 5740
2897 4440
2901 6540
2905 8580
2906 4040
2908 6200
2912 4340
2915 29140
2917 85500
2920 4440
2924 6780
2927 22420
2928 6780
2933 19800
2934 16900
2935 7460
2937 24200
2941 23960
2945 5100
2946 4860
2948 3880
2952 2680
2955 6260
2957 28540
2960 24200
2964 3220
2967 4260
2968 3220
2973 4620
2974 4040
2975 5040
2977 4460
2981 6620
2985 5022
