0 0
145 43240
185 16900
225 4040
265 4860
305 3960
313 43240
345 9480
353 16900
385 3640
393 4040
425 3340
433 4860
465 2500
473 3960
505 14200
513 9480
545 2680
553 3640
585 4400
593 3340
596 43240
625 3660
633 2500
636 16900
665 25840
673 57440
676 4040
705 5340
713 19580
716 4860
745 6400
753 8440
756 3960
757 43240
785 3460
793 8520
796 9480
797 16900
825 21220
833 29800
836 3640
837 4040
865 4820
873 14820
876 3340
877 4860
905 4340
913 10040
916 2500
917 3960
945 2680
953 6800
956 14200
957 9480
985 23880
993 23720
996 2680
997 3640
1025 3760
1033 19020
1036 4400
1037 3340
1065 4520
1073 7020
1076 3660
1077 2500
1105 4560
1113 7080
1116 25840
1117 14200
1121 43240
1145 22420
1153 27540
1156 5340
1157 2680
1161 16900
1185 4260
1193 29600
1196 6400
1197 4400
1201 4040
1225 2900
1233 9860
1236 3460
1237 3660
1241 4860
1265 2140
1273 10960
1276 21220
1277 25840
1281 3960
1305 6780
1313 25880
1316 4820
1317 5340
1321 9480
1345 3220
1353 25480
1356 4340
1357 6400
1361 3640
1385 3660
1393 7720
1396 2680
1397 3460
1401 3340
1425 85500
1433 6480
1436 23880
1437 21220
1441 2500
1465 28540
1473 9460
1476 3760
1477 4820
1481 14200
1505 6020
1513 27100
1516 4520
1517 4340
1521 2680
1545 8580
1553 7420
1556 4560
1557 2680
1561 4400
1585 5100
1593 90020
1596 22420
1597 23880
1601 3660
1625 16740
1633 33100
1636 4260
1637 3760
1641 25840
1665 5460
1673 28440
1676 2900
1677 4520
1681 5340
1705 5360
1713 12840
1716 2140
1717 4560
1721 6400
1745 3560
1753 8000
1756 6780
1757 22420
1761 3460
1785 19800
1793 18880
1796 3220
1797 4260
1801 21220
1825 4620
1833 12240
1836 3660
1837 2900
1841 4820
1865 6020
1873 8580
1876 85500
1877 2140
1881 4340
1905 4440
1913 7220
1916 28540
1917 6780
1921 2680
1945 24200
1953 105300
1956 6020
1957 3220
1961 23880
1971 43240
1985 4460
1993 33160
1996 8580
1997 3660
2001 3760
2011 16900
2025 7180
2033 12040
2036 5100
2037 85500
2041 4520
2051 4040
2065 6540
2073 13020
2076 16740
2077 28540
2081 4560
2091 4860
2105 23960
2113 29300
2116 5460
2117 6020
2121 22420
2131 3960
2145 6620
2153 21200
2156 5360
2157 8580
2161 4260
2171 9480
2185 6200
2193 12640
2196 3560
2197 5100
2201 2900
2211 3640
2225 3880
2233 11900
2236 19800
2237 16740
2241 2140
2251 3340
2257 43240
2265 29140
2273 27520
2276 4620
2277 5460
2281 6780
2291 2500
2297 16900
2305 6260
2313 26420
2316 6020
2317 5360
2321 3220
2331 14200
2337 4040
2345 8280
2353 10820
2356 4440
2357 3560
2361 3660
2371 2680
2377 4860
2385 5580
2393 9900
2396 24200
2397 19800
2401 85500
2411 4400
2417 3960
2425 24420
2433 33580
2436 47700
2437 4620
2441 28540
2451 3660
2457 9480
2463 43240
2465 5740
2473 30460
2476 24080
2477 6020
2481 6020
2491 25840
2497 3640
2503 16900
2505 50700
2513 12740
2516 10580
2517 4440
2521 8580
2531 5340
2537 3340
2543 4040
2545 21940
2553 12760
2556 28820
2557 24200
2561 5100
2571 6400
2577 2500
2581 43240
2583 4860
2585 13220
2593 30960
2596 10580
2597 4460
2601 16740
2611 3460
2617 14200
2621 16900
2623 3960
2625 10000
2633 29700
2636 15680
2637 7180
2641 5460
2651 21220
2657 2680
2661 4040
2663 9480
2665 10340
2673 14080
2676 7520
2677 6540
2681 5360
2691 4820
2697 4400
2701 4860
2703 3640
2705 123820
2713 11240
2716 32480
2717 23960
2721 3560
2731 4340
2737 3660
2741 3960
2743 3340
2745 29740
2753 13060
2756 8760
2757 6620
2761 19800
2771 2680
2777 25840
2781 9480
2783 2500
2785 9340
2793 34280
2796 22480
2797 6200
2801 4620
2811 23880
2817 5340
2821 3640
2823 14200
2825 11580
2833 12640
2836 8260
2837 3880
2841 6020
2851 3760
2857 6400
2861 3340
2863 2680
2865 20060
2873 122620
2876 28820
2877 29140
2881 4440
2891 4520
2897 3460
2901 2500
2903 4400
2905 26260
2913 31680
2916 9400
2917 6260
2921 24200
2931 4560
2937 21220
2941 14200
2943 3660
2945 10880
2953 30420
2956 33300
2957 8280
2961 4460
2971 22420
2977 4820
2981 2680
2983 25840
2985 13060
2993 14820
2996 8364
