0 0
461 43240
501 16900
541 4040
581 4860
621 3960
661 9480
701 3640
741 3340
775 43240
781 2500
815 16900
821 14200
855 4040
861 2680
895 4860
901 4400
935 3960
941 3660
975 9480
981 25840
1009 43240
1015 3640
1021 5340
1049 16900
1052 43240
1055 3340
1061 6400
1089 4040
1092 16900
1095 2500
1101 3460
1129 4860
1132 4040
1135 14200
1141 21220
1169 3960
1172 4860
1175 2680
1181 4820
1209 9480
1212 3960
1215 4400
1221 4340
1249 3640
1252 9480
1255 3660
1261 2680
1289 3340
1292 3640
1295 25840
1301 23880
1329 2500
1332 3340
1335 5340
1341 3760
1369 14200
1372 2500
1375 6400
1381 4520
1409 2680
1412 14200
1415 3460
1421 4560
1449 4400
1452 2680
1455 21220
1461 22420
1489 3660
1492 4400
1495 4820
1501 4260
1529 25840
1532 3660
1535 4340
1541 2900
1569 5340
1572 25840
1575 2680
1581 2140
1609 6400
1612 5340
1615 23880
1621 6780
1649 3460
1652 6400
1655 3760
1661 3220
1689 21220
1692 3460
1695 4520
1701 3660
1729 4820
1732 21220
1735 4560
1741 85500
1769 4340
1772 4820
1775 22420
1781 28540
1789 43240
1809 2680
1812 4340
1815 4260
1821 6020
1829 16900
1849 23880
1852 2680
1855 2900
1861 8580
1869 4040
1889 3760
1892 23880
1895 2140
1901 5100
1909 4860
1929 4520
1932 3760
1935 6780
1941 16740
1948 43240
1949 3960
1959 43240
1969 4560
1972 4520
1975 3220
1981 5460
1984 43240
1988 16900
1989 9480
1999 16900
2009 22420
2012 4560
2015 3660
2021 5360
2024 16900
2028 4040
2029 3640
2039 4040
2049 4260
2052 22420
2055 85500
2061 3560
2064 4040
2068 4860
2069 3340
2079 4860
2089 2900
2092 4260
2095 28540
2101 19800
2104 4860
2108 3960
2109 2500
2113 43240
2119 3960
2129 2140
2132 2900
2135 6020
2141 4620
2144 3960
2148 9480
2149 14200
2153 16900
2159 9480
2169 6780
2172 2140
2175 8580
2181 6020
2184 9480
2188 3640
2189 2680
2193 4040
2199 3640
2209 3220
2212 6780
2215 5100
2221 47680
2224 3640
2228 3340
2229 4400
2233 4860
2239 3340
2249 3660
2252 3220
2255 16740
2261 41100
2264 3340
2268 2500
2269 3660
2273 3960
2279 2500
2289 85500
2292 3660
2295 5460
2301 8500
2304 45740
2308 14200
2309 25840
2313 9480
2319 14200
2329 28540
2332 85500
2335 5360
2341 12040
2344 31100
2348 2680
2349 5340
2351 43240
2353 3640
2359 2680
2369 6020
2372 28540
2375 3560
2381 10500
2384 6720
2388 4400
2389 6400
2391 16900
2393 3340
2399 4400
2409 8580
2412 6020
2415 19800
2421 33440
2424 9260
2428 3660
2429 3460
2431 4040
2433 2500
2439 3660
2449 5100
2452 8580
2455 4620
2461 10260
2464 7620
2468 25840
2469 21220
2471 4860
2473 14200
2479 25840
2489 16740
2492 5100
2495 6020
2501 9540
2504 35320
2508 5340
2509 4820
2511 3960
2513 2680
2519 5340
2529 5460
2532 16740
2535 4440
2541 6380
2544 8980
2548 6400
2549 4340
2551 9480
2553 4400
2559 6400
2569 5360
2572 5460
2575 24200
2581 43340
2584 9740
2588 3460
2589 2680
2591 3640
2593 3660
2599 3460
2609 3560
2612 5360
2615 4460
2621 8940
2624 5960
2628 21220
2629 23880
2631 3340
2633 25840
2639 21220
2649 19800
2652 3560
2655 7180
2661 12680
2664 35420
2668 4820
2669 3760
2671 2500
2673 5340
2679 4820
2689 4620
2692 19800
2695 6540
2701 9240
2704 7500
2708 4340
2709 4520
2711 14200
2713 6400
2719 4340
2729 6020
2732 4620
2735 23960
2741 50260
2744 8740
2748 2680
2749 4560
2751 2680
2753 3460
2759 2680
2769 4440
2772 6020
2775 6620
2781 11080
2784 6340
2788 23880
2789 22420
2791 4400
2793 21220
2799 23880
2809 24200
2812 4440
2815 6200
2821 13860
2824 49720
2828 3760
2829 4260
2831 3660
2833 4820
2839 3760
2849 4460
2852 24200
2855 3880
2861 8500
2864 9100
2868 4520
2869 2900
2871 25840
2873 4340
2879 4520
2889 7180
2892 4460
2895 29140
2901 30400
2904 10920
2908 4560
2909 2140
2911 5340
2913 2680
2919 4560
2929 6540
2932 7180
2935 6260
2941 9960
2944 8020
2948 22420
2949 6780
2951 6400
2953 23880
2959 22420
2969 23960
2972 6540
2975 8280
2981 10720
2984 8488
