0 0
288 43240
328 16900
368 4040
388 43240
408 4860
428 16900
448 3960
468 4040
488 9480
508 4860
528 3640
548 3960
568 3340
588 9480
593 43240
608 2500
628 3640
633 16900
648 14200
668 3340
673 4040
688 2680
708 2500
713 4860
728 4400
748 14200
753 3960
768 3660
788 2680
793 9480
808 25840
828 4400
833 3640
848 5340
868 3660
873 3340
888 6400
895 43240
908 25840
913 2500
928 3460
935 16900
948 5340
953 14200
968 21220
975 4040
988 6400
993 2680
1008 4820
1015 4860
1017 43240
1028 3460
1033 4400
1048 4340
1055 3960
1057 16900
1068 21220
1073 3660
1088 2680
1095 9480
1097 4040
1108 4820
1113 25840
1128 23880
1135 3640
1137 4860
1148 4340
1153 5340
1168 3760
1175 3340
1177 3960
1188 2680
1193 6400
1208 4520
1215 2500
1217 9480
1228 23880
1233 3460
1248 4560
1255 14200
1257 3640
1268 3760
1273 21220
1288 22420
1295 2680
1297 3340
1307 43240
1308 4520
1313 4820
1328 4260
1335 4400
1337 2500
1347 16900
1348 4560
1353 4340
1365 43240
1368 2900
1375 3660
1377 14200
1387 4040
1388 22420
1393 2680
1405 16900
1408 2140
1415 25840
1417 2680
1427 4860
1428 4260
1433 23880
1445 4040
1448 6780
1455 5340
1457 4400
1467 3960
1468 2900
1473 3760
1485 4860
1488 3220
1495 6400
1497 3660
1507 9480
1508 2140
1513 4520
1525 3960
1528 3660
1535 3460
1537 25840
1547 3640
1548 6780
1553 4560
1556 43240
1565 9480
1568 85500
1575 21220
1577 5340
1587 3340
1588 3220
1593 22420
1596 16900
1605 3640
1608 28540
1615 4820
1617 6400
1627 2500
1628 3660
1633 4260
1636 4040
1645 3340
1648 6020
1655 4340
1657 3460
1667 14200
1668 85500
1673 2900
1676 4860
1685 2500
1688 8580
1695 2680
1697 21220
1707 2680
1708 28540
1713 2140
1716 3960
1725 14200
1728 5100
1735 23880
1737 4820
1747 4400
1748 6020
1753 6780
1756 9480
1765 2680
1768 16740
1775 3760
1777 4340
1787 3660
1788 8580
1793 3220
1796 3640
1805 4400
1808 5460
1815 4520
1817 2680
1827 25840
1828 5100
1833 3660
1836 3340
1845 3660
1848 5360
1855 4560
1857 23880
1867 5340
1868 16740
1873 85500
1876 2500
1885 25840
1888 3560
1895 22420
1897 3760
1907 6400
1908 5460
1913 28540
1916 14200
1925 5340
1928 19800
1935 4260
1937 4520
1947 3460
1948 5360
1953 6020
1956 2680
1965 6400
1968 4620
1975 2900
1977 4560
1987 21220
1988 3560
1993 8580
1996 4400
2005 3460
2008 6020
2015 2140
2017 22420
2021 43240
2027 4820
2028 19800
2033 5100
2036 3660
2045 21220
2048 4440
2055 6780
2057 4260
2061 16900
2067 4340
2068 4620
2073 16740
2076 25840
2085 4820
2088 24200
2095 3220
2097 2900
2101 4040
2107 2680
2108 6020
2113 5460
2116 5340
2125 4340
2128 4460
2135 3660
2137 2140
2141 4860
2147 23880
2148 4440
2153 5360
2156 6400
2165 2680
2168 7180
2175 85500
2177 6780
2181 3960
2187 3760
2188 24200
2193 3560
2196 3460
2205 23880
2208 6540
2215 28540
2217 3220
2221 9480
2227 4520
2228 4460
2233 19800
2236 21220
2245 3760
2248 23960
2255 6020
2257 3660
2261 3640
2267 4560
2268 7180
2273 4620
2276 4820
2285 4520
2288 6620
2295 8580
2297 85500
2301 3340
2307 22420
2308 6540
2313 6020
2316 4340
2325 4560
2328 6200
2335 5100
2337 28540
2341 2500
2347 4260
2348 23960
2353 4440
2356 2680
2365 22420
2368 3880
2375 16740
2377 6020
2381 14200
2387 2900
2388 6620
2393 24200
2396 23880
2405 4260
2408 29140
2415 5460
2417 8580
2421 2680
2427 2140
2428 6200
2433 4460
2436 3760
2445 2900
2448 6260
2455 5360
2457 5100
2461 4400
2467 6780
2468 3880
2473 7180
2476 4520
2485 2140
2488 8280
2495 3560
2497 16740
2501 3660
2507 3220
2508 29140
2513 6540
2516 4560
2525 6780
2528 5580
2535 19800
2537 5460
2541 25840
2547 3660
2548 6260
2553 23960
2556 22420
2565 3220
2568 24420
2575 4620
2577 5360
2581 5340
2587 85500
2588 8280
2593 6620
2596 4260
2605 3660
2608 5740
2615 6020
2617 3560
2621 6400
2627 28540
2628 5580
2633 6200
2636 2900
2645 85500
2648 7460
2655 4440
2657 19800
2661 3460
2667 6020
2668 24420
2672 43240
2673 3880
2676 2140
2685 28540
2688 5040
2695 24200
2697 4620
2701 21220
2707 8580
2708 5740
2712 16900
2713 29140
2716 6780
2725 6020
2728 9180
2735 4460
2737 6020
2741 4820
2747 5100
2748 7460
2752 4040
2753 6260
2756 3220
2765 8580
2768 5140
2775 7180
2777 4440
2781 4340
2787 16740
2788 5040
2792 4860
2793 8280
2796 3660
2805 5100
2808 6380
2815 6540
2817 24200
2821 2680
2827 5460
2828 9180
2832 3960
2833 5580
2836 85500
2845 16740
2848 114340
2855 23960
2857 4460
2861 23880
2867 5360
2868 5140
2872 9480
2873 24420
2876 28540
2885 5460
2888 26100
2895 6620
2897 7180
2901 3760
2907 3560
2908 6380
2912 3640
2913 5740
2916 6020
2925 5360
2928 6000
2935 6200
2937 6540
2941 4520
2947 19800
2948 114340
2952 3340
2953 7460
2956 8580
2965 3560
2968 9080
2975 3880
2977 23960
2981 4560
2987 4620
2988 26100
