0 0
184 43240
224 16900
228 43240
264 4040
268 16900
304 4860
308 4040
344 3960
348 4860
384 9480
388 3960
417 43240
424 3640
428 9480
457 16900
464 3340
468 3640
497 4040
504 2500
508 3340
537 4860
544 14200
548 2500
577 3960
584 2680
588 14200
617 9480
624 4400
628 2680
657 3640
664 3660
668 4400
697 3340
704 25840
708 3660
737 2500
744 5340
748 25840
777 14200
784 6400
788 5340
817 2680
824 46700
828 6400
857 4400
864 38120
868 3460
897 3660
904 8860
908 21220
937 25840
944 9200
948 4820
977 5340
984 6640
988 4340
1017 6400
1024 33360
1028 2680
1057 3460
1064 7400
1068 23880
1097 21220
1104 7860
1108 3760
1137 4820
1144 7060
1148 4520
1177 4340
1184 36620
1188 4560
1217 2680
1224 6940
1228 22420
1257 23880
1264 7300
1268 4260
1297 3760
1304 5800
1308 2900
1337 4520
1344 32620
1348 2140
1377 4560
1384 8560
1388 6780
1417 22420
1424 10060
1428 3220
1457 4260
1464 88960
1468 3660
1497 2900
1504 49760
1508 85500
1537 2140
1544 10840
1548 28540
1577 6780
1584 12920
1588 6020
1597 43240
1617 3220
1624 7780
1628 8580
1637 16900
1657 3660
1664 40620
1668 5100
1677 4040
1697 85500
1704 9220
1708 16740
1717 4860
1737 28540
1744 9880
1748 5460
1757 3960
1777 6020
1784 8120
1788 5360
1797 9480
1817 8580
1824 42220
1828 3560
1837 3640
1857 5100
1863 43240
1864 8880
1868 19800
1877 3340
1897 16740
1903 16900
1904 8920
1908 4620
1917 2500
1937 5460
1943 4040
1944 6580
1948 6020
1957 14200
1977 5360
1983 4860
1984 30980
1988 4440
1997 2680
2017 3560
2023 3960
2024 7680
2028 24200
2037 4400
2057 19800
2063 9480
2064 10840
2068 4460
2077 3660
2097 4620
2103 3640
2104 92040
2108 7180
2117 25840
2137 6020
2143 3340
2144 52500
2148 6540
2157 5340
2177 4440
2183 2500
2184 12640
2188 23960
2196 43240
2197 6400
2217 24200
2223 14200
2224 14780
2228 6620
2236 16900
2237 3460
2257 4460
2263 2680
2264 8980
2268 6200
2276 4040
2277 21220
2297 7180
2303 4400
2304 45880
2308 3880
2316 4860
2317 4820
2337 6540
2343 3660
2344 11720
2348 29140
2352 43240
2356 3960
2357 4340
2377 23960
2383 25840
2384 13640
2388 6260
2392 16900
2396 9480
2397 2680
2417 6620
2423 5340
2424 9140
2428 8280
2432 4040
2436 3640
2437 23880
2457 6200
2463 6400
2464 44220
2468 5580
2472 4860
2476 3340
2477 3760
2497 3880
2503 3460
2504 10360
2508 24420
2512 3960
2516 2500
2517 4520
2537 29140
2543 64460
2544 13480
2548 5740
2552 9480
2556 14200
2557 4560
2577 6260
2583 21720
2584 9480
2588 7460
2592 3640
2596 2680
2597 22420
2617 8280
2623 8380
2624 33380
2628 5040
2632 3340
2636 4400
2637 4260
2657 5580
2663 7540
2664 9600
2668 9180
2672 2500
2676 3660
2677 2900
2697 24420
2703 27840
2704 13560
2708 5140
2712 14200
2716 25840
2717 2140
2737 5740
2743 13240
2744 120880
2748 6380
2752 2680
2756 5340
2757 6780
2777 7460
2783 8160
2784 50060
2788 114340
2792 4400
2796 6400
2797 3220
2817 5040
2823 7900
2824 12620
2826 43240
2828 26100
2832 3660
2833 43240
2836 3460
2837 3660
2857 9180
2863 24920
2864 15280
2866 16900
2868 6000
2872 25840
2873 16900
2876 21220
2877 85500
2897 5140
2903 18460
2904 9740
2906 4040
2908 9080
2912 5340
2913 4040
2916 4820
2917 28540
2937 6380
2943 5580
2944 52720
2946 4860
2948 5860
2952 6400
2953 4860
2956 4340
2957 6020
2977 114340
2983 6540
2984 12740
2986 3960
2988 23580
2992 3460
2993 3960
2996 2680
2997 5148
