0 0
169 43240
209 16900
249 4040
289 4860
329 3960
369 9480
409 3640
449 3340
489 2500
529 14200
569 2680
609 4400
649 3660
689 25840
729 5340
769 6400
809 3460
849 21220
889 4820
929 4340
969 2680
1009 23880
1049 3760
1089 4520
1098 43240
1129 4560
1131 43240
1138 16900
1169 22420
1171 16900
1178 4040
1209 4260
1211 4040
1218 4860
1249 2900
1251 4860
1258 3960
1289 2140
1291 3960
1298 9480
1329 6780
1331 9480
1338 3640
1369 3220
1371 3640
1378 3340
1409 3660
1411 3340
1418 2500
1449 85500
1451 2500
1458 14200
1489 28540
1491 14200
1498 2680
1529 6020
1531 2680
1538 4400
1568 43240
1569 8580
1571 4400
1578 3660
1608 16900
1609 5100
1611 3660
1618 25840
1648 4040
1649 16740
1651 25840
1658 5340
1688 4860
1689 5460
1691 5340
1698 6400
1728 3960
1729 5360
1731 6400
1738 3460
1768 9480
1769 3560
1771 3460
1778 21220
1808 3640
1809 19800
1811 21220
1818 4820
1848 3340
1849 4620
1851 4820
1858 4340
1888 2500
1889 6020
1891 4340
1898 2680
1928 14200
1929 4440
1931 2680
1938 23880
1946 43240
1968 2680
1969 24200
1971 23880
1978 3760
1986 16900
2008 4400
2009 4460
2011 3760
2018 4520
2026 4040
2048 3660
2049 7180
2051 4520
2058 4560
2066 4860
2088 25840
2089 6540
2091 4560
2098 22420
2106 3960
2128 5340
2129 23960
2131 22420
2138 4260
2146 9480
2168 6400
2169 6620
2171 4260
2178 2900
2186 3640
2208 3460
2209 6200
2211 2900
2218 2140
2226 3340
2248 21220
2249 3880
2251 2140
2258 6780
2266 2500
2288 4820
2289 29140
2291 6780
2298 3220
2306 14200
2328 4340
2329 6260
2331 3220
2338 3660
2346 2680
2368 2680
2369 8280
2371 3660
2378 85500
2386 4400
2408 23880
2409 5580
2411 85500
2418 28540
2426 3660
2448 3760
2449 24420
2451 28540
2458 6020
2466 25840
2488 4520
2489 5740
2491 49260
2498 8580
2506 5340
2515 43240
2528 4560
2529 7460
2531 25480
2538 5100
2546 6400
2555 16900
2568 22420
2569 5040
2571 9140
2578 16740
2579 43240
2586 3460
2595 4040
2608 4260
2609 9180
2611 21600
2618 5460
2619 16900
2626 21220
2635 4860
2648 2900
2649 5140
2651 9420
2658 5360
2659 4040
2666 4820
2675 3960
2688 2140
2689 6380
2691 14840
2698 3560
2699 4860
2706 4340
2715 9480
2728 6780
2729 114340
2731 7200
2738 19800
2739 3960
2746 2680
2755 3640
2768 3220
2769 26100
2771 23140
2778 4620
2779 9480
2786 23880
2795 3340
2808 3660
2809 6000
2811 7120
2818 6020
2819 3640
2826 3760
2833 43240
2835 2500
2848 85500
2849 9080
2851 20220
2858 4440
2859 3340
2866 4520
2873 16900
2875 14200
2888 28540
2889 5860
2891 7120
2898 24200
2899 2500
2906 4560
2913 4040
2915 2680
2928 6020
2929 23580
2931 28600
2938 4460
2939 14200
2946 22420
2953 4860
2955 4400
2963 43240
2964 43240
2968 8580
2969 6480
2971 8120
2978 7180
2979 2680
