0 0
182 43240
222 16900
262 4040
302 4860
342 3960
382 9480
422 3640
462 3340
502 2500
542 14200
582 2680
622 4400
660 43240
662 3660
681 43240
700 16900
702 25840
721 16900
740 4040
742 5340
761 4040
780 4860
782 6400
786 43240
801 4860
820 3960
822 3460
826 16900
841 3960
860 9480
862 21220
866 4040
881 9480
900 3640
902 4820
906 4860
921 3640
940 3340
942 4340
946 3960
961 3340
980 2500
982 2680
986 9480
992 43240
1001 2500
1020 14200
1022 23880
1026 3640
1032 16900
1041 14200
1060 2680
1062 3760
1066 3340
1072 4040
1081 2680
1100 4400
1102 4520
1106 2500
1112 4860
1121 4400
1140 3660
1142 4560
1146 14200
1152 3960
1161 3660
1180 25840
1182 22420
1186 2680
1192 9480
1197 43240
1201 25840
1220 5340
1222 4260
1226 4400
1232 3640
1237 16900
1241 5340
1260 6400
1262 2900
1266 3660
1272 3340
1277 4040
1281 6400
1286 43240
1300 3460
1302 2140
1306 25840
1312 2500
1317 4860
1321 3460
1326 16900
1340 21220
1342 6780
1346 5340
1352 14200
1357 3960
1361 21220
1366 4040
1380 4820
1382 3220
1386 6400
1392 2680
1397 9480
1401 4820
1406 4860
1420 4340
1422 3660
1426 3460
1432 4400
1437 3640
1441 4340
1446 3960
1460 2680
1462 85500
1466 21220
1472 3660
1477 3340
1481 2680
1486 9480
1500 23880
1502 28540
1506 4820
1512 25840
1517 2500
1521 23880
1526 3640
1540 3760
1542 6020
1546 4340
1552 5340
1557 14200
1561 3760
1566 3340
1580 4520
1582 8580
1586 2680
1592 6400
1597 2680
1601 4520
1606 2500
1620 4560
1622 5100
1626 23880
1632 3460
1637 4400
1641 4560
1646 14200
1660 22420
1662 16740
1666 3760
1672 21220
1677 3660
1681 22420
1686 2680
1700 4260
1702 48700
1706 4520
1712 4820
1717 25840
1721 4260
1726 4400
1740 2900
1742 22260
1746 4560
1752 4340
1757 5340
1761 2900
1766 3660
1780 2140
1782 7600
1786 22420
1792 2680
1797 6400
1801 2140
1806 25840
1820 6780
1822 24660
1826 4260
1832 23880
1837 3460
1841 6780
1846 5340
1860 3220
1862 8580
1866 2900
1872 3760
1877 21220
1881 3220
1886 6400
1900 3660
1902 15500
1906 2140
1912 4520
1917 4820
1921 3660
1926 3460
1940 85500
1942 8080
1946 6780
1952 4560
1957 4340
1961 85500
1966 21220
1980 28540
1982 27540
1986 3220
1992 22420
1997 2680
2001 28540
2006 4820
2020 6020
2022 6960
2026 3660
2032 4260
2037 23880
2041 6020
2046 4340
2060 8580
2062 21380
2066 85500
2072 2900
2077 3760
2081 8580
2086 2680
2100 5100
2102 9220
2106 28540
2112 2140
2117 4520
2121 5100
2126 23880
2140 16740
2142 28360
2146 6020
2152 6780
2157 4560
2161 16740
2166 3760
2180 5460
2182 10280
2186 8580
2192 3220
2197 22420
2201 5460
2206 4520
2220 5360
2222 32040
2224 43240
2226 5100
2232 3660
2237 4260
2241 5360
2246 4560
2260 3560
2262 9220
2264 16900
2266 16740
2272 85500
2277 2900
2281 3560
2286 22420
2300 19800
2302 35540
2304 4040
2306 5460
2312 28540
2317 2140
2321 19800
2326 4260
2340 4620
2342 9720
2344 4860
2346 5360
2352 6020
2357 6780
2361 4620
2366 2900
2380 6020
2382 29500
2384 3960
2386 3560
2392 8580
2397 3220
2401 6020
2406 2140
2420 4440
2422 10400
2424 9480
2426 19800
2432 5100
2437 3660
2441 4440
2446 6780
2460 24200
2462 28760
2464 3640
2466 4620
2472 16740
2477 85500
2481 24200
2486 3220
2500 4460
2502 8420
2504 3340
2506 6020
2512 5460
2517 28540
2521 4460
2526 3660
2540 7180
2542 31340
2544 2500
2545 43240
2546 4440
2552 5360
2557 6020
2561 7180
2566 85500
2580 6540
2582 8800
2584 14200
2585 16900
2586 24200
2592 3560
2597 8580
2601 6540
2606 28540
2620 23960
2622 13700
2624 2680
2625 4040
2626 4460
2632 19800
2637 5100
2641 23960
2646 6020
2660 6620
2662 9700
2664 4400
2665 4860
2666 7180
2672 4620
2677 16740
2681 6620
2686 8580
2700 6200
2702 28800
2704 3660
2705 3960
2706 6540
2712 6020
2717 5460
2721 6200
2726 5100
2740 3880
2742 118600
2744 25840
2745 9480
2746 23960
2752 4440
2757 5360
2761 3880
2766 16740
2780 29140
2782 29000
2784 5340
2785 3640
2786 6620
2792 24200
2797 3560
2801 29140
2806 5460
2820 6260
2822 8140
2824 6400
2825 3340
2826 6200
2832 4460
2837 19800
2841 6260
2846 5360
2860 8280
2862 15860
2864 3460
2865 2500
2866 3880
2872 7180
2877 4620
2881 8280
2886 3560
2900 5580
2902 9080
2904 21220
2905 14200
2906 29140
2912 6540
2917 6020
2921 5580
2926 19800
2940 24420
2942 27240
2944 4820
2945 2680
2946 6260
2952 23960
2957 4440
2961 24420
2966 4620
2980 5740
2982 91980
2984 4340
2985 4400
2986 8280
2992 1655
