0 0
158 43240
198 60140
220 43240
238 20940
260 16900
278 8900
300 4040
318 8820
340 4860
358 13440
380 3960
398 13120
420 9480
438 6980
460 3640
478 5840
500 3340
518 16700
540 2500
558 16880
580 14200
598 7080
620 2680
638 8060
656 43240
660 4400
678 29500
696 16900
700 3660
718 31180
736 4040
740 25840
758 11740
776 4860
780 5340
798 9860
816 3960
820 6400
838 24680
846 43240
856 9480
860 3460
878 26040
886 16900
896 3640
900 21220
918 9160
926 4040
936 3340
940 4820
958 7020
966 4860
976 2500
980 4340
991 43240
998 26560
1006 3960
1016 14200
1020 2680
1031 16900
1038 27640
1046 9480
1056 2680
1060 23880
1071 4040
1078 8280
1086 3640
1096 4400
1100 3760
1111 4860
1118 9080
1126 3340
1136 3660
1140 4520
1151 3960
1158 26980
1166 2500
1176 25840
1180 4560
1191 9480
1198 26680
1206 14200
1216 5340
1220 22420
1231 3640
1238 7160
1246 2680
1256 6400
1260 4260
1271 3340
1276 43240
1278 5040
1286 4400
1296 3460
1300 2900
1311 2500
1316 16900
1318 8920
1326 3660
1336 21220
1340 2140
1351 14200
1356 4040
1358 10000
1366 25840
1376 4820
1380 6780
1391 2680
1396 4860
1398 6880
1406 5340
1416 4340
1420 3220
1431 4400
1436 3960
1438 89160
1446 6400
1456 2680
1460 3660
1471 3660
1476 9480
1478 114040
1486 3460
1496 23880
1500 85500
1511 25840
1516 3640
1518 34560
1526 21220
1536 3760
1540 28540
1551 5340
1556 3340
1558 14600
1566 4820
1576 4520
1580 6020
1591 6400
1596 2500
1598 13680
1606 4340
1616 4560
1620 8580
1631 3460
1636 14200
1638 21840
1646 2680
1656 22420
1660 5100
1671 21220
1676 2680
1678 22200
1686 23880
1696 4260
1700 16740
1711 4820
1716 4400
1718 10820
1726 3760
1736 2900
1740 5460
1751 4340
1756 3660
1758 8920
1766 4520
1776 2140
1780 5360
1791 2680
1796 25840
1798 23360
1806 4560
1816 6780
1820 3560
1831 23880
1836 5340
1838 24420
1846 22420
1856 3220
1860 19800
1871 3760
1876 6400
1878 10640
1886 4260
1896 3660
1900 4620
1911 4520
1916 3460
1918 10460
1926 2900
1936 85500
1940 6020
1951 4560
1956 21220
1958 28640
1966 2140
1976 28540
1980 4440
1991 22420
1996 4820
1998 28660
2006 6780
2016 6020
2020 24200
2031 4260
2036 4340
2038 11640
2046 3220
2056 8580
2060 4460
2071 2900
2076 2680
2078 13720
2086 3660
2096 5100
2100 7180
2111 2140
2116 23880
2118 30500
2126 85500
2136 16740
2140 6540
2151 6780
2156 3760
2158 30580
2166 28540
2176 5460
2180 23960
2191 3220
2196 4520
2198 12820
2206 6020
2216 5360
2220 6620
2231 3660
2236 4560
2238 10080
2246 8580
2256 3560
2260 6200
2271 85500
2276 22420
2278 33020
2286 5100
2296 19800
2300 3880
2311 28540
2316 4260
2318 35400
2326 16740
2336 4620
2340 29140
2351 6020
2356 2900
2358 14540
2366 5460
2376 6020
2380 6260
2391 8580
2396 2140
2398 13860
2406 5360
2416 4440
2420 8280
2431 5100
2436 6780
2438 30000
2446 3560
2456 24200
2460 5580
2471 16740
2476 3220
2478 30160
2486 19800
2496 4460
2500 24420
2511 5460
2516 3660
2518 13200
2526 4620
2536 7180
2540 5740
2551 5360
2556 85500
2558 12500
2566 6020
2576 6540
2580 7460
2591 3560
2596 28540
2598 14220
2606 4440
2616 23960
2620 5040
2631 19800
2636 6020
2638 14320
2646 24200
2656 6620
2660 9180
2671 4620
2676 8580
2678 11520
2686 4460
2696 6200
2700 5140
2711 6020
2716 5100
2718 120720
2726 7180
2736 3880
2740 6380
2751 4440
2756 16740
2758 140440
2766 6540
2776 29140
2780 157580
2791 24200
2796 5460
2798 32100
2806 23960
2816 6260
2820 43000
2831 4460
2836 5360
2838 15080
2846 6620
2856 8280
2860 10040
2871 7180
2876 3560
2878 14940
2886 6200
2896 5580
2900 13940
2911 6540
2916 19800
2918 29440
2926 3880
2936 24420
2940 9820
2942 43240
2951 23960
2956 4620
2958 30060
2966 29140
2976 5740
2980 33060
2982 10985
