0 0
359 43240
399 16900
439 4040
479 4860
519 3960
559 52720
599 20540
639 7380
679 7360
719 18160
756 43240
757 43240
759 12160
796 16900
797 16900
799 8040
836 4040
837 4040
839 7000
847 43240
876 4860
877 4860
879 28340
887 16900
916 3960
917 3960
919 19540
927 4040
956 9480
957 9480
959 9080
967 4860
996 3640
997 3640
999 7860
1007 3960
1036 3340
1037 3340
1039 24880
1047 9480
1076 2500
1077 2500
1079 30660
1087 3640
1116 14200
1117 14200
1119 9680
1127 3340
1156 2680
1157 2680
1159 9080
1167 2500
1185 43240
1196 47640
1197 4400
1199 27340
1207 14200
1225 16900
1236 20560
1237 3660
1239 24980
1247 2680
1265 4040
1276 29880
1277 25840
1279 9340
1287 4400
1305 4860
1316 10200
1317 5340
1319 8900
1327 3660
1328 43240
1345 3960
1356 10360
1357 6400
1359 25100
1367 25840
1368 16900
1385 9480
1396 12940
1397 3460
1399 28140
1407 5340
1408 4040
1425 3640
1436 24860
1437 21220
1439 6660
1447 6400
1448 4860
1465 3340
1476 8160
1477 4820
1479 6660
1487 3460
1488 3960
1505 2500
1516 6840
1517 4340
1519 11340
1527 21220
1528 9480
1545 14200
1556 16880
1557 2680
1559 25640
1567 4820
1568 3640
1585 2680
1596 26560
1597 23880
1599 7920
1607 4340
1608 3340
1625 4400
1636 8160
1637 3760
1639 88400
1647 2680
1648 2500
1665 3660
1676 8180
1677 4520
1678 43240
1679 30680
1687 23880
1688 14200
1695 43240
1705 25840
1716 30400
1717 4560
1718 16900
1719 12800
1727 3760
1728 2680
1735 16900
1745 5340
1756 27760
1757 22420
1758 4040
1759 11800
1767 4520
1768 4400
1775 4040
1785 6400
1796 10660
1797 4260
1798 4860
1799 8760
1807 4560
1808 3660
1815 4860
1825 3460
1836 6360
1837 2900
1838 3960
1839 102240
1847 22420
1848 25840
1853 43240
1855 3960
1865 21220
1876 23360
1877 2140
1878 9480
1879 34000
1887 4260
1888 5340
1893 16900
1895 9480
1905 4820
1916 11600
1917 6780
1918 3640
1919 11380
1927 2900
1928 6400
1933 4040
1935 3640
1945 4340
1956 7560
1957 3220
1958 3340
1959 12140
1967 2140
1968 3460
1973 4860
1975 3340
1985 2680
1996 6340
1997 3660
1998 2500
1999 24900
2007 6780
2008 21220
2013 3960
2015 2500
2025 23880
2036 109380
2037 85500
2038 14200
2039 21360
2047 3220
2048 4820
2053 9480
2055 14200
2065 3760
2076 32300
2077 28540
2078 2680
2079 11480
2087 3660
2088 4340
2093 3640
2095 2680
2105 4520
2116 10540
2117 6020
2118 4400
2119 53040
2127 85500
2128 2680
2133 3340
2135 4400
2145 4560
2156 13140
2157 8580
2158 3660
2159 44660
2164 43240
2167 28540
2168 23880
2173 2500
2175 3660
2185 22420
2196 27520
2197 5100
2198 25840
2199 28300
2204 16900
2207 6020
2208 3760
2213 14200
2215 25840
2225 4260
2236 21000
2237 16740
2238 5340
2239 16660
2244 4040
2247 8580
2248 4520
2253 2680
2255 5340
2265 2900
2276 8360
2277 5460
2278 6400
2279 16520
2284 4860
2287 5100
2288 4560
2293 4400
2295 6400
2305 2140
2316 7500
2317 5360
2318 3460
2319 37880
2324 3960
2327 16740
2328 22420
2333 3660
2335 3460
2345 6780
2356 10340
2357 3560
2358 21220
2359 34460
2364 9480
2367 5460
2368 4260
2373 25840
2375 21220
2385 3220
2396 23020
2397 19800
2398 4820
2399 14000
2404 3640
2407 5360
2408 2900
2413 5340
2415 4820
2425 3660
2436 8280
2437 4620
2438 4340
2439 13560
2444 3340
2447 3560
2448 2140
2453 6400
2455 4340
2465 85500
2476 91520
2477 6020
2478 2680
2479 49880
2484 2500
2487 19800
2488 6780
2493 3460
2495 2680
2505 28540
2516 32980
2517 4440
2518 23880
2519 32900
2524 14200
2527 4620
2528 3220
2533 21220
2535 23880
2545 6020
2556 30220
2557 24200
2558 3760
2559 19300
2564 2680
2567 6020
2568 3660
2573 4820
2575 3760
2585 8580
2596 13040
2597 4460
2598 4520
2599 15440
2604 4400
2607 4440
2608 85500
2613 4340
2615 4520
2625 5100
2635 43240
2636 12280
2637 7180
2638 4560
2639 54140
2644 3660
2647 24200
2648 28540
2653 2680
2655 4560
2665 16740
2675 16900
2676 23280
2677 6540
2678 22420
2679 40220
2684 25840
2687 4460
2688 6020
2693 23880
2695 22420
2705 5460
2715 4040
2716 29420
2717 23960
2718 4260
2719 20120
2724 5340
2727 7180
2728 8580
2733 3760
2735 4260
2745 5360
2755 4860
2756 11980
2757 6620
2758 2900
2759 16780
2764 6400
2767 6540
2768 5100
2773 4520
2775 2900
2785 3560
2795 3960
2796 9760
2797 6200
2798 2140
2799 35980
2804 3460
2807 23960
2808 16740
2813 4560
2815 2140
2825 19800
2835 9480
2836 23680
2837 3880
2838 6780
2839 34380
2844 21220
2847 6620
2848 5460
2853 22420
2855 6780
2865 4620
2875 3640
2876 33760
2877 29140
2878 3220
2879 16460
2884 4820
2887 6200
2888 5360
2893 4260
2895 3220
2905 6020
2915 3340
2916 12280
2917 6260
2918 3660
2919 124480
2924 4340
2927 3880
2928 3560
2933 2900
2935 3660
2945 4440
2955 2500
2956 12720
2957 8280
2958 85500
2959 55020
2964 2680
2967 29140
2968 19800
2973 2140
2975 85500
2985 24200
2995 14200
