0 0
369 43240
409 16900
449 4040
489 4860
508 43240
529 3960
544 43240
548 16900
569 9480
584 16900
588 4040
595 43240
609 3640
624 4040
628 4860
635 16900
649 3340
664 4860
668 3960
675 4040
689 2500
704 3960
708 9480
715 4860
729 14200
744 9480
748 3640
755 3960
769 2680
784 3640
788 3340
795 9480
809 4400
824 3340
828 2500
835 3640
849 3660
864 2500
868 14200
875 3340
889 25840
904 14200
907 43240
908 2680
915 2500
929 5340
944 2680
947 16900
948 4400
955 14200
969 6400
984 4400
987 4040
988 3660
995 2680
1009 3460
1024 3660
1027 4860
1028 25840
1035 4400
1049 21220
1064 25840
1067 3960
1068 5340
1075 3660
1089 4820
1104 5340
1107 9480
1108 6400
1115 25840
1129 4340
1144 6400
1147 3640
1148 3460
1155 5340
1169 2680
1178 43240
1184 3460
1187 3340
1188 21220
1195 6400
1197 43240
1209 23880
1218 16900
1224 21220
1227 2500
1228 4820
1235 3460
1237 16900
1249 3760
1258 4040
1264 4820
1267 14200
1268 4340
1275 21220
1277 4040
1289 4520
1298 4860
1304 4340
1307 2680
1308 2680
1315 4820
1317 4860
1329 4560
1333 43240
1338 3960
1344 2680
1347 4400
1348 23880
1355 4340
1357 3960
1369 22420
1373 16900
1378 9480
1384 23880
1387 3660
1388 3760
1395 2680
1397 9480
1409 4260
1413 4040
1418 3640
1424 3760
1427 25840
1428 4520
1435 23880
1437 3640
1449 2900
1453 4860
1458 3340
1464 4520
1467 5340
1468 4560
1475 3760
1477 3340
1489 2140
1493 3960
1498 2500
1504 4560
1507 6400
1508 22420
1514 43240
1515 4520
1517 2500
1529 6780
1533 9480
1538 14200
1544 22420
1547 3460
1548 4260
1554 16900
1555 4560
1557 14200
1569 3220
1573 3640
1578 2680
1584 4260
1587 21220
1588 2900
1594 4040
1595 22420
1597 2680
1609 3660
1613 3340
1618 4400
1624 2900
1627 4820
1628 2140
1634 4860
1635 4260
1637 4400
1649 85500
1653 2500
1658 3660
1664 2140
1667 4340
1668 6780
1674 3960
1675 2900
1677 3660
1689 28540
1693 14200
1698 25840
1704 6780
1706 43240
1707 2680
1708 3220
1714 9480
1715 2140
1717 25840
1729 6020
1733 2680
1738 5340
1744 3220
1746 16900
1747 23880
1748 3660
1754 3640
1755 6780
1757 5340
1769 8580
1773 4400
1778 6400
1784 3660
1786 4040
1787 3760
1788 85500
1794 3340
1795 3220
1797 6400
1809 5100
1813 3660
1818 3460
1824 85500
1826 4860
1827 4520
1828 28540
1834 2500
1835 3660
1837 3460
1849 16740
1853 25840
1858 21220
1864 28540
1866 3960
1867 4560
1868 6020
1874 14200
1875 85500
1877 21220
1889 5460
1893 5340
1898 4820
1904 6020
1906 9480
1907 22420
1908 8580
1914 2680
1915 28540
1917 4820
1929 5360
1933 6400
1938 4340
1944 8580
1946 3640
1947 4260
1948 5100
1954 4400
1955 6020
1957 4340
1969 3560
1973 3460
1978 2680
1984 5100
1986 3340
1987 2900
1988 16740
1994 3660
1995 8580
1997 2680
2009 19800
2013 21220
2018 23880
2024 16740
2026 2500
2027 2140
2028 5460
2034 25840
2035 5100
2037 23880
2049 4620
2053 4820
2058 3760
2064 5460
2066 14200
2067 6780
2068 5360
2074 5340
2075 16740
2077 3760
2089 6020
2093 4340
2098 4520
2104 5360
2106 2680
2107 3220
2108 3560
2114 6400
2115 5460
2117 4520
2129 4440
2133 2680
2138 4560
2144 3560
2146 4400
2147 3660
2148 19800
2154 3460
2155 5360
2157 4560
2169 24200
2173 23880
2178 22420
2184 19800
2186 3660
2187 85500
2188 4620
2194 21220
2195 3560
2197 22420
2209 4460
2213 3760
2218 4260
2224 4620
2226 25840
2227 28540
2228 6020
2234 4820
2235 19800
2237 4260
2249 7180
2253 4520
2258 2900
2264 6020
2266 5340
2267 6020
2268 4440
2274 4340
2275 4620
2277 2900
2289 6540
2293 4560
2298 2140
2304 4440
2306 6400
2307 8580
2308 24200
2314 2680
2315 6020
2317 2140
2329 23960
2333 22420
2338 6780
2344 24200
2346 3460
2347 5100
2348 4460
2354 23880
2355 4440
2357 6780
2369 6620
2373 4260
2378 3220
2384 4460
2386 21220
2387 16740
2388 7180
2394 3760
2395 24200
2397 3220
2409 6200
2413 2900
2418 3660
2424 7180
2426 4820
2427 5460
2428 6540
2434 4520
2435 4460
2437 3660
2449 3880
2453 2140
2458 85500
2464 6540
2466 4340
2467 5360
2468 23960
2474 4560
2475 7180
2477 85500
2489 29140
2493 6780
2498 28540
2504 23960
2506 2680
2507 3560
2508 6620
2514 22420
2515 6540
2517 28540
2524 43240
2529 6260
2533 3220
2538 6020
2544 6620
2546 23880
2547 19800
2548 6200
2554 4260
2555 23960
2557 6020
2564 16900
2569 8280
2573 3660
2578 8580
2584 6200
2586 3760
2587 4620
2588 3880
2594 2900
2595 6620
2597 8580
2604 4040
2609 5580
2613 85500
2618 5100
2624 3880
2626 4520
2627 6020
2628 29140
2634 2140
2635 6200
2637 5100
2644 4860
2649 24420
2653 28540
2658 16740
2664 29140
2666 4560
2667 4440
2668 6260
2674 6780
2675 3880
2677 16740
2684 3960
2689 5740
2693 6020
2698 5460
2704 6260
2706 22420
2707 24200
2708 8280
2714 3220
2715 29140
2717 5460
2724 9480
2729 7460
2733 8580
2738 5360
2744 8280
2746 4260
2747 4460
2748 5580
2754 3660
2755 6260
2757 5360
2764 3640
2769 5040
2773 5100
2778 3560
2784 5580
2786 2900
2787 7180
2788 24420
2794 85500
2795 8280
2797 3560
2804 3340
2809 9180
2813 16740
2818 19800
2824 24420
2826 2140
2827 6540
2828 5740
2834 28540
2835 5580
2837 19800
2844 2500
2849 5140
2853 5460
2858 4620
2864 5740
2866 6780
2867 23960
2868 7460
2874 6020
2875 24420
2877 4620
2884 14200
2889 6380
2893 5360
2898 6020
2904 7460
2906 3220
2907 6620
2908 5040
2914 8580
2915 5740
2917 6020
2924 2680
2929 114340
2933 3560
2938 4440
2944 5040
2946 3660
2947 6200
2948 9180
2954 5100
2955 7460
2957 4440
2964 4400
2969 26100
2973 19800
2978 24200
2984 9180
2986 85500
