0 0
106 43240
146 16900
179 43240
186 4040
219 16900
226 4860
259 4040
266 3960
299 4860
306 9480
339 3960
342 43240
346 3640
379 9480
382 16900
386 3340
419 3640
422 4040
426 2500
459 3340
462 4860
466 14200
499 2500
502 3960
506 2680
539 14200
542 9480
546 4400
579 2680
582 3640
586 3660
619 4400
622 3340
626 25840
659 3660
662 2500
666 5340
699 25840
702 14200
706 6400
739 5340
742 2680
746 3460
750 43240
779 6400
782 4400
786 21220
790 16900
819 3460
822 3660
826 4820
830 4040
859 21220
862 25840
866 4340
870 4860
882 43240
899 4820
902 5340
906 2680
910 3960
922 16900
939 4340
942 6400
946 23880
950 9480
962 4040
979 2680
982 3460
986 3760
990 3640
1002 4860
1019 23880
1022 21220
1026 4520
1030 3340
1042 3960
1059 3760
1062 4820
1066 4560
1070 2500
1082 9480
1099 4520
1102 4340
1106 22420
1110 14200
1122 3640
1132 43240
1139 4560
1142 2680
1146 4260
1150 2680
1162 3340
1172 16900
1179 22420
1182 23880
1186 2900
1190 4400
1202 2500
1212 4040
1219 4260
1222 3760
1226 2140
1230 3660
1242 14200
1252 4860
1259 2900
1262 4520
1266 6780
1270 25840
1282 2680
1292 3960
1299 2140
1302 4560
1306 3220
1310 5340
1322 4400
1332 9480
1339 6780
1342 22420
1346 3660
1350 6400
1362 3660
1372 3640
1379 3220
1382 4260
1386 85500
1390 3460
1402 25840
1412 3340
1419 46900
1422 2900
1426 28540
1430 21220
1442 5340
1452 2500
1459 102400
1462 2140
1466 6020
1470 4820
1482 6400
1492 14200
1499 32580
1502 6780
1506 8580
1510 4340
1522 3460
1532 2680
1539 10880
1542 3220
1546 5100
1550 2680
1562 21220
1572 4400
1579 12540
1582 3660
1586 16740
1590 23880
1602 4820
1612 3660
1619 14580
1622 85500
1626 5460
1630 3760
1642 4340
1652 25840
1659 20380
1662 28540
1666 5360
1670 4520
1682 2680
1692 5340
1699 8800
1702 6020
1706 3560
1710 4560
1722 23880
1732 6400
1739 7860
1742 8580
1746 19800
1750 22420
1762 3760
1772 3460
1779 17760
1782 5100
1786 4620
1790 4260
1802 4520
1812 21220
1819 22480
1822 16740
1826 6020
1830 2900
1842 4560
1852 4820
1859 9020
1862 5460
1866 4440
1870 2140
1882 22420
1892 4340
1899 9680
1902 5360
1906 24200
1910 6780
1922 4260
1932 2680
1939 30280
1942 3560
1946 4460
1950 3220
1962 2900
1972 23880
1979 29540
1982 19800
1986 7180
1990 3660
2002 2140
2012 3760
2019 10860
2022 4620
2026 6540
2030 85500
2042 6780
2052 4520
2055 43240
2059 10640
2062 6020
2066 23960
2070 28540
2082 3220
2092 4560
2094 43240
2095 16900
2099 27760
2102 4440
2106 6620
2110 6020
2122 3660
2132 22420
2134 16900
2135 4040
2139 28780
2142 24200
2146 6200
2150 8580
2162 85500
2172 4260
2174 4040
2175 4860
2179 10960
2182 4460
2186 3880
2190 5100
2202 28540
2212 2900
2214 4860
2215 3960
2219 8880
2222 7180
2226 29140
2230 16740
2242 6020
2252 2140
2254 3960
2255 9480
2259 27760
2262 6540
2266 6260
2270 5460
2282 8580
2292 6780
2294 9480
2295 3640
2299 32900
2302 23960
2306 8280
2310 5360
2322 5100
2332 3220
2334 3640
2335 3340
2339 10780
2342 6620
2346 5580
2350 3560
2362 16740
2372 3660
2374 3340
2375 2500
2379 12840
2382 6200
2386 24420
2390 19800
2402 5460
2412 85500
2414 2500
2415 14200
2419 28000
2422 3880
2426 5740
2430 4620
2442 5360
2452 28540
2454 14200
2455 2680
2456 43240
2459 28680
2462 29140
2466 7460
2470 6020
2482 3560
2492 6020
2494 2680
2495 4400
2496 16900
2499 8640
2502 6260
2503 43240
2506 5040
2510 4440
2522 19800
2532 8580
2534 4400
2535 3660
2536 4040
2539 9600
2542 8280
2543 16900
2546 9180
2550 24200
2562 4620
2572 5100
2574 3660
2575 25840
2576 4860
2579 11820
2582 5580
2583 4040
2586 5140
2590 4460
2602 6020
2612 16740
2613 43240
2614 25840
2615 5340
2616 3960
2619 12400
2622 24420
2623 4860
2626 6380
2630 7180
2642 4440
2652 5460
2653 16900
2654 5340
2655 6400
2656 9480
2659 8800
2662 5740
2663 3960
2666 114340
2670 6540
2682 24200
2692 5360
2693 4040
2694 6400
2695 3460
2696 3640
2699 91880
2702 7460
2703 9480
2706 26100
2710 23960
2722 4460
2732 3560
2733 4860
2734 3460
2735 21220
2736 3340
2739 142880
2742 5040
2743 3640
2746 6000
2750 6620
2762 7180
2772 19800
2773 3960
2774 21220
2775 4820
2776 2500
2779 32120
2782 9180
2783 3340
2786 9080
2790 6200
2802 6540
2812 4620
2813 9480
2814 4820
2815 4340
2816 14200
2819 14580
2822 5140
2823 2500
2826 5860
2830 3880
2842 23960
2852 6020
2853 3640
2854 4340
2855 2680
2856 2680
2859 14180
2862 6380
2863 14200
2866 23580
2870 29140
2882 6620
2892 4440
2893 3340
2894 2680
2895 23880
2896 4400
2899 22600
2902 114340
2903 2680
2906 6480
2910 6260
2922 6200
2932 24200
2933 2500
2934 23880
2935 3760
2936 3660
2939 29040
2942 26100
2943 4400
2946 9400
2950 8280
2962 3880
2972 4460
2973 14200
2974 3760
2975 4520
2976 25840
2979 11840
2982 6000
2983 1830
