0 0
140 43240
180 16900
220 4040
260 4860
293 43240
300 3960
333 16900
340 9480
373 4040
380 3640
413 4860
420 3340
453 3960
460 2500
493 9480
500 14200
533 3640
540 2680
573 3340
580 4400
613 2500
620 3660
653 14200
660 25840
693 2680
700 5340
733 4400
740 6400
773 3660
780 3460
813 25840
820 21220
853 5340
860 4820
893 6400
900 4340
933 3460
940 2680
973 21220
980 23880
1013 4820
1020 3760
1053 4340
1060 4520
1064 43240
1093 2680
1100 4560
1104 16900
1133 23880
1140 22420
1144 4040
1173 3760
1180 4260
1184 4860
1213 4520
1220 2900
1224 3960
1253 4560
1260 2140
1264 9480
1293 22420
1300 6780
1304 3640
1329 43240
1333 4260
1340 3220
1344 3340
1369 16900
1373 2900
1380 3660
1384 2500
1409 4040
1413 2140
1420 85500
1424 14200
1449 4860
1453 6780
1460 28540
1464 2680
1489 3960
1493 3220
1500 6020
1504 4400
1529 9480
1533 3660
1539 43240
1540 8580
1544 3660
1569 3640
1573 85500
1579 16900
1580 5100
1584 25840
1609 3340
1613 28540
1619 4040
1620 16740
1624 5340
1649 2500
1653 6020
1659 4860
1660 5460
1664 6400
1689 14200
1693 8580
1699 3960
1700 5360
1704 3460
1729 2680
1733 5100
1739 9480
1740 3560
1744 21220
1769 4400
1773 16740
1779 3640
1780 19800
1784 4820
1809 3660
1813 5460
1819 3340
1820 4620
1824 4340
1849 25840
1853 5360
1859 2500
1860 6020
1864 2680
1889 5340
1893 3560
1899 14200
1900 4440
1904 23880
1929 6400
1933 19800
1939 2680
1940 24200
1944 3760
1969 3460
1973 4620
1979 4400
1980 4460
1984 4520
1993 43240
2009 21220
2013 6020
2019 3660
2020 7180
2024 4560
2033 16900
2049 4820
2053 4440
2059 25840
2060 6540
2064 22420
2073 4040
2089 4340
2093 24200
2099 5340
2100 23960
2104 4260
2113 4860
2129 2680
2133 4460
2139 6400
2140 6620
2144 2900
2153 3960
2169 23880
2173 7180
2179 3460
2180 49440
2184 2140
2193 9480
2209 3760
2213 6540
2219 21220
2220 20780
2224 6780
2233 3640
2249 4520
2253 23960
2259 4820
2260 33180
2264 3220
2273 3340
2289 4560
2293 6620
2299 4340
2300 11120
2304 3660
2313 2500
2329 22420
2333 6200
2339 2680
2340 12240
2344 85500
2345 43240
2353 14200
2369 4260
2373 3880
2379 23880
2380 15060
2384 28540
2385 16900
2393 2680
2407 43240
2409 2900
2413 29140
2419 3760
2420 28060
2424 6020
2425 4040
2433 4400
2447 16900
2449 2140
2453 6260
2459 4520
2460 9080
2464 8580
2465 4860
2473 3660
2487 4040
2489 6780
2493 8280
2499 4560
2500 9960
2504 5100
2505 3960
2513 25840
2527 4860
2529 3220
2533 5580
2539 22420
2540 19240
2544 16740
2545 9480
2553 5340
2567 3960
2569 3660
2573 24420
2579 4260
2580 11860
2584 5460
2585 3640
2593 6400
2607 9480
2609 85500
2613 5740
2619 2900
2620 9540
2624 5360
2625 3340
2633 3460
2647 3640
2649 28540
2653 7460
2659 2140
2660 10040
2664 3560
2665 2500
2673 21220
2687 3340
2689 6020
2693 5040
2699 6780
2700 140180
2704 19800
2705 14200
2706 43240
2713 4820
2727 2500
2729 8580
2733 9180
2739 3220
2740 31440
2744 4620
2745 2680
2746 16900
2753 4340
2767 14200
2769 5100
2773 5140
2779 3660
2780 12400
2784 6020
2785 4400
2786 4040
2793 2680
2807 2680
2809 16740
2813 6380
2819 85500
2820 12540
2824 4440
2825 3660
2826 4860
2833 23880
2847 4400
2849 5460
2853 114340
2859 28540
2860 27080
2864 24200
2865 25840
2866 3960
2873 3760
2887 3660
2889 5360
2893 26100
2899 6020
2900 28400
2904 4460
2905 5340
2906 9480
2913 4520
2927 25840
2929 3560
2933 6000
2939 8580
2940 10820
2944 7180
2945 6400
2946 3640
2953 4560
2967 5340
2969 19800
2973 9080
