0 0
305 43240
345 16900
385 4040
425 4860
465 3960
505 9480
545 3640
585 3340
625 2500
665 14200
705 2680
745 4400
785 3660
825 25840
829 43240
865 5340
869 16900
905 6400
909 4040
945 3460
949 4860
985 21220
989 3960
1025 4820
1029 9480
1065 4340
1069 3640
1105 2680
1109 3340
1145 23880
1149 2500
1185 3760
1189 14200
1225 4520
1229 2680
1242 43240
1265 4560
1269 4400
1282 16900
1305 22420
1309 3660
1322 4040
1345 4260
1349 25840
1362 4860
1385 2900
1389 5340
1402 3960
1425 2140
1429 6400
1442 9480
1465 6780
1469 3460
1482 3640
1505 3220
1509 21220
1522 3340
1545 3660
1549 4820
1562 2500
1585 85500
1589 4340
1602 14200
1625 28540
1629 2680
1642 2680
1665 6020
1669 23880
1682 4400
1705 8580
1709 3760
1722 3660
1745 5100
1749 4520
1753 43240
1762 25840
1785 16740
1789 4560
1793 16900
1802 5340
1825 5460
1829 22420
1833 4040
1842 6400
1865 5360
1869 4260
1873 4860
1882 3460
1905 3560
1909 2900
1913 3960
1922 21220
1945 19800
1949 2140
1953 9480
1962 4820
1970 43240
1985 4620
1989 6780
1993 3640
2002 4340
2010 16900
2025 6020
2029 3220
2033 3340
2042 2680
2050 4040
2065 4440
2069 3660
2073 2500
2082 23880
2090 4860
2095 43240
2105 24200
2109 85500
2113 14200
2122 3760
2130 3960
2135 16900
2145 4460
2149 28540
2153 2680
2162 4520
2170 9480
2175 4040
2185 7180
2189 6020
2193 4400
2202 4560
2210 3640
2215 4860
2225 6540
2229 8580
2233 3660
2242 22420
2250 3340
2255 3960
2265 23960
2269 5100
2273 25840
2282 4260
2290 2500
2295 9480
2305 6620
2309 16740
2313 5340
2322 2900
2330 14200
2335 3640
2345 6200
2349 5460
2353 6400
2362 2140
2370 2680
2375 3340
2385 3880
2389 5360
2393 3460
2402 6780
2410 4400
2415 2500
2425 29140
2429 3560
2433 21220
2442 3220
2450 3660
2455 14200
2465 6260
2469 19800
2473 4820
2482 3660
2490 25840
2495 2680
2505 8280
2509 4620
2513 4340
2522 85500
2530 5340
2535 4400
2545 5580
2549 6020
2553 2680
2562 28540
2570 6400
2575 3660
2585 24420
2589 4440
2593 23880
2602 6020
2610 3460
2613 43240
2615 25840
2625 5740
2629 24200
2633 3760
2642 8580
2650 21220
2653 16900
2655 5340
2665 7460
2669 4460
2673 4520
2682 5100
2690 4820
2693 4040
2695 6400
2705 5040
2709 7180
2713 4560
2717 43240
2722 16740
2730 4340
2733 4860
2735 3460
2745 9180
2749 6540
2753 22420
2757 16900
2762 5460
2770 2680
2773 3960
2775 21220
2785 5140
2789 23960
2793 4260
2797 4040
2802 5360
2810 23880
2813 9480
2815 4820
2825 6380
2829 6620
2833 2900
2837 4860
2842 3560
2850 3760
2853 3640
2855 4340
2865 114340
2869 6200
2873 2140
2877 3960
2882 19800
2890 4520
2893 3340
2895 2680
2905 26100
2909 3880
2913 6780
2917 9480
2922 4620
2930 4560
2933 2500
2935 23880
2945 6000
2949 29140
2953 3220
2957 3640
2962 6020
2970 22420
2973 14200
