0 0
476 43240
516 16900
556 4040
596 4860
636 3960
676 9480
690 43240
716 3640
730 16900
731 43240
756 3340
770 4040
771 16900
796 2500
810 4860
811 4040
832 43240
836 14200
850 3960
851 4860
872 16900
876 2680
890 9480
891 3960
912 4040
916 4400
930 3640
931 9480
952 4860
956 3660
970 3340
971 3640
992 3960
996 25840
1010 2500
1011 3340
1032 9480
1036 5340
1050 14200
1051 2500
1072 3640
1076 6400
1090 2680
1091 14200
1112 3340
1116 3460
1130 4400
1131 2680
1152 2500
1156 21220
1170 3660
1171 4400
1192 14200
1196 4820
1210 25840
1211 3660
1232 2680
1236 4340
1250 5340
1251 25840
1272 4400
1276 2680
1290 6400
1291 5340
1312 3660
1316 23880
1330 3460
1331 6400
1352 25840
1356 3760
1370 21220
1371 3460
1374 43240
1392 5340
1396 4520
1410 4820
1411 21220
1414 16900
1432 6400
1436 4560
1450 4340
1451 4820
1454 4040
1472 3460
1476 22420
1490 2680
1491 4340
1494 4860
1512 21220
1516 4260
1530 23880
1531 2680
1534 3960
1552 4820
1556 2900
1570 3760
1571 23880
1574 9480
1592 4340
1596 2140
1610 4520
1611 3760
1614 3640
1632 2680
1636 6780
1650 4560
1651 4520
1654 3340
1672 23880
1676 3220
1690 22420
1691 4560
1694 2500
1712 3760
1716 3660
1730 4260
1731 22420
1734 14200
1752 4520
1756 85500
1770 2900
1771 4260
1774 2680
1792 4560
1796 28540
1810 2140
1811 2900
1814 4400
1832 22420
1836 6020
1850 6780
1851 2140
1854 3660
1872 4260
1876 8580
1890 3220
1891 6780
1894 25840
1909 43240
1912 2900
1916 5100
1930 3660
1931 3220
1934 5340
1949 16900
1952 2140
1956 16740
1970 85500
1971 3660
1974 6400
1989 4040
1992 6780
1996 5460
2010 28540
2011 85500
2014 3460
2029 4860
2032 3220
2036 5360
2050 6020
2051 28540
2054 21220
2069 3960
2072 3660
2076 3560
2090 8580
2091 6020
2094 4820
2100 43240
2109 9480
2112 85500
2116 19800
2130 5100
2131 8580
2134 4340
2140 16900
2149 3640
2152 28540
2156 4620
2170 16740
2171 5100
2174 2680
2180 4040
2189 3340
2192 6020
2196 6020
2210 5460
2211 16740
2214 23880
2220 4860
2229 2500
2232 8580
2236 4440
2250 5360
2251 5460
2254 3760
2260 3960
2269 14200
2272 5100
2276 24200
2290 3560
2291 5360
2294 4520
2300 9480
2309 2680
2312 16740
2316 4460
2330 19800
2331 3560
2334 4560
2340 3640
2349 4400
2352 5460
2355 43240
2356 7180
2370 4620
2371 19800
2374 22420
2380 3340
2389 3660
2392 5360
2395 16900
2396 6540
2410 6020
2411 4620
2414 4260
2420 2500
2429 25840
2432 3560
2435 4040
2436 23960
2450 4440
2451 6020
2454 2900
2460 14200
2469 5340
2472 19800
2475 4860
2476 6620
2490 24200
2491 4440
2494 2140
2500 2680
2509 6400
2512 4620
2515 3960
2516 6200
2530 4460
2531 24200
2534 6780
2540 4400
2549 46700
2552 6020
2555 9480
2556 3880
2570 7180
2571 4460
2574 3220
2580 3660
2589 38120
2592 4440
2595 3640
2596 29140
2610 6540
2611 7180
2614 3660
2620 25840
2629 8860
2632 24200
2635 3340
2636 6260
2650 23960
2651 6540
2654 85500
2660 5340
2669 9200
2672 4460
2675 2500
2676 8280
2690 6620
2691 23960
2694 28540
2700 6400
2709 6640
2712 7180
2715 14200
2716 5580
2730 6200
2731 6620
2734 6020
2740 3460
2749 33360
2752 6540
2755 2680
2756 24420
2770 3880
2771 6200
2774 8580
2780 21220
2789 7400
2792 23960
2795 4400
2796 5740
2810 29140
2811 3880
2814 5100
2820 4820
2829 7860
2832 6620
2835 3660
2836 7460
2850 6260
2851 29140
2854 16740
2860 4340
2869 7060
2872 6200
2875 25840
2876 5040
2889 43240
2890 8280
2891 6260
2894 5460
2900 2680
2909 36620
2912 3880
2915 5340
2916 9180
2929 16900
2930 5580
2931 8280
2934 5360
2940 23880
2949 6940
2952 29140
2955 6400
2956 5140
2969 4040
2970 24420
2971 5580
2974 3560
2976 43240
