0 0
290 43240
330 16900
355 43240
370 4040
395 16900
410 4860
435 4040
450 3960
475 4860
490 9480
515 3960
530 3640
555 9480
570 3340
595 3640
610 2500
635 3340
650 14200
675 2500
690 2680
715 14200
729 43240
730 4400
755 2680
769 16900
770 3660
795 4400
809 4040
810 25840
835 3660
849 4860
850 5340
875 25840
882 43240
889 3960
890 6400
905 43240
915 5340
922 16900
929 9480
930 3460
945 16900
955 6400
962 4040
969 3640
970 21220
985 4040
995 3460
1002 4860
1009 3340
1010 4820
1025 4860
1035 21220
1042 3960
1049 2500
1050 4340
1065 3960
1075 4820
1082 9480
1089 14200
1090 2680
1105 9480
1115 4340
1122 3640
1129 2680
1130 23880
1134 43240
1145 3640
1155 2680
1162 3340
1169 4400
1170 3760
1174 16900
1185 3340
1195 23880
1202 2500
1209 3660
1210 4520
1214 4040
1216 43240
1225 2500
1235 3760
1242 14200
1249 25840
1250 4560
1254 4860
1256 16900
1265 14200
1275 4520
1282 2680
1289 5340
1290 22420
1294 3960
1296 4040
1305 2680
1315 4560
1322 4400
1329 6400
1330 4260
1334 9480
1336 4860
1345 4400
1355 22420
1362 3660
1369 3460
1370 2900
1374 3640
1376 3960
1385 3660
1395 4260
1402 25840
1409 21220
1410 2140
1414 3340
1416 9480
1425 25840
1435 2900
1442 5340
1449 4820
1450 6780
1454 2500
1456 3640
1465 5340
1475 2140
1482 6400
1489 4340
1490 3220
1494 14200
1496 3340
1505 6400
1506 43240
1515 6780
1522 3460
1529 2680
1530 3660
1534 2680
1536 2500
1545 3460
1546 16900
1555 3220
1562 21220
1569 23880
1570 85500
1574 4400
1576 14200
1585 21220
1586 4040
1595 3660
1602 4820
1609 3760
1610 28540
1614 3660
1616 2680
1625 4820
1626 4860
1635 85500
1642 4340
1649 4520
1650 6020
1654 25840
1656 4400
1665 4340
1666 3960
1675 28540
1682 2680
1689 4560
1690 8580
1694 5340
1696 3660
1705 2680
1706 9480
1715 6020
1722 23880
1729 22420
1730 5100
1734 6400
1736 25840
1745 23880
1746 3640
1755 8580
1762 3760
1769 4260
1770 16740
1774 3460
1776 5340
1785 3760
1786 3340
1795 5100
1802 4520
1809 2900
1810 5460
1814 21220
1816 6400
1825 4520
1826 2500
1835 16740
1842 4560
1849 2140
1850 5360
1854 4820
1856 3460
1865 4560
1866 14200
1875 5460
1882 22420
1889 6780
1890 3560
1894 4340
1896 21220
1905 22420
1906 2680
1915 5360
1922 4260
1929 3220
1930 19800
1934 2680
1936 4820
1945 4260
1946 4400
1955 3560
1962 2900
1969 3660
1970 4620
1974 23880
1976 4340
1985 2900
1986 3660
1995 19800
2002 2140
2009 85500
2010 6020
2014 3760
2016 2680
2025 2140
2026 25840
2035 4620
2042 6780
2049 28540
2050 4440
2054 4520
2056 23880
2065 6780
2066 5340
2075 6020
2082 3220
2089 6020
2090 24200
2094 4560
2096 3760
2105 3220
2106 6400
2115 4440
2122 3660
2129 8580
2130 4460
2134 22420
2136 4520
2145 3660
2146 3460
2155 24200
2162 85500
2169 5100
2170 7180
2174 4260
2176 4560
2185 85500
2186 21220
2195 4460
2202 28540
2205 43240
2209 16740
2210 6540
2214 2900
2216 22420
2225 28540
2226 4820
2235 7180
2242 6020
2245 16900
2249 5460
2250 23960
2254 2140
2256 4260
2265 6020
2266 4340
2275 6540
2282 8580
2285 4040
2289 5360
2290 6620
2294 6780
2296 2900
2305 8580
2306 2680
2315 23960
2322 5100
2325 4860
2329 3560
2330 6200
2334 3220
2336 2140
2345 5100
2346 23880
2349 43240
2355 6620
2362 16740
2365 3960
2369 19800
2370 3880
2374 3660
2376 6780
2385 16740
2386 3760
2389 16900
2395 6200
2402 5460
2405 9480
2409 4620
2410 29140
2414 85500
2416 3220
2425 5460
2426 4520
2429 4040
2435 3880
2439 43240
2442 5360
2445 3640
2449 6020
2450 6260
2454 28540
2456 3660
2465 5360
2466 4560
2469 4860
2475 29140
2479 16900
2482 3560
2485 3340
2489 4440
2490 8280
2494 6020
2496 85500
2505 3560
2506 22420
2509 3960
2515 6260
2519 4040
2522 19800
2525 2500
2529 24200
2530 5580
2534 8580
2536 28540
2545 19800
2546 4260
2549 9480
2555 8280
2559 4860
2562 4620
2565 14200
2569 4460
2570 24420
2574 5100
2576 6020
2585 4620
2586 2900
2589 3640
2595 5580
2599 3960
2602 6020
2605 2680
2609 7180
2610 5740
2614 16740
2616 8580
2625 6020
2626 2140
2629 3340
2635 24420
2639 9480
2642 4440
2645 4400
2649 6540
2650 7460
2654 5460
2656 5100
2665 4440
2666 6780
2669 2500
2675 5740
2679 3640
2682 24200
2685 3660
2689 23960
2690 5040
2694 5360
2696 16740
2700 43240
2705 24200
2706 3220
2709 14200
2715 7460
2719 3340
2722 4460
2725 25840
2729 6620
2730 9180
2734 3560
2736 5460
2740 16900
2745 4460
2746 3660
2749 2680
2755 5040
2759 2500
2762 7180
2765 5340
2769 6200
2770 5140
2774 19800
2776 5360
2780 4040
2785 7180
2786 85500
2789 4400
2795 9180
2799 14200
2802 6540
2805 6400
2808 43240
2809 3880
2810 6380
2814 4620
2816 3560
2819 43240
2820 4860
2825 6540
2826 28540
2829 3660
2835 5140
2839 2680
2842 23960
2845 3460
2848 16900
2849 29140
2850 114340
2853 43240
2854 6020
2856 19800
2859 16900
2860 3960
2865 23960
2866 6020
2869 25840
2875 6380
2879 4400
2882 6620
2885 21220
2888 4040
2889 6260
2890 26100
2893 16900
2894 4440
2896 4620
2899 4040
2900 9480
2905 6620
2906 8580
2909 5340
2915 114340
2919 3660
2922 6200
2925 4820
2928 4860
2929 8280
2930 6000
2933 4040
2934 24200
2936 6020
2939 4860
2940 3640
2945 6200
2946 5100
2949 6400
2955 26100
2959 25840
2962 3880
2965 4340
2968 3960
2969 5580
2970 9080
2973 4860
2974 4460
2976 4440
2979 3960
2980 3340
2985 3880
2986 16740
2989 3460
2995 2400
