0 0
489 43240
527 43240
529 16900
567 16900
569 4040
582 43240
607 4040
609 4860
622 16900
647 4860
649 3960
662 4040
687 3960
689 9480
702 4860
727 9480
729 3640
742 3960
767 3640
769 3340
782 9480
807 3340
809 2500
822 3640
847 2500
849 14200
862 3340
887 14200
889 2680
902 2500
927 2680
929 4400
942 14200
967 4400
969 3660
982 2680
1007 3660
1009 25840
1022 4400
1047 25840
1049 5340
1062 3660
1087 5340
1089 6400
1102 25840
1127 6400
1129 3460
1140 43240
1142 5340
1167 3460
1169 21220
1180 16900
1182 6400
1207 21220
1209 4820
1220 4040
1222 3460
1247 4820
1249 4340
1260 4860
1262 21220
1287 4340
1289 2680
1300 3960
1302 4820
1327 2680
1329 23880
1340 9480
1342 4340
1367 23880
1369 3760
1380 3640
1382 2680
1407 3760
1409 4520
1420 3340
1422 23880
1447 4520
1449 4560
1460 2500
1462 3760
1487 4560
1489 22420
1500 14200
1502 4520
1527 22420
1529 4260
1540 2680
1542 4560
1567 4260
1569 2900
1580 4400
1582 22420
1607 2900
1609 2140
1620 3660
1622 4260
1647 2140
1649 6780
1660 25840
1662 2900
1687 6780
1689 3220
1700 5340
1702 2140
1727 3220
1729 3660
1740 6400
1742 6780
1767 46900
1769 85500
1780 3460
1782 3220
1807 102400
1809 28540
1820 21220
1822 3660
1847 32580
1849 6020
1860 4820
1862 85500
1863 43240
1887 10880
1889 8580
1892 43240
1900 4340
1902 28540
1903 16900
1927 12540
1929 5100
1932 16900
1940 2680
1942 6020
1943 4040
1967 14580
1969 16740
1972 4040
1980 23880
1982 8580
1983 4860
2007 20380
2009 5460
2012 4860
2020 3760
2022 5100
2023 3960
2047 8800
2049 5360
2052 3960
2060 4520
2062 16740
2063 9480
2087 7860
2089 3560
2092 9480
2100 4560
2102 5460
2103 3640
2127 17760
2129 19800
2132 3640
2140 22420
2142 5360
2143 3340
2167 22480
2169 4620
2172 3340
2180 4260
2182 3560
2183 2500
2207 9020
2209 6020
2212 2500
2220 2900
2222 19800
2223 14200
2247 9680
2249 4440
2252 14200
2260 2140
2262 4620
2263 2680
2287 30280
2289 24200
2292 2680
2300 6780
2302 6020
2303 4400
2327 29540
2329 4460
2332 4400
2340 3220
2342 4440
2343 3660
2367 10860
2369 7180
2372 3660
2380 3660
2382 24200
2383 25840
2407 10640
2409 6540
2412 25840
2420 85500
2422 4460
2423 5340
2447 27760
2449 67200
2452 5340
2460 28540
2462 7180
2463 6400
2487 28780
2489 23520
2492 6400
2500 6020
2502 6540
2503 3460
2527 10960
2529 10240
2531 43240
2532 3460
2540 8580
2542 23960
2543 21220
2567 8880
2569 8740
2571 16900
2572 21220
2580 5100
2582 6620
2583 4820
2607 27760
2609 33100
2611 4040
2612 4820
2620 16740
2622 6200
2623 4340
2647 32900
2649 15740
2651 4860
2652 4340
2660 5460
2662 3880
2663 2680
2687 10780
2689 11920
2691 3960
2692 2680
2700 5360
2702 29140
2703 23880
2727 12840
2729 8920
2731 9480
2732 23880
2740 3560
2742 6260
2743 3760
2767 28000
2769 26920
2771 3640
2772 3760
2780 19800
2782 51520
2783 4520
2796 43240
2807 28680
2809 19940
2811 3340
2812 4520
2820 4620
2822 22480
2823 4560
2836 16900
2847 8640
2849 10140
2851 2500
2852 4560
2860 6020
2862 28460
2863 22420
2876 4040
2887 9600
2889 9440
2891 14200
2892 22420
2900 4440
2902 10600
2903 4260
2916 4860
2927 11820
2929 12840
2931 2680
2932 4260
2940 24200
2942 11420
2943 2900
2956 3960
2960 43240
2967 12400
2969 30980
2971 4400
2972 1160
