0 0
185 43240
225 16900
265 4040
267 43240
305 4860
307 16900
329 43240
345 3960
347 4040
359 43240
369 16900
385 9480
387 4860
399 16900
409 4040
425 3640
427 3960
439 4040
449 4860
465 3340
467 9480
479 4860
489 3960
505 2500
507 3640
519 3960
529 9480
545 14200
547 3340
559 9480
569 3640
585 2680
587 2500
599 3640
609 3340
625 4400
627 14200
639 3340
649 2500
665 3660
667 2680
679 2500
689 14200
705 25840
707 4400
719 14200
729 2680
745 5340
747 3660
759 2680
769 4400
785 6400
787 25840
799 4400
806 43240
809 3660
825 3460
827 5340
839 3660
846 16900
847 43240
849 25840
865 21220
867 6400
879 25840
886 4040
887 16900
889 5340
905 4820
907 3460
919 5340
926 4860
927 4040
929 6400
945 4340
947 21220
959 6400
966 3960
967 4860
969 3460
985 2680
987 4820
999 3460
1006 9480
1007 3960
1009 21220
1025 23880
1027 4340
1039 21220
1046 3640
1047 9480
1049 4820
1065 3760
1067 2680
1079 4820
1086 3340
1087 3640
1089 4340
1105 4520
1107 23880
1119 4340
1126 2500
1127 3340
1129 2680
1145 4560
1147 3760
1159 2680
1166 14200
1167 2500
1169 23880
1185 22420
1187 4520
1199 23880
1206 2680
1207 14200
1209 3760
1225 4260
1227 4560
1239 3760
1246 4400
1247 2680
1249 4520
1265 2900
1267 22420
1279 4520
1286 3660
1287 4400
1289 4560
1305 2140
1307 4260
1319 4560
1326 25840
1327 3660
1329 22420
1345 6780
1347 2900
1359 22420
1366 5340
1367 25840
1369 4260
1385 3220
1387 2140
1399 4260
1406 6400
1407 5340
1409 2900
1425 3660
1427 6780
1439 2900
1446 3460
1447 6400
1449 2140
1465 85500
1467 3220
1470 43240
1479 2140
1486 21220
1487 3460
1489 6780
1505 28540
1507 3660
1510 16900
1519 6780
1526 4820
1527 21220
1529 3220
1545 6020
1547 85500
1550 4040
1559 3220
1566 4340
1567 4820
1569 3660
1585 8580
1587 28540
1590 4860
1599 3660
1606 2680
1607 4340
1609 85500
1625 5100
1627 6020
1630 3960
1639 85500
1646 23880
1647 2680
1649 28540
1665 16740
1667 8580
1670 9480
1679 28540
1686 3760
1687 23880
1689 6020
1705 5460
1707 5100
1710 3640
1719 6020
1726 4520
1727 3760
1729 8580
1745 5360
1747 59980
1750 3340
1759 8580
1766 4560
1767 4520
1769 5100
1785 3560
1787 22360
1790 2500
1799 5100
1806 22420
1807 4560
1809 16740
1825 19800
1827 9400
1830 14200
1839 16740
1846 4260
1847 22420
1849 5460
1865 4620
1867 8420
1870 2680
1879 5460
1886 2900
1887 4260
1889 5360
1905 6020
1907 23760
1910 4400
1919 5360
1926 2140
1927 2900
1929 3560
1945 4440
1947 14100
1950 3660
1959 3560
1966 6780
1967 2140
1969 19800
1985 24200
1987 9660
1990 25840
1999 19800
2006 3220
2007 6780
2009 4620
2025 4460
2027 7780
2030 5340
2039 4620
2046 3660
2047 3220
2049 6020
2065 7180
2067 26700
2070 6400
2079 6020
2086 85500
2087 3660
2089 4440
2105 6540
2107 18660
2110 3460
2118 43240
2119 4440
2126 28540
2127 85500
2129 24200
2145 23960
2147 9860
2150 21220
2158 16900
2159 24200
2166 6020
2167 28540
2169 4460
2185 6620
2187 10940
2190 4820
2198 4040
2199 4460
2206 8580
2207 6020
2209 7180
2225 6200
2227 27620
2230 4340
2238 4860
2239 7180
2246 5100
2247 8580
2249 6540
2265 3880
2267 32460
2270 2680
2278 3960
2279 6540
2286 16740
2287 5100
2289 23960
2305 29140
2307 11540
2310 23880
2318 9480
2319 23960
2326 5460
2327 16740
2329 6620
2345 6260
2347 10280
2350 3760
2358 3640
2359 6620
2366 5360
2367 5460
2369 49440
2385 8280
2387 32600
2390 4520
2398 3340
2399 6200
2406 3560
2407 5360
2409 20780
2425 5580
2427 27480
2430 4560
2438 2500
2439 3880
2446 19800
2447 3560
2449 33180
2465 24420
2467 13100
2470 22420
2478 14200
2479 29140
2486 4620
2487 19800
2489 11120
2505 5740
2507 9920
2510 4260
2518 2680
2519 6260
2526 6020
2527 4620
2529 12240
2545 7460
2547 27100
2550 2900
2558 4400
2559 8280
2566 4440
2567 6020
2569 15060
2585 5040
2587 29620
2590 2140
2598 3660
2599 5580
2606 24200
2607 4440
2609 28060
2625 9180
2627 11220
2630 6780
2638 25840
2639 24420
2646 4460
2647 24200
2649 9080
2665 5140
2667 9560
2670 3220
2678 5340
2679 5740
2686 7180
2687 4460
2689 9960
2705 6380
2707 13740
2710 3660
2718 6400
2719 7460
2726 6540
2727 7180
2729 19240
2745 114340
2747 27560
2750 85500
2758 3460
2759 5040
2766 23960
2767 6540
2769 11860
2785 26100
2787 10640
2790 28540
2798 21220
2799 9180
2806 6620
2807 23960
2809 9540
2825 6000
2827 117240
2830 6020
2838 4820
2839 5140
2846 6200
2847 6620
2849 10040
2865 9080
2867 28240
2870 8580
2878 4340
2879 6380
2886 3880
2887 6200
2889 140180
2905 5860
2907 12780
2910 5100
2918 2680
2919 114340
2926 29140
2927 3880
2929 31440
2945 23580
2947 12300
2950 16740
2958 23880
2959 26100
2966 6260
2967 29140
2969 12400
2978 43240
2985 6480
2987 9520
2990 48700
2998 1692
