0 0
134 43240
143 43240
174 16900
183 16900
214 4040
223 4040
254 4860
263 4860
272 43240
294 3960
303 3960
312 16900
321 43240
334 9480
343 9480
352 4040
361 16900
374 3640
383 3640
392 4860
401 4040
414 3340
423 3340
432 3960
441 4860
454 2500
463 2500
472 9480
481 3960
494 14200
503 14200
512 3640
521 9480
534 2680
543 2680
552 3340
561 3640
574 4400
583 4400
592 2500
601 3340
614 3660
623 3660
632 14200
641 2500
654 25840
663 25840
672 2680
681 14200
694 5340
703 5340
712 4400
721 2680
734 6400
743 6400
752 3660
761 4400
774 3460
783 3460
792 25840
801 3660
814 21220
823 21220
832 5340
841 25840
854 4820
863 4820
872 6400
881 5340
894 4340
899 43240
903 4340
912 3460
921 6400
934 2680
939 16900
943 2680
952 21220
961 3460
974 23880
979 4040
983 23880
992 4820
1001 21220
1014 3760
1019 4860
1023 3760
1032 4340
1041 4820
1054 4520
1059 3960
1063 4520
1072 2680
1081 4340
1094 4560
1099 9480
1103 47800
1108 43240
1112 23880
1121 2680
1134 22420
1139 3640
1143 39320
1148 16900
1152 3760
1161 23880
1174 4260
1179 3340
1183 8300
1188 4040
1192 4520
1201 3760
1214 2900
1219 2500
1223 7760
1228 4860
1232 4560
1241 4520
1254 2140
1259 14200
1263 6100
1268 3960
1272 22420
1281 4560
1294 6780
1299 2680
1303 16260
1308 9480
1312 4260
1321 22420
1334 3220
1339 4400
1343 6860
1348 3640
1352 2900
1361 4260
1374 3660
1379 3660
1383 7000
1388 3340
1392 2140
1401 2900
1414 85500
1419 25840
1423 88000
1428 2500
1432 6780
1441 2140
1454 28540
1459 5340
1463 42740
1468 14200
1472 3220
1481 6780
1494 6020
1499 6400
1503 8700
1508 2680
1512 3660
1521 3220
1534 8580
1539 3460
1543 12980
1548 4400
1552 85500
1561 3660
1574 5100
1579 21220
1583 8760
1588 3660
1592 28540
1601 85500
1614 16740
1619 4820
1623 42580
1628 25840
1632 6020
1641 28540
1654 5460
1659 4340
1663 10800
1668 5340
1672 8580
1681 6020
1694 5360
1699 2680
1703 11760
1708 6400
1712 5100
1721 8580
1734 3560
1739 23880
1743 7020
1748 3460
1752 16740
1761 5100
1774 19800
1779 3760
1783 41020
1788 21220
1792 5460
1801 16740
1814 4620
1819 4520
1823 9440
1828 4820
1832 5360
1841 5460
1854 6020
1859 4560
1863 10360
1868 4340
1872 3560
1881 5360
1894 4440
1899 22420
1900 43240
1903 7120
1908 2680
1912 19800
1921 3560
1934 24200
1939 4260
1940 16900
1943 48080
1948 23880
1952 4620
1961 19800
1974 4460
1979 2900
1980 4040
1983 8220
1988 3760
1992 6020
2001 4620
2014 7180
2019 2140
2020 4860
2023 11700
2028 4520
2032 4440
2039 43240
2041 6020
2054 6540
2059 6780
2060 3960
2063 11100
2068 4560
2072 24200
2079 16900
2081 4440
2094 23960
2099 3220
2100 9480
2103 46380
2108 22420
2112 4460
2119 4040
2121 24200
2134 6620
2139 3660
2140 3640
2143 10880
2148 4260
2152 7180
2159 4860
2161 4460
2174 6200
2179 85500
2180 3340
2183 9100
2188 2900
2192 6540
2199 3960
2201 7180
2214 3880
2219 28540
2220 2500
2223 6020
2228 2140
2232 23960
2239 9480
2241 6540
2254 29140
2259 6020
2260 14200
2263 35920
2268 6780
2272 6620
2279 3640
2281 23960
2294 6260
2299 8580
2300 2680
2303 9480
2308 3220
2312 6200
2319 3340
2321 6620
2334 8280
2339 5100
2340 4400
2343 11940
2348 3660
2352 3880
2359 2500
2361 6200
2374 5580
2379 16740
2380 3660
2383 91080
2388 85500
2392 29140
2399 14200
2401 3880
2414 24420
2419 5460
2420 25840
2423 52960
2428 28540
2432 6260
2439 2680
2441 29140
2454 5740
2459 5360
2460 5340
2463 11760
2468 6020
2472 8280
2479 4400
2481 6260
2494 7460
2499 3560
2500 6400
2503 16040
2508 8580
2512 5580
2519 3660
2521 8280
2534 5040
2539 19800
2540 3460
2543 10140
2548 5100
2552 24420
2559 25840
2561 5580
2567 43240
2574 9180
2579 4620
2580 21220
2583 25920
2588 16740
2592 5740
2599 5340
2601 24420
2607 16900
2614 5140
2619 6020
2620 4820
2623 10600
2628 5460
2632 7460
2639 6400
2641 5740
2647 4040
2654 6380
2659 4440
2660 4340
2663 11740
2668 5360
2672 5040
2679 3460
2681 7460
2687 4860
2694 114340
2699 24200
2700 2680
2703 117900
2708 3560
2712 9180
2719 21220
2721 5040
2727 3960
2734 26100
2739 4460
2740 23880
2743 45900
2748 19800
2752 5140
2759 4820
2761 9180
2767 9480
2774 6000
2779 7180
2780 3760
2783 10620
2788 4620
2792 6380
2799 4340
2801 5140
2807 3640
2814 9080
2819 6540
2820 4520
2823 15100
2828 6020
2832 114340
2839 2680
2841 6380
2847 3340
2854 5860
2859 23960
2860 4560
2863 10300
2868 4440
2872 26100
2879 23880
2881 114340
2887 2500
2894 23580
2899 6620
2900 22420
2903 47780
2908 24200
2912 6000
2919 3760
2921 26100
2927 14200
2934 6480
2939 6200
2940 4260
2943 10940
2948 4460
2952 9080
2959 4520
2961 6000
2967 2680
2974 9400
2979 3880
2980 2900
