0 0
703 43240
743 16900
783 47280
823 21760
863 8000
903 14340
943 7600
983 12820
1023 6140
1063 17540
1103 5180
1116 43240
1143 18600
1156 16900
1183 6340
1196 4040
1223 30240
1236 4860
1263 9000
1276 3960
1303 32240
1316 9480
1323 43240
1343 8800
1356 3640
1363 16900
1383 27620
1395 43240
1396 3340
1403 4040
1423 8280
1435 16900
1436 2500
1443 4860
1463 25560
1475 4040
1476 14200
1483 3960
1503 7500
1515 4860
1516 2680
1523 9480
1529 43240
1543 28220
1555 3960
1556 4400
1563 3640
1569 16900
1583 6440
1595 9480
1596 3660
1603 3340
1609 4040
1623 28400
1635 3640
1636 25840
1643 2500
1649 4860
1663 8320
1675 3340
1676 5340
1683 14200
1689 3960
1703 26940
1715 2500
1716 6400
1723 2680
1729 9480
1743 8820
1755 14200
1756 3460
1763 4400
1769 3640
1783 25320
1795 2680
1796 21220
1803 3660
1809 3340
1823 6400
1835 4400
1836 4820
1843 25840
1849 2500
1860 43240
1863 9680
1875 3660
1876 4340
1883 5340
1889 14200
1900 16900
1903 5360
1915 25840
1916 2680
1923 6400
1929 2680
1940 4040
1943 10440
1955 5340
1956 23880
1963 3460
1969 4400
1980 4860
1983 88720
1995 6400
1996 3760
2003 21220
2009 3660
2020 3960
2023 32200
2035 3460
2036 4520
2043 4820
2049 25840
2060 9480
2063 91520
2075 21220
2076 4560
2083 4340
2089 5340
2100 3640
2103 37120
2115 4820
2116 22420
2123 2680
2129 6400
2140 3340
2143 11120
2155 4340
2156 4260
2163 23880
2169 3460
2180 2500
2183 25320
2195 2680
2196 2900
2203 3760
2209 21220
2220 14200
2223 10560
2235 23880
2236 2140
2243 4520
2249 4820
2260 2680
2263 22100
2275 3760
2276 6780
2283 4560
2289 4340
2300 4400
2303 9020
2315 47760
2316 3220
2323 22420
2329 2680
2340 3660
2343 25160
2355 21460
2356 3660
2363 4260
2369 23880
2380 25840
2383 8180
2395 26460
2396 85500
2403 2900
2409 3760
2420 5340
2423 25820
2435 9120
2436 28540
2443 2140
2449 4520
2460 6400
2463 9060
2475 6860
2476 6020
2483 6780
2489 4560
2500 3460
2503 30220
2515 11620
2516 8580
2523 3220
2528 43240
2529 22420
2540 21220
2543 8900
2555 10420
2556 5100
2563 3660
2568 16900
2569 4260
2580 4820
2583 31380
2595 6560
2596 16740
2601 43240
2603 85500
2608 4040
2609 2900
2620 4340
2623 11000
2635 6160
2636 5460
2641 16900
2643 28540
2648 4860
2649 2140
2660 2680
2663 31140
2675 99700
2676 5360
2681 4040
2683 6020
2688 3960
2689 6780
2700 23880
2703 13160
2715 31220
2716 3560
2721 4860
2722 43240
2723 8580
2728 9480
2729 3220
2740 3760
2743 30160
2755 10420
2756 19800
2761 3960
2762 16900
2763 5100
2768 3640
2769 3660
2780 4520
2783 10500
2795 12240
2796 4620
2801 9480
2802 4040
2803 16740
2808 3340
2809 85500
2820 4560
2823 35340
2835 30940
2836 6020
2841 3640
2842 4860
2843 5460
2848 2500
2849 28540
2860 22420
2863 10140
2875 22080
2876 4440
2881 3340
2882 3960
2883 5360
2888 14200
2889 6020
2900 4260
2903 37420
2915 11860
2916 24200
2921 2500
2922 9480
2923 3560
2928 2680
2929 8580
2940 2900
2943 11840
2955 8820
2956 4460
2961 14200
2962 3640
2963 19800
2968 47640
2969 5100
2980 2140
2983 32700
2995 7427
