0 0
154 43240
194 16900
234 4040
274 4860
314 3960
354 9480
394 3640
406 43240
434 3340
437 43240
446 16900
474 2500
477 16900
486 4040
514 14200
517 4040
526 4860
554 2680
557 4860
566 3960
594 4400
597 3960
606 9480
634 3660
637 9480
646 3640
674 25840
677 3640
686 3340
714 5340
717 3340
726 2500
754 6400
757 2500
766 14200
794 3460
797 14200
806 2680
834 21220
837 2680
846 4400
874 4820
877 4400
886 3660
914 4340
917 3660
926 25840
954 2680
957 25840
966 5340
994 23880
997 5340
1006 6400
1034 3760
1037 6400
1046 3460
1049 43240
1074 4520
1077 3460
1086 21220
1087 43240
1089 16900
1114 4560
1117 21220
1126 4820
1127 16900
1129 4040
1154 22420
1157 4820
1166 4340
1167 4040
1169 4860
1194 4260
1197 4340
1206 2680
1207 4860
1209 3960
1234 2900
1237 2680
1246 23880
1247 3960
1249 9480
1274 2140
1277 23880
1286 3760
1287 9480
1289 3640
1314 6780
1317 3760
1326 4520
1327 3640
1329 3340
1354 3220
1357 4520
1366 4560
1367 3340
1369 2500
1393 43240
1394 3660
1397 4560
1406 22420
1407 2500
1409 14200
1433 16900
1434 85500
1437 22420
1446 4260
1447 14200
1449 2680
1473 4040
1474 28540
1477 4260
1486 2900
1487 2680
1489 4400
1513 4860
1514 6020
1517 2900
1526 2140
1527 4400
1529 3660
1553 3960
1554 8580
1557 2140
1566 6780
1567 3660
1569 25840
1593 9480
1594 5100
1597 6780
1606 3220
1607 25840
1609 5340
1633 3640
1634 16740
1637 3220
1646 3660
1647 5340
1649 6400
1673 3340
1674 5460
1677 3660
1686 85500
1687 6400
1689 3460
1713 2500
1714 5360
1717 85500
1726 28540
1727 3460
1729 21220
1753 14200
1754 3560
1757 28540
1766 6020
1767 21220
1769 4820
1793 2680
1794 19800
1797 6020
1806 8580
1807 4820
1809 4340
1833 4400
1834 4620
1837 8580
1846 5100
1847 4340
1849 2680
1873 3660
1874 6020
1877 5100
1886 16740
1887 2680
1889 23880
1913 25840
1914 4440
1917 16740
1926 5460
1927 23880
1929 3760
1953 5340
1954 24200
1957 5460
1966 5360
1967 3760
1969 4520
1993 6400
1994 4460
1997 5360
2006 3560
2007 4520
2009 4560
2033 3460
2034 7180
2037 46800
2046 19800
2047 4560
2049 22420
2073 21220
2074 6540
2077 36700
2086 4620
2087 22420
2089 4260
2113 4820
2114 23960
2117 8660
2126 6020
2127 4260
2129 2900
2153 4340
2154 6620
2157 10880
2166 4440
2167 2900
2169 2140
2193 2680
2194 6200
2197 8400
2206 24200
2207 2140
2209 6780
2233 23880
2234 3880
2237 33680
2246 4460
2247 6780
2249 3220
2273 3760
2274 29140
2277 8100
2286 7180
2287 3220
2289 3660
2313 4520
2314 6260
2317 10520
2326 6540
2327 3660
2329 85500
2353 4560
2354 8280
2357 9040
2366 23960
2367 85500
2369 28540
2393 22420
2394 5580
2397 38160
2406 6620
2407 28540
2409 6020
2432 43240
2433 4260
2434 24420
2437 9300
2446 6200
2447 6020
2449 8580
2472 16900
2473 2900
2474 5740
2477 10600
2478 43240
2485 43240
2486 3880
2487 8580
2489 5100
2512 4040
2513 2140
2514 7460
2517 7540
2518 16900
2525 16900
2526 29140
2527 5100
2529 16740
2552 4860
2553 6780
2554 5040
2557 54980
2558 4040
2565 4040
2566 6260
2567 16740
2569 5460
2592 3960
2593 3220
2594 9180
2597 11600
2598 4860
2605 4860
2606 8280
2607 5460
2609 5360
2632 9480
2633 3660
2634 5140
2637 14680
2638 3960
2645 3960
2646 5580
2647 5360
2649 3560
2672 3640
2673 85500
2674 6380
2677 9040
2678 9480
2685 9480
2686 24420
2687 3560
2689 19800
2712 3340
2713 28540
2714 114340
2717 45640
2718 3640
2725 3640
2726 5740
2727 19800
2729 4620
2752 2500
2753 6020
2754 26100
2757 10560
2758 3340
2765 3340
2766 7460
2767 4620
2769 6020
2792 14200
2793 8580
2794 6000
2797 11800
2798 2500
2805 2500
2806 5040
2807 6020
2809 4440
2832 2680
2833 5100
2834 9080
2837 7720
2838 14200
2845 14200
2846 9180
2847 4440
2849 24200
2872 4400
2873 16740
2874 5860
2877 33060
2878 2680
2885 2680
2886 5140
2887 24200
2889 4460
2899 43240
2912 3660
2913 5460
2914 23580
2917 8900
2918 4400
2925 4400
2926 6380
2927 4460
2929 7180
2939 16900
2952 25840
2953 5360
2954 6480
2957 10900
2958 3660
2961 43240
2965 3660
2966 114340
2967 7180
2969 6540
2977 43240
2979 4040
2992 5340
2993 3560
2994 9400
