0 0
206 43240
246 16900
286 4040
326 4860
366 3960
402 43240
406 9480
442 16900
446 3640
482 4040
486 3340
522 4860
526 2500
562 3960
566 14200
602 9480
606 2680
642 3640
646 4400
682 3340
686 3660
722 2500
726 25840
762 14200
766 5340
802 2680
806 6400
842 4400
846 3460
882 3660
886 21220
922 25840
926 4820
962 5340
966 4340
1000 43240
1002 6400
1006 2680
1038 43240
1040 16900
1042 3460
1046 23880
1078 16900
1080 4040
1082 21220
1086 3760
1092 43240
1116 43240
1118 4040
1120 4860
1122 4820
1126 4520
1132 16900
1156 16900
1158 4860
1160 3960
1162 4340
1166 4560
1172 4040
1175 43240
1196 4040
1198 3960
1200 9480
1202 2680
1206 22420
1212 4860
1215 16900
1236 4860
1238 9480
1240 3640
1242 23880
1246 4260
1252 3960
1255 4040
1276 3960
1278 3640
1280 3340
1282 3760
1286 2900
1292 9480
1295 4860
1316 9480
1318 3340
1320 2500
1322 4520
1326 2140
1332 3640
1335 3960
1356 3640
1358 2500
1360 14200
1362 4560
1366 6780
1372 3340
1375 9480
1396 3340
1398 14200
1400 2680
1402 22420
1406 3220
1412 2500
1415 3640
1436 2500
1438 2680
1440 4400
1442 4260
1446 3660
1452 14200
1455 3340
1476 14200
1478 4400
1480 3660
1482 2900
1486 85500
1492 2680
1495 2500
1516 2680
1518 3660
1520 25840
1522 2140
1526 28540
1532 4400
1535 14200
1556 4400
1558 25840
1560 5340
1562 6780
1566 6020
1572 3660
1575 2680
1596 3660
1598 5340
1600 6400
1602 3220
1606 8580
1612 25840
1613 43240
1615 4400
1636 25840
1638 6400
1640 3460
1642 3660
1646 5100
1652 5340
1653 16900
1655 46900
1676 5340
1678 46700
1680 21220
1682 85500
1686 16740
1692 6400
1693 4040
1695 42740
1716 6400
1718 38120
1720 4820
1722 28540
1726 5460
1732 3460
1733 4860
1735 9380
1756 3460
1758 8860
1760 4340
1762 6020
1766 5360
1772 21220
1773 3960
1775 11260
1796 21220
1798 9200
1800 2680
1802 8580
1806 3560
1812 4820
1813 9480
1815 7420
1836 4820
1838 6640
1840 23880
1842 5100
1846 19800
1852 4340
1853 3640
1855 30700
1876 4340
1878 33360
1880 3760
1882 16740
1886 4620
1892 2680
1893 3340
1895 8460
1916 2680
1918 7400
1920 4520
1922 5460
1926 6020
1932 23880
1933 2500
1935 7680
1956 23880
1958 7860
1960 4560
1962 5360
1966 4440
1972 3760
1973 14200
1975 5180
1996 3760
1998 7060
2000 22420
2002 3560
2006 24200
2012 4520
2013 2680
2015 38080
2036 4520
2038 36620
2040 4260
2042 19800
2046 4460
2052 4560
2053 4400
2055 6440
2076 4560
2078 6940
2080 2900
2082 4620
2086 7180
2092 22420
2093 3660
2095 8920
2116 22420
2118 7300
2120 2140
2122 6020
2126 6540
2132 4260
2133 25840
2135 8220
2156 4260
2158 5800
2160 6780
2162 4440
2166 23960
2172 2900
2173 5340
2175 48260
2196 2900
2198 32620
2200 3220
2202 24200
2206 6620
2212 2140
2213 6400
2215 9600
2233 43240
2236 2140
2238 8560
2240 3660
2242 4460
2246 6200
2252 6780
2253 3460
2255 9300
2273 16900
2276 6780
2278 10060
2280 85500
2282 7180
2286 3880
2292 3220
2293 21220
2295 5600
2313 4040
2316 3220
2318 88960
2320 28540
2322 6540
2326 29140
2332 3660
2333 4820
2335 28000
2353 4860
2356 3660
2358 49760
2360 6020
2362 23960
2366 6260
2372 85500
2373 4340
2375 8040
2393 3960
2396 85500
2398 10840
2400 8580
2402 6620
2406 8280
2412 28540
2413 2680
2415 8000
2433 9480
2436 28540
2438 12920
2440 5100
2442 6200
2446 5580
2452 6020
2453 23880
2455 88180
2473 3640
2476 6020
2478 7780
2480 16740
2482 3880
2486 24420
2492 8580
2493 3760
2495 52420
2513 3340
2516 8580
2518 40620
2520 5460
2522 72380
2526 5740
2532 5100
2533 4520
2535 9780
2553 2500
2556 5100
2558 9220
2560 5360
2562 23160
2566 7460
2572 16740
2573 4560
2575 13100
2593 14200
2596 16740
2598 9880
2600 3560
2602 12320
2606 5040
2612 5460
2613 22420
2615 9660
2633 2680
2636 5460
2638 8120
2639 43240
2640 19800
2642 10440
2646 9180
2652 5360
2653 4260
2655 82400
2673 4400
2676 5360
2678 42220
2679 16900
2680 4620
2682 28380
2686 5140
2692 3560
2693 2900
2695 26620
2713 3660
2716 3560
2718 8880
2719 4040
2720 6020
2722 15220
2726 6380
2732 19800
2733 2140
2735 12300
2753 25840
2756 19800
2758 8920
2759 4860
2760 4440
2762 11100
2766 114340
2772 4620
2773 6780
2775 10560
2793 5340
2796 4620
2798 6580
2799 3960
2800 24200
2802 8380
2806 26100
2812 6020
2813 3220
2815 30540
2833 6400
2836 6020
2838 30980
2839 9480
2840 4460
2842 11680
2846 6000
2852 4440
2853 3660
2855 17320
2873 3460
2876 4440
2878 7680
2879 3640
2880 7180
2882 19340
2886 9080
2892 24200
2893 85500
2895 13320
2913 21220
2916 24200
2918 10840
2919 3340
2920 6540
2922 9060
2926 5860
2932 4460
2933 28540
2935 93280
2953 4820
2956 4460
2958 92040
2959 2500
2960 23960
2962 118740
2966 23580
2972 7180
2973 6020
2975 55240
2993 4340
2996 7180
2998 52500
2999 8520
