0 0
290 43240
330 16900
332 43240
349 43240
370 4040
372 16900
389 16900
410 4860
412 4040
429 4040
450 3960
452 4860
469 4860
490 9480
492 3960
509 3960
530 3640
532 9480
549 9480
570 3340
572 3640
589 3640
610 2500
612 3340
629 3340
650 14200
652 2500
669 2500
690 2680
692 14200
709 14200
730 4400
732 2680
749 2680
770 3660
772 4400
787 43240
789 4400
810 25840
812 3660
827 16900
829 3660
850 5340
852 25840
867 4040
869 25840
890 6400
892 5340
907 4860
909 5340
930 3460
932 6400
947 3960
949 6400
970 21220
972 3460
987 9480
989 3460
1010 4820
1012 21220
1027 3640
1029 21220
1050 4340
1052 4820
1067 3340
1069 4820
1090 2680
1092 4340
1107 2500
1109 4340
1128 43240
1130 23880
1132 2680
1147 14200
1149 2680
1168 16900
1170 3760
1172 23880
1187 2680
1189 23880
1208 4040
1210 4520
1212 3760
1227 4400
1229 3760
1248 4860
1250 4560
1252 4520
1267 3660
1269 4520
1288 3960
1290 22420
1292 4560
1307 25840
1309 4560
1328 9480
1330 4260
1332 22420
1339 43240
1347 5340
1349 22420
1368 3640
1370 2900
1372 4260
1379 16900
1387 6400
1389 4260
1408 3340
1410 2140
1412 2900
1419 4040
1427 3460
1429 2900
1448 2500
1450 6780
1452 2140
1459 4860
1467 21220
1469 2140
1488 14200
1490 3220
1492 6780
1499 3960
1507 4820
1509 6780
1528 2680
1530 3660
1532 3220
1539 9480
1547 4340
1549 3220
1568 4400
1570 85500
1572 3660
1579 3640
1587 2680
1589 3660
1608 3660
1610 28540
1612 85500
1619 3340
1627 23880
1629 85500
1648 25840
1650 6020
1652 28540
1659 2500
1667 3760
1669 28540
1688 5340
1690 8580
1692 6020
1699 14200
1707 4520
1709 6020
1728 6400
1730 5100
1732 8580
1739 2680
1747 4560
1749 8580
1768 3460
1770 16740
1772 5100
1779 4400
1787 65660
1789 5100
1808 21220
1810 5460
1812 16740
1819 3660
1827 21160
1829 16740
1848 4820
1850 5360
1852 5460
1859 25840
1867 6940
1869 5460
1888 4340
1890 3560
1892 5360
1899 5340
1907 7000
1909 5360
1928 2680
1930 19800
1932 3560
1939 6400
1947 10740
1949 3560
1968 23880
1970 4620
1972 19800
1979 3460
1987 12700
1989 19800
2008 3760
2010 6020
2012 4620
2019 21220
2027 7300
2029 4620
2048 4520
2050 4440
2052 6020
2059 4820
2067 88840
2069 6020
2088 4560
2090 24200
2092 4440
2099 4340
2107 31040
2109 4440
2128 22420
2130 4460
2132 24200
2139 2680
2147 20220
2149 24200
2168 4260
2170 7180
2172 4460
2179 23880
2187 11260
2189 4460
2208 2900
2210 6540
2212 7180
2219 3760
2227 9500
2229 7180
2248 2140
2250 23960
2252 6540
2259 4520
2267 20400
2269 6540
2279 43240
2288 6780
2290 6620
2292 23960
2299 4560
2307 31300
2309 23960
2319 16900
2328 3220
2330 6200
2332 6620
2339 22420
2347 10700
2349 6620
2359 4040
2368 3660
2370 3880
2372 6200
2379 4260
2387 9960
2389 6200
2399 4860
2408 85500
2410 29140
2412 3880
2419 46140
2427 23260
2429 3880
2439 3960
2448 28540
2450 6260
2452 29140
2459 62280
2467 25840
2469 29140
2479 9480
2488 6020
2490 8280
2492 6260
2499 27720
2507 10840
2509 6260
2519 3640
2528 8580
2530 5580
2532 8280
2539 12120
2547 8780
2549 8280
2559 3340
2567 43240
2568 5100
2570 24420
2572 5580
2579 12480
2587 26880
2589 5580
2599 2500
2607 16900
2608 16740
2610 5740
2612 24420
2619 98940
2627 28340
2629 24420
2639 14200
2647 4040
2648 5460
2650 7460
2652 5740
2659 41660
2667 10940
2669 5740
2679 2680
2687 4860
2688 5360
2690 5040
2692 7460
2699 13000
2707 11060
2709 7460
2719 4400
2727 3960
2728 3560
2730 9180
2732 5040
2739 14420
2747 28520
2749 5040
2759 3660
2767 9480
2768 19800
2770 5140
2772 9180
2779 21800
2787 29040
2789 9180
2799 25840
2807 3640
2808 4620
2810 6380
2812 5140
2819 33620
2827 10460
2829 5140
2839 5340
2847 3340
2848 6020
2850 114340
2852 6380
2859 12540
2867 6780
2869 6380
2879 6400
2887 2500
2888 4440
2890 26100
2892 114340
2899 13420
2907 31280
2909 114340
2919 3460
2927 14200
2928 24200
2930 6000
2932 26100
2939 33060
2947 13040
2949 26100
2959 21220
2967 2680
2968 4460
2970 9080
2972 6000
