0 0
609 43240
649 16900
689 4040
729 4860
769 3960
809 9480
849 3640
889 3340
907 43240
911 43240
929 2500
947 16900
951 16900
969 14200
987 4040
991 4040
1009 2680
1027 4860
1031 4860
1049 4400
1067 3960
1071 3960
1089 3660
1107 9480
1111 9480
1129 25840
1147 3640
1151 3640
1169 5340
1187 3340
1191 3340
1209 6400
1227 2500
1231 2500
1249 3460
1267 14200
1271 14200
1289 21220
1307 2680
1311 2680
1329 4820
1347 4400
1351 4400
1369 4340
1387 3660
1391 3660
1409 2680
1427 25840
1431 25840
1449 23880
1467 48580
1471 5340
1489 3760
1507 23300
1511 6400
1529 4520
1547 7500
1551 3460
1569 4560
1587 26080
1591 21220
1609 22420
1627 8780
1631 4820
1649 4260
1667 13820
1671 4340
1689 2900
1707 6320
1711 2680
1729 2140
1747 27220
1751 23880
1769 6780
1787 6260
1791 3760
1809 3220
1827 18720
1831 4520
1849 3660
1867 7240
1871 4560
1872 43240
1889 85500
1907 26820
1911 22420
1912 16900
1929 28540
1947 7920
1951 4260
1952 4040
1969 6020
1987 28740
1991 2900
1992 4860
2009 8580
2027 7480
2031 2140
2032 3960
2049 5100
2067 13180
2071 6780
2072 9480
2089 16740
2107 6680
2111 3220
2112 3640
2129 5460
2147 24880
2151 3660
2152 3340
2169 5360
2187 90320
2191 128740
2192 2500
2209 3560
2227 32880
2231 45440
2232 14200
2249 19800
2267 8700
2271 10060
2272 2680
2289 4620
2307 32460
2311 13440
2312 4400
2329 6020
2347 8860
2351 9060
2352 3660
2369 4440
2382 43240
2387 21260
2391 26220
2392 25840
2409 24200
2422 16900
2427 10020
2431 9100
2432 5340
2449 4460
2462 4040
2467 27780
2471 8700
2472 6400
2489 7180
2502 4860
2507 7820
2511 6060
2512 3460
2529 6540
2542 3960
2547 22700
2551 34000
2552 21220
2569 23960
2582 9480
2587 6760
2591 7300
2592 4820
2609 6620
2622 3640
2627 12800
2631 10420
2632 4340
2649 6200
2662 3340
2667 7660
2671 8100
2672 2680
2689 3880
2702 2500
2707 27860
2711 50040
2712 23880
2729 29140
2742 14200
2747 89960
2751 9800
2752 3760
2769 6260
2782 2680
2787 35720
2791 13580
2792 4520
2809 8280
2822 4400
2827 12560
2829 43240
2831 10000
2832 4560
2849 5580
2857 43240
2862 3660
2867 32540
2869 16900
2871 45180
2872 22420
2889 24420
2897 16900
2902 25840
2907 11720
2909 4040
2911 11440
2912 4260
2929 5740
2937 4040
2942 5340
2947 22940
2949 4860
2951 10540
2952 2900
2969 7460
2977 4860
2982 6400
