0 0
215 43240
255 16900
295 4040
335 4860
375 3960
415 9480
455 3640
495 3340
535 2500
575 14200
615 2680
655 4400
695 3660
735 69080
775 22240
796 43240
815 10440
836 16900
855 8320
876 4040
895 25180
916 4860
935 14300
956 3960
975 7980
996 9480
1015 6020
1036 3640
1055 26380
1070 43240
1076 3340
1095 17960
1110 16900
1116 2500
1135 7200
1150 4040
1156 14200
1175 8960
1190 4860
1196 2680
1215 26080
1230 3960
1236 4400
1241 43240
1255 30100
1270 9480
1276 3660
1281 16900
1295 8240
1310 3640
1316 25840
1321 4040
1335 8540
1350 3340
1356 5340
1361 4860
1375 10240
1390 2500
1396 6400
1401 3960
1415 24440
1430 14200
1436 3460
1441 9480
1455 8480
1470 2680
1476 21220
1481 3640
1495 89840
1510 4400
1516 4820
1521 3340
1535 31220
1550 3660
1556 4340
1561 2500
1575 29900
1590 25840
1596 2680
1601 14200
1615 12340
1625 43240
1630 5340
1636 23880
1641 2680
1655 9620
1665 16900
1670 6400
1676 3760
1681 4400
1695 21300
1705 4040
1710 3460
1716 4520
1721 3660
1735 27880
1745 4860
1750 21220
1756 4560
1761 25840
1775 9620
1785 3960
1790 4820
1796 22420
1801 5340
1807 43240
1815 6460
1825 9480
1830 4340
1836 4260
1841 6400
1847 16900
1855 21940
1865 3640
1870 2680
1876 2900
1881 3460
1887 4040
1895 11400
1905 3340
1910 23880
1916 2140
1921 21220
1927 4860
1935 9240
1945 2500
1950 3760
1956 6780
1961 4820
1967 3960
1975 8100
1985 14200
1990 4520
1996 3220
2001 4340
2007 9480
2015 109700
2025 2680
2030 4560
2036 3660
2041 2680
2047 3640
2055 33000
2065 4400
2070 22420
2076 85500
2081 23880
2087 3340
2095 13200
2105 3660
2110 4260
2116 28540
2121 3760
2127 2500
2135 15120
2145 25840
2150 2900
2156 6020
2161 4520
2167 14200
2175 29060
2185 5340
2190 2140
2196 8580
2201 4560
2206 43240
2207 2680
2215 23360
2225 6400
2230 6780
2232 43240
2236 5100
2241 22420
2246 16900
2247 4400
2255 11660
2265 3460
2270 3220
2272 16900
2276 16740
2281 4260
2286 4040
2287 3660
2295 9240
2298 43240
2305 21220
2310 3660
2312 4040
2316 5460
2321 2900
2326 4860
2327 25840
2335 32700
2338 16900
2345 4820
2350 85500
2352 4860
2356 5360
2361 2140
2366 3960
2367 5340
2375 26060
2378 4040
2383 43240
2385 4340
2390 28540
2392 3960
2396 3560
2401 6780
2406 9480
2407 6400
2415 12900
2418 4860
2423 16900
2425 2680
2430 6020
2432 9480
2436 19800
2441 3220
2446 3640
2447 3460
2450 43240
2455 11600
2458 3960
2463 4040
2465 23880
2470 8580
2472 3640
2476 4620
2481 3660
2486 3340
2487 21220
2490 16900
2495 28860
2498 9480
2503 4860
2505 3760
2510 5100
2512 3340
2516 6020
2521 85500
2526 2500
2527 4820
2530 4040
2535 29940
2538 3640
2543 3960
2545 4520
2550 16740
2552 2500
2556 4440
2561 28540
2566 14200
2567 4340
2570 4860
2575 11920
2578 3340
2583 9480
2585 4560
2590 5460
2592 14200
2596 24200
2601 6020
2606 2680
2607 2680
2610 3960
2615 12220
2618 2500
2623 3640
2625 22420
2630 5360
2632 2680
2636 4460
2641 8580
2646 4400
2647 23880
2650 9480
2655 15720
2658 14200
2663 3340
2665 4260
2670 3560
2672 4400
2676 7180
2681 5100
2686 3660
2687 3760
2690 3640
2695 29100
2698 2680
2703 2500
2705 2900
2710 19800
2712 3660
2716 6540
2721 16740
2726 25840
2727 4520
2730 3340
2735 13000
2738 4400
2743 14200
2745 2140
2750 4620
2752 25840
2756 23960
2761 5460
2766 5340
2767 4560
2770 2500
2775 120540
2778 3660
2783 2680
2785 50020
2790 6020
2792 5340
2796 6620
2801 5360
2806 6400
2807 22420
2810 14200
2815 29980
2818 25840
2823 4400
2825 20120
2830 4440
2832 6400
2836 6200
2841 3560
2846 3460
2847 4260
2850 2680
2855 35140
2858 5340
2863 3660
2865 7700
2870 24200
2872 3460
2876 3880
2881 19800
2886 21220
2887 2900
2890 4400
2895 15340
2898 6400
2903 25840
2905 90360
2910 4460
2912 21220
2916 29140
2921 4620
2926 4820
2927 2140
2930 3660
2935 14140
2938 3460
2943 5340
2945 32500
2950 7180
2952 4820
2956 6260
2961 6020
2965 43240
2966 4340
2967 6780
2970 25840
2975 29160
2978 21220
2983 6400
2985 15500
2990 2289
