0 0
176 43240
210 43240
216 16900
250 16900
256 4040
290 4040
296 4860
330 4860
336 3960
370 3960
376 9480
410 9480
416 3640
450 3640
455 43240
456 3340
490 3340
495 16900
496 2500
530 2500
535 4040
536 14200
570 14200
575 4860
576 2680
610 2680
615 3960
616 4400
650 4400
655 9480
656 3660
672 43240
690 3660
695 3640
696 25840
711 43240
712 16900
730 25840
735 3340
736 5340
751 16900
752 4040
770 5340
775 2500
776 6400
791 4040
792 4860
810 6400
815 14200
816 3460
831 4860
832 3960
850 3460
855 2680
856 21220
871 3960
872 9480
890 21220
895 4400
896 4820
911 9480
912 3640
930 4820
935 3660
936 4340
951 3640
952 3340
970 4340
975 25840
976 2680
991 3340
992 2500
1010 2680
1015 5340
1016 23880
1031 2500
1032 14200
1050 23880
1055 6400
1056 3760
1071 14200
1072 2680
1090 3760
1095 3460
1096 4520
1111 2680
1112 4400
1130 4520
1135 21220
1136 4560
1151 4400
1152 3660
1170 4560
1175 4820
1176 22420
1191 3660
1192 25840
1210 22420
1215 4340
1216 4260
1231 25840
1232 5340
1250 4260
1255 2680
1256 2900
1271 5340
1272 6400
1289 43240
1290 2900
1295 23880
1296 2140
1311 6400
1312 3460
1329 16900
1330 2140
1335 3760
1336 6780
1351 3460
1352 21220
1355 43240
1369 4040
1370 6780
1375 4520
1376 3220
1391 21220
1392 4820
1395 16900
1409 4860
1410 3220
1415 4560
1416 3660
1424 43240
1431 4820
1432 4340
1435 4040
1449 3960
1450 3660
1455 22420
1456 85500
1464 16900
1471 4340
1472 2680
1475 4860
1489 9480
1490 85500
1495 4260
1496 28540
1504 4040
1511 2680
1512 23880
1515 3960
1516 43240
1529 3640
1530 28540
1535 2900
1536 6020
1544 4860
1551 23880
1552 3760
1555 9480
1556 16900
1569 3340
1570 6020
1575 2140
1576 8580
1584 3960
1591 3760
1592 4520
1595 3640
1596 4040
1609 2500
1610 8580
1615 6780
1616 5100
1624 9480
1631 4520
1632 4560
1635 3340
1636 4860
1649 14200
1650 5100
1655 3220
1656 16740
1664 3640
1671 4560
1672 22420
1675 2500
1676 3960
1689 2680
1690 16740
1695 3660
1696 5460
1704 3340
1711 22420
1712 4260
1715 14200
1716 9480
1729 4400
1730 5460
1735 85500
1736 5360
1744 2500
1751 4260
1752 2900
1755 2680
1756 3640
1769 3660
1770 5360
1775 28540
1776 3560
1784 14200
1791 2900
1792 2140
1795 4400
1796 3340
1809 25840
1810 3560
1815 6020
1816 19800
1824 2680
1831 2140
1832 6780
1835 3660
1836 2500
1849 5340
1850 19800
1855 8580
1856 4620
1864 4400
1871 6780
1872 3220
1874 43240
1875 25840
1876 14200
1889 6400
1890 4620
1895 5100
1896 6020
1904 3660
1911 3220
1912 3660
1914 16900
1915 5340
1916 2680
1929 3460
1930 6020
1935 16740
1936 4440
1944 25840
1946 43240
1951 3660
1952 85500
1954 4040
1955 6400
1956 4400
1969 21220
1970 4440
1975 5460
1976 24200
1984 5340
1986 16900
1991 85500
1992 28540
1994 4860
1995 3460
1996 3660
2009 4820
2010 24200
2015 5360
2016 4460
2024 6400
2026 4040
2031 28540
2032 6020
2034 3960
2035 21220
2036 25840
2049 4340
2050 4460
2055 3560
2056 7180
2064 3460
2066 4860
2071 6020
2072 8580
2074 9480
2075 4820
2076 5340
2089 2680
2090 7180
2095 19800
2096 6540
2104 21220
2106 3960
2111 8580
2112 5100
2114 3640
2115 4340
2116 6400
2129 23880
2130 6540
2135 4620
2136 23960
2144 4820
2146 9480
2151 5100
2152 16740
2154 3340
2155 2680
2156 3460
2169 3760
2170 23960
2175 6020
2176 6620
2184 4340
2186 3640
2191 16740
2192 5460
2194 2500
2195 23880
2196 21220
2209 47760
2210 6620
2215 4440
2216 6200
2224 2680
2226 3340
2231 5460
2232 5360
2234 14200
2235 3760
2236 4820
2249 21460
2250 6200
2255 24200
2256 3880
2264 23880
2266 2500
2271 5360
2272 3560
2274 2680
2275 4520
2276 4340
2289 26460
2290 3880
2295 4460
2296 29140
2304 3760
2306 14200
2311 3560
2312 19800
2314 4400
2315 4560
2316 2680
2329 9120
2330 29140
2335 7180
2336 6260
2344 4520
2346 2680
2351 19800
2352 4620
2354 3660
2355 22420
2356 23880
2369 6860
2370 6260
2375 6540
2376 8280
2384 4560
2386 4400
2391 4620
2392 6020
2394 25840
2395 4260
2396 3760
2409 11620
2410 8280
2415 23960
2416 5580
2424 22420
2426 3660
2431 6020
2432 4440
2434 5340
2435 2900
2436 4520
2449 10420
2450 5580
2455 6620
2456 24420
2464 4260
2466 25840
2471 4440
2472 24200
2474 6400
2475 2140
2476 4560
2489 6560
2490 24420
2495 6200
2496 5740
2504 2900
2506 5340
2511 24200
2512 4460
2514 3460
2515 6780
2516 22420
2529 6160
2530 5740
2535 3880
2536 7460
2544 2140
2546 6400
2551 4460
2552 7180
2554 21220
2555 3220
2556 4260
2569 99700
2570 7460
2575 29140
2576 5040
2584 6780
2586 3460
2591 7180
2592 6540
2594 4820
2595 3660
2596 2900
2609 31220
2610 48280
2615 6260
2616 9180
2624 3220
2626 21220
2631 6540
2632 23960
2634 4340
2635 85500
2636 2140
2649 10420
2650 26080
2655 8280
2656 5140
2664 3660
2666 4820
2671 23960
2672 6620
2674 2680
2675 28540
2676 6780
2689 12240
2690 9180
2695 5580
2696 6380
2704 85500
2706 4340
2711 6620
2712 6200
2714 23880
2715 6020
2716 3220
2729 30940
2730 11240
2735 24420
2736 114340
2744 28540
2746 2680
2751 6200
2752 3880
2754 3760
2755 8580
2756 3660
2769 22080
2770 118300
2775 5740
2776 26100
2784 6020
2786 23880
2791 3880
2792 29140
2794 4520
2795 5100
2796 85500
2809 11860
2810 35580
2815 7460
2816 6000
2824 8580
2826 3760
2831 29140
2832 6260
2834 4560
2835 16740
2836 28540
2849 8820
2850 9640
2855 5040
2856 9080
2864 5100
2866 4520
2871 6260
2872 8280
2874 22420
2875 5460
2876 6020
2889 24780
2890 12420
2895 9180
2896 5860
2904 16740
2906 4560
2911 8280
2912 5580
2914 4260
2915 5360
2916 8580
2929 24620
2930 8360
2935 5140
2936 23580
2944 5460
2946 22420
2951 5580
2952 24420
2954 2900
2955 3560
2956 5100
2969 8960
2970 37780
2975 6380
2976 6480
2984 5360
2986 4260
2991 24420
2992 5740
