0 0
403 43240
443 16900
483 4040
504 43240
523 4860
544 16900
563 3960
584 4040
589 43240
603 9480
624 4860
629 16900
643 3640
664 3960
669 4040
683 3340
704 9480
709 4860
723 2500
744 3640
749 3960
763 14200
784 3340
789 9480
803 2680
819 43240
824 2500
829 3640
843 4400
859 16900
864 14200
869 3340
883 3660
899 4040
904 2680
909 2500
923 25840
939 4860
944 4400
949 14200
963 5340
979 3960
984 3660
989 2680
1003 6400
1019 9480
1024 25840
1029 4400
1043 3460
1059 3640
1064 5340
1066 43240
1069 3660
1083 21220
1099 3340
1104 6400
1106 16900
1109 25840
1123 4820
1139 2500
1144 3460
1146 4040
1149 5340
1163 4340
1179 14200
1184 21220
1186 4860
1189 6400
1203 2680
1207 43240
1219 2680
1224 4820
1226 3960
1229 3460
1243 23880
1247 16900
1259 4400
1264 4340
1266 9480
1269 21220
1283 3760
1287 4040
1299 3660
1304 2680
1306 3640
1309 4820
1323 4520
1327 4860
1339 25840
1344 23880
1346 3340
1349 4340
1363 4560
1367 3960
1379 5340
1384 3760
1386 2500
1389 2680
1403 22420
1407 9480
1419 6400
1424 4520
1426 14200
1429 23880
1443 4260
1447 3640
1459 3460
1464 4560
1466 2680
1469 3760
1483 2900
1487 3340
1499 21220
1504 22420
1506 4400
1509 4520
1523 2140
1527 2500
1539 4820
1541 43240
1544 4260
1546 3660
1549 4560
1563 6780
1567 14200
1579 4340
1581 16900
1584 2900
1586 25840
1589 22420
1603 3220
1607 2680
1619 2680
1621 4040
1624 2140
1626 5340
1629 4260
1643 3660
1647 4400
1659 23880
1661 4860
1664 6780
1666 6400
1669 2900
1683 85500
1687 3660
1699 3760
1701 3960
1704 3220
1706 3460
1709 2140
1723 28540
1727 25840
1735 43240
1739 4520
1741 9480
1744 3660
1746 21220
1749 6780
1763 6020
1767 5340
1775 16900
1779 4560
1781 3640
1784 85500
1786 4820
1789 3220
1803 8580
1807 6400
1815 4040
1819 22420
1821 3340
1824 28540
1826 4340
1829 3660
1843 5100
1847 3460
1855 4860
1859 4260
1861 2500
1864 6020
1866 2680
1869 85500
1883 16740
1887 21220
1895 3960
1899 2900
1901 14200
1904 8580
1906 23880
1909 28540
1923 5460
1927 4820
1935 9480
1939 2140
1940 43240
1941 2680
1944 5100
1946 3760
1949 6020
1963 5360
1967 4340
1975 3640
1979 6780
1980 16900
1981 4400
1984 16740
1986 4520
1989 8580
2003 3560
2007 2680
2015 3340
2019 3220
2020 4040
2021 3660
2024 5460
2026 4560
2029 5100
2043 19800
2047 23880
2055 2500
2059 3660
2060 4860
2061 25840
2063 43240
2064 5360
2066 22420
2069 16740
2083 4620
2087 3760
2095 14200
2099 85500
2100 3960
2101 5340
2103 16900
2104 3560
2106 4260
2109 5460
2123 6020
2127 4520
2135 2680
2139 28540
2140 9480
2141 6400
2143 4040
2144 19800
2146 2900
2149 5360
2163 4440
2167 4560
2175 4400
2179 6020
2180 3640
2181 3460
2183 4860
2184 4620
2186 2140
2189 3560
2203 24200
2207 22420
2210 43240
2215 3660
2219 8580
2220 3340
2221 21220
2223 3960
2224 6020
2226 6780
2229 19800
2243 4460
2247 4260
2250 16900
2255 25840
2259 5100
2260 2500
2261 4820
2263 9480
2264 4440
2266 3220
2269 4620
2283 7180
2287 2900
2290 4040
2295 5340
2299 16740
2300 14200
2301 4340
2303 3640
2304 24200
2306 3660
2309 6020
2323 6540
2327 2140
2330 4860
2335 6400
2339 5460
2340 2680
2341 45920
2343 3340
2344 4460
2346 85500
2349 4440
2363 23960
2367 6780
2370 3960
2375 3460
2379 5360
2380 4400
2381 40780
2383 2500
2384 7180
2386 28540
2389 24200
2403 6620
2407 3220
2410 9480
2415 21220
2419 3560
2420 3660
2421 7800
2423 14200
2424 6540
2426 6020
2429 4460
2443 6200
2447 3660
2450 3640
2455 4820
2459 19800
2460 25840
2461 9380
2463 2680
2464 23960
2466 8580
2469 7180
2483 3880
2487 85500
2490 3340
2495 4340
2499 4620
2500 5340
2501 8520
2503 4400
2504 6620
2506 5100
2509 6540
2523 29140
2527 28540
2530 2500
2535 2680
2539 6020
2540 6400
2541 31900
2543 3660
2544 6200
2546 16740
2549 23960
2563 6260
2567 6020
2570 14200
2575 23880
2579 4440
2580 3460
2581 7900
2583 25840
2584 3880
2586 5460
2589 6620
2603 8280
2607 8580
2610 2680
2615 3760
2619 24200
2620 21220
2621 6240
2623 5340
2624 29140
2626 5360
2629 6200
2643 5580
2647 5100
2650 4400
2655 4520
2659 4460
2660 4820
2661 4640
2663 6400
2664 6260
2666 3560
2669 3880
2683 24420
2687 16740
2690 3660
2695 4560
2699 7180
2700 4340
2701 20980
2703 3460
2704 8280
2706 19800
2709 29140
2723 5740
2727 5460
2730 25840
2735 22420
2739 6540
2740 2680
2741 5900
2743 21220
2744 5580
2746 4620
2749 6260
2763 7460
2767 5360
2770 5340
2775 4260
2779 23960
2780 23880
2781 8060
2783 4820
2784 24420
2786 6020
2789 8280
2803 5040
2807 3560
2810 6400
2815 2900
2819 6620
2820 3760
2821 89160
2823 4340
2824 5740
2826 4440
2829 5580
2843 9180
2847 19800
2850 3460
2855 2140
2859 6200
2860 4520
2861 54380
2863 2680
2864 7460
2866 24200
2869 24420
2883 5140
2887 4620
2890 21220
2895 6780
2899 3880
2900 4560
2901 11360
2903 23880
2904 5040
2906 4460
2909 5740
2923 6380
2927 6020
2930 4820
2935 3220
2939 29140
2940 22420
2941 14980
2943 3760
2944 9180
2946 7180
2949 7460
2963 114340
2967 4440
2970 4340
2975 3660
2978 43240
2979 6260
2980 4260
2981 8560
2983 4520
2984 4112
