0 0
434 43240
474 16900
514 4040
554 4860
594 3960
634 9480
674 3640
714 3340
754 2500
794 14200
834 2680
874 4400
900 43240
914 3660
940 16900
954 25840
980 4040
994 5340
1020 4860
1034 6400
1060 3960
1074 3460
1100 9480
1114 21220
1140 3640
1154 4820
1180 3340
1194 4340
1220 2500
1234 2680
1238 43240
1260 14200
1274 23880
1278 16900
1300 2680
1314 3760
1318 4040
1340 4400
1354 4520
1358 4860
1380 3660
1394 47800
1398 3960
1420 25840
1434 39320
1438 9480
1460 5340
1474 8300
1478 3640
1500 6400
1510 43240
1514 7760
1518 3340
1540 3460
1550 16900
1554 6100
1558 2500
1580 21220
1590 4040
1594 16260
1598 14200
1620 4820
1630 4860
1634 6860
1638 2680
1660 4340
1670 3960
1674 7000
1678 4400
1700 2680
1710 9480
1714 88000
1718 3660
1734 43240
1740 23880
1750 3640
1754 42740
1758 25840
1774 16900
1780 3760
1790 3340
1794 8700
1798 5340
1814 4040
1820 4520
1830 2500
1834 12980
1835 43240
1838 6400
1854 4860
1860 4560
1870 14200
1874 8760
1875 16900
1878 3460
1894 3960
1900 22420
1910 2680
1912 43240
1914 42580
1915 4040
1918 21220
1934 9480
1940 4260
1950 4400
1952 16900
1954 10800
1955 4860
1958 4820
1974 3640
1980 2900
1990 3660
1992 4040
1994 11760
1995 3960
1998 4340
2014 3340
2020 2140
2030 25840
2032 4860
2034 7020
2035 9480
2038 2680
2049 43240
2054 2500
2060 6780
2070 5340
2072 3960
2074 41020
2075 3640
2078 23880
2089 16900
2094 14200
2100 3220
2110 6400
2112 9480
2114 9440
2115 3340
2118 3760
2129 4040
2134 2680
2140 3660
2150 3460
2152 3640
2154 10360
2155 2500
2158 4520
2169 4860
2174 4400
2180 85500
2190 21220
2192 3340
2194 7120
2195 14200
2198 4560
2209 3960
2214 3660
2220 28540
2230 4820
2232 2500
2234 48080
2235 2680
2238 22420
2249 9480
2254 25840
2260 6020
2270 4340
2272 14200
2274 8220
2275 4400
2278 4260
2289 3640
2294 5340
2300 8580
2310 2680
2312 2680
2314 11700
2315 3660
2318 2900
2329 3340
2334 6400
2340 5100
2350 23880
2352 4400
2354 11100
2355 25840
2358 2140
2369 2500
2374 3460
2380 16740
2390 3760
2392 3660
2394 46380
2395 5340
2398 6780
2409 14200
2414 21220
2420 5460
2430 4520
2432 25840
2434 10880
2435 6400
2438 3220
2449 2680
2454 4820
2460 5360
2470 4560
2472 5340
2474 9100
2475 3460
2478 3660
2489 4400
2494 4340
2500 3560
2510 22420
2512 6400
2514 6020
2515 21220
2518 85500
2529 3660
2534 2680
2540 19800
2550 4260
2552 3460
2554 35920
2555 4820
2558 28540
2569 25840
2574 23880
2580 4620
2590 2900
2592 21220
2594 9480
2595 4340
2598 6020
2609 5340
2614 3760
2620 6020
2630 2140
2632 4820
2634 11940
2635 2680
2638 8580
2649 6400
2654 4520
2660 4440
2670 6780
2672 4340
2674 91080
2675 23880
2678 5100
2689 3460
2694 4560
2700 24200
2710 3220
2712 2680
2714 52960
2715 3760
2718 16740
2729 21220
2734 22420
2740 4460
2750 3660
2752 23880
2754 11760
2755 4520
2758 5460
2769 4820
2774 4260
2780 7180
2790 85500
2792 3760
2794 16040
2795 4560
2798 5360
2809 4340
2814 2900
2820 6540
2830 28540
2832 4520
2834 10140
2835 22420
2838 3560
2849 2680
2854 2140
2860 23960
2870 6020
2872 4560
2874 25920
2875 4260
2878 19800
2889 23880
2894 6780
2900 6620
2910 8580
2912 22420
2914 10600
2915 2900
2918 4620
2929 3760
2934 3220
2940 6200
2950 5100
2952 4260
2954 11740
2955 2140
2958 6020
2969 4520
2974 3660
2980 3880
2990 16740
2992 2900
