0 0
213 43240
253 16900
293 4040
333 4860
373 3960
413 9480
453 3640
493 3340
533 2500
573 14200
613 2680
643 43240
653 4400
683 16900
693 3660
723 4040
733 25840
763 4860
766 43240
773 5340
779 43240
803 3960
806 16900
813 6400
819 16900
843 9480
846 4040
853 3460
859 4040
883 3640
886 4860
893 21220
899 4860
923 3340
926 3960
933 4820
939 3960
963 2500
966 9480
973 4340
979 9480
1003 14200
1006 3640
1013 2680
1019 3640
1043 2680
1046 3340
1053 23880
1059 3340
1083 4400
1086 2500
1093 3760
1099 2500
1123 3660
1126 14200
1127 43240
1133 4520
1139 14200
1163 25840
1166 2680
1167 16900
1173 4560
1179 2680
1203 5340
1206 4400
1207 4040
1213 22420
1215 43240
1219 4400
1243 6400
1246 3660
1247 4860
1253 4260
1255 16900
1259 3660
1283 3460
1286 25840
1287 3960
1293 2900
1295 4040
1299 25840
1323 21220
1326 5340
1327 9480
1333 2140
1335 4860
1339 5340
1363 4820
1366 6400
1367 3640
1373 6780
1375 3960
1379 6400
1403 4340
1406 3460
1407 3340
1413 3220
1415 9480
1419 3460
1443 2680
1446 21220
1447 2500
1453 3660
1455 3640
1459 21220
1483 23880
1486 48060
1487 14200
1493 85500
1495 3340
1499 4820
1523 3760
1526 21240
1527 2680
1533 28540
1535 2500
1539 4340
1563 4520
1566 6720
1567 4400
1573 6020
1575 14200
1579 2680
1603 47800
1606 28740
1607 3660
1613 8580
1615 2680
1619 23880
1643 39320
1646 7720
1647 25840
1653 5100
1655 4400
1659 3760
1683 8300
1686 14000
1687 5340
1690 43240
1693 16740
1695 3660
1699 4520
1723 7760
1726 8200
1727 6400
1730 16900
1733 5460
1735 25840
1739 4560
1763 6100
1766 25760
1767 3460
1770 4040
1773 5360
1775 5340
1779 22420
1803 16260
1806 6760
1807 21220
1810 4860
1813 3560
1815 6400
1819 4260
1843 6860
1846 17100
1847 4820
1850 3960
1853 19800
1855 3460
1859 46140
1866 43240
1883 7000
1886 4820
1887 4340
1890 9480
1893 4620
1895 21220
1899 19040
1906 16900
1918 43240
1923 88000
1926 11180
1927 2680
1930 3640
1933 6020
1935 4820
1939 10820
1946 4040
1958 16900
1963 42740
1966 6880
1967 23880
1970 3340
1973 4440
1975 4340
1979 8080
1986 4860
1998 4040
2003 8700
2006 29500
2007 3760
2010 2500
2013 24200
2015 2680
2019 7620
2026 3960
2038 4860
2043 12980
2046 90840
2047 4520
2050 14200
2053 4460
2055 23880
2059 94980
2066 9480
2078 3960
2083 8760
2086 34940
2087 4560
2090 2680
2093 7180
2095 3760
2099 32180
2106 3640
2118 9480
2123 42580
2126 9480
2127 22420
2130 4400
2133 6540
2135 4520
2139 9360
2146 3340
2158 3640
2163 10800
2166 29800
2167 4260
2170 3660
2173 23960
2175 4560
2179 11080
2186 2500
2198 3340
2203 11760
2206 9920
2207 2900
2210 25840
2213 6620
2215 22420
2219 19300
2226 14200
2238 2500
2243 7020
2246 21080
2247 2140
2250 5340
2253 6200
2255 4260
2259 19420
2266 2680
2278 14200
2283 41020
2286 8140
2287 6780
2290 6400
2293 3880
2295 2900
2299 9860
2306 4400
2318 2680
2323 9440
2326 29240
2327 3220
2330 3460
2333 29140
2335 2140
2339 9020
2346 3660
2358 4400
2363 10360
2366 7320
2367 3660
2370 21220
2373 6260
2375 6780
2379 29400
2386 25840
2398 3660
2403 7120
2406 24320
2407 85500
2410 4820
2413 8280
2415 3220
2419 25140
2426 5340
2438 25840
2443 48080
2446 9180
2447 28540
2450 4340
2453 5580
2455 3660
2459 11020
2466 6400
2478 5340
2483 8220
2486 28440
2487 6020
2490 2680
2493 24420
2495 85500
2499 9480
2506 3460
2518 6400
2523 11700
2526 8700
2527 8580
2530 23880
2533 5740
2535 28540
2539 25660
2546 21220
2558 3460
2563 11100
2566 27100
2567 5100
2570 3760
2573 7460
2575 6020
2579 29020
2586 4820
2598 21220
2603 46380
2606 6600
2607 16740
2610 4520
2613 5040
2615 8580
2619 8800
2626 4340
2638 4820
2643 10880
2646 13960
2647 5460
2650 4560
2653 9180
2655 5100
2659 9860
2666 2680
2678 4340
2683 9100
2686 9760
2687 5360
2690 22420
2693 5140
2695 16740
2699 30420
2706 23880
2718 2680
2723 6020
2726 27620
2727 3560
2730 4260
2733 6380
2735 5460
2739 27720
2746 3760
2758 23880
2763 35920
2766 92120
2767 19800
2770 2900
2773 114340
2775 5360
2779 11140
2786 4520
2798 3760
2803 9480
2806 34740
2807 4620
2810 2140
2813 26100
2815 3560
2819 10760
2826 4560
2838 4520
2843 11940
2846 9900
2847 6020
2850 6780
2853 6000
2855 19800
2859 26300
2866 22420
2878 4560
2883 91080
2886 37720
2887 4440
2890 3220
2893 9080
2895 4620
2899 33400
2906 4260
2917 43240
2918 22420
2923 52960
2926 11360
2927 24200
2930 3660
2933 5860
2935 6020
2939 9160
2946 2900
2957 16900
2958 4260
2963 11760
2966 25020
2967 4460
2970 85500
2973 23580
2975 4440
2979 749
