0 0
173 43240
213 16900
253 4040
262 43240
280 43240
293 4860
302 16900
320 16900
333 3960
342 4040
360 4040
373 9480
382 4860
400 4860
413 3640
422 3960
440 3960
453 3340
462 9480
480 9480
493 2500
502 3640
520 3640
533 14200
542 3340
560 3340
573 2680
582 2500
600 2500
613 4400
622 14200
640 14200
653 3660
662 2680
680 2680
693 25840
702 4400
720 4400
733 5340
742 3660
760 3660
773 6400
782 25840
800 25840
813 3460
822 5340
840 5340
853 21220
862 6400
880 6400
893 4820
902 3460
914 43240
920 3460
933 4340
942 21220
954 16900
960 21220
973 2680
982 4820
994 4040
1000 4820
1013 23880
1022 4340
1034 4860
1040 4340
1053 3760
1062 2680
1074 3960
1080 2680
1093 4520
1102 23880
1114 9480
1120 23880
1130 43240
1133 47800
1142 3760
1154 3640
1160 3760
1170 16900
1173 39320
1182 4520
1194 3340
1200 4520
1210 4040
1213 8300
1222 4560
1234 2500
1240 4560
1250 4860
1253 7760
1262 22420
1274 14200
1280 65660
1290 3960
1293 6100
1302 4260
1314 2680
1320 21160
1330 9480
1333 16260
1342 2900
1354 4400
1360 6940
1370 3640
1373 6860
1382 2140
1394 3660
1400 7000
1410 3340
1413 7000
1422 6780
1434 25840
1440 10740
1450 2500
1453 88000
1462 3220
1474 5340
1480 12700
1490 14200
1493 42740
1502 3660
1514 6400
1520 7300
1530 2680
1533 8700
1542 85500
1554 3460
1560 88840
1570 4400
1573 12980
1582 28540
1594 21220
1600 31040
1610 3660
1613 8760
1622 6020
1634 4820
1640 20220
1650 25840
1653 42580
1662 8580
1674 4340
1680 54500
1690 5340
1693 10800
1702 5100
1714 2680
1720 26400
1730 6400
1733 55000
1742 16740
1754 23880
1760 24440
1770 3460
1773 23920
1782 5460
1794 3760
1800 36160
1810 21220
1813 45060
1822 5360
1834 4520
1840 14660
1850 4820
1853 14300
1856 43240
1862 3560
1874 4560
1880 19440
1890 4340
1893 14320
1896 16900
1902 19800
1914 22420
1920 26900
1930 2680
1933 16600
1936 4040
1942 4620
1954 4260
1960 29180
1970 23880
1973 51720
1976 4860
1982 6020
1994 2900
2000 13340
2010 3760
2013 11560
2016 3960
2022 4440
2034 2140
2040 22980
2050 4520
2053 14200
2056 9480
2062 24200
2074 6780
2080 29560
2090 4560
2093 25300
2096 3640
2102 4460
2113 43240
2114 3220
2120 32740
2130 22420
2133 49060
2136 3340
2142 7180
2153 16900
2154 3660
2160 14600
2170 4260
2173 15280
2176 2500
2182 6540
2193 4040
2194 85500
2200 36900
2210 2900
2213 12760
2216 14200
2222 23960
2233 4860
2234 28540
2240 33860
2250 2140
2253 31860
2256 2680
2262 6620
2267 43240
2273 3960
2274 6020
2280 35440
2290 6780
2293 41260
2296 4400
2302 6200
2307 16900
2313 9480
2314 8580
2320 13920
2330 3220
2333 15880
2336 3660
2342 3880
2347 4040
2353 3640
2354 5100
2360 28000
2370 3660
2373 15400
2376 25840
2382 29140
2387 4860
2393 3340
2394 16740
2400 36100
2410 85500
2413 112300
2416 5340
2422 6260
2427 3960
2433 2500
2434 5460
2440 17380
2450 28540
2453 57780
2456 6400
2462 8280
2467 9480
2473 14200
2474 5360
2480 14180
2490 6020
2493 16100
2496 3460
2502 5580
2507 3640
2513 2680
2514 3560
2520 33120
2530 8580
2533 18720
2536 21220
2542 24420
2547 3340
2553 4400
2554 19800
2560 113680
2570 5100
2573 34020
2576 4820
2582 5740
2587 2500
2591 43240
2593 3660
2594 4620
2600 38800
2610 16740
2613 29680
2616 4340
2622 7460
2627 14200
2631 16900
2633 25840
2634 6020
2640 18040
2650 5460
2653 15120
2656 2680
2662 5040
2667 2680
2671 4040
2673 5340
2674 4440
2680 36040
2690 5360
2693 16300
2696 23880
2702 9180
2707 4400
2711 4860
2713 6400
2714 24200
2720 18540
2730 3560
2731 43240
2733 140320
2736 3760
2742 5140
2747 3660
2751 3960
2753 3460
2754 4460
2760 24780
2770 19800
2771 16900
2773 50160
2776 4520
2782 6380
2787 25840
2791 9480
2793 21220
2794 7180
2800 13980
2810 4620
2811 4040
2813 13520
2816 4560
2822 114340
2827 5340
2831 3640
2833 4820
2834 6540
2840 126480
2850 6020
2851 4860
2853 17240
2856 22420
2862 26100
2867 6400
2871 3340
2873 4340
2874 23960
2880 32880
2890 4440
2891 3960
2893 17080
2896 4260
2902 6000
2907 3460
2911 2500
2913 2680
2914 6620
2920 29460
2930 24200
2931 9480
2933 51000
2936 2900
2942 9080
2947 21220
2951 14200
2953 23880
2954 6200
2960 99200
2970 4460
2971 3640
2973 14600
