0 0
335 43240
375 16900
381 43240
415 4040
421 16900
455 4860
461 4040
495 3960
501 4860
535 9480
541 3960
562 43240
575 3640
581 9480
602 16900
615 3340
621 3640
642 4040
655 2500
661 3340
682 4860
685 43240
695 14200
701 2500
722 3960
725 16900
735 2680
741 14200
762 9480
765 4040
775 4400
781 2680
802 3640
805 4860
815 3660
821 4400
842 3340
845 3960
855 25840
861 3660
882 2500
883 43240
885 9480
895 5340
901 25840
922 14200
923 16900
925 3640
935 6400
941 5340
962 2680
963 4040
965 3340
975 3460
981 6400
1002 4400
1003 4860
1005 2500
1015 21220
1020 43240
1021 3460
1042 3660
1043 3960
1045 14200
1055 4820
1060 16900
1061 21220
1082 25840
1083 9480
1085 2680
1095 4340
1100 4040
1101 4820
1122 5340
1123 3640
1125 4400
1135 2680
1140 4860
1141 4340
1162 6400
1163 3340
1165 3660
1175 23880
1180 3960
1181 2680
1202 3460
1203 2500
1205 25840
1215 3760
1220 9480
1221 23880
1242 21220
1243 14200
1245 5340
1255 4520
1260 3640
1261 3760
1282 4820
1283 2680
1285 6400
1295 4560
1300 3340
1301 4520
1322 4340
1323 4400
1325 3460
1335 22420
1340 2500
1341 4560
1362 2680
1363 3660
1365 21220
1375 4260
1380 14200
1381 22420
1402 23880
1403 25840
1405 4820
1415 2900
1420 2680
1421 4260
1442 3760
1443 5340
1445 4340
1455 2140
1460 4400
1461 2900
1482 4520
1483 6400
1485 2680
1495 6780
1500 3660
1501 2140
1522 4560
1523 3460
1525 23880
1535 3220
1540 25840
1541 6780
1562 22420
1563 21220
1565 3760
1575 3660
1580 5340
1581 3220
1602 4260
1603 4820
1605 4520
1615 85500
1620 6400
1621 3660
1642 2900
1643 4340
1645 4560
1655 28540
1660 3460
1661 85500
1682 2140
1683 2680
1685 22420
1695 6020
1700 21220
1701 28540
1722 6780
1723 23880
1725 4260
1735 8580
1740 4820
1741 6020
1762 3220
1763 3760
1765 2900
1775 5100
1780 4340
1781 8580
1802 3660
1803 4520
1805 2140
1815 16740
1820 2680
1821 5100
1842 85500
1843 4560
1845 6780
1855 5460
1860 23880
1861 16740
1882 28540
1883 22420
1885 3220
1895 5360
1900 3760
1901 5460
1922 6020
1923 4260
1925 3660
1935 3560
1940 4520
1941 5360
1962 8580
1963 2900
1965 85500
1975 19800
1980 4560
1981 3560
2002 5100
2003 2140
2005 28540
2015 4620
2017 43240
2020 22420
2021 19800
2042 16740
2043 6780
2045 6020
2055 6020
2057 16900
2060 4260
2061 4620
2082 5460
2083 3220
2085 8580
2095 4440
2097 4040
2100 2900
2101 6020
2122 5360
2123 3660
2125 5100
2135 24200
2137 4860
2140 2140
2141 4440
2147 43240
2162 3560
2163 85500
2165 16740
2175 4460
2177 3960
2180 6780
2181 24200
2187 16900
2202 19800
2203 28540
2205 5460
2215 7180
2217 9480
2220 3220
2221 4460
2227 47280
2242 4620
2243 6020
2245 5360
2255 6540
2257 3640
2260 3660
2261 7180
2267 21760
2282 6020
2283 8580
2285 3560
2295 23960
2297 3340
2300 85500
2301 6540
2302 43240
2307 8000
2322 4440
2323 5100
2325 19800
2335 6620
2337 2500
2340 28540
2341 23960
2342 16900
2347 14340
2362 24200
2363 16740
2365 4620
2375 6200
2377 14200
2380 6020
2381 6620
2382 4040
2387 7600
2402 4460
2403 5460
2405 6020
2415 3880
2417 2680
2420 8580
2421 6200
2422 4860
2427 12820
2442 7180
2443 5360
2445 4440
2455 29140
2457 4400
2460 5100
2461 3880
2462 3960
2467 6140
2482 6540
2483 3560
2485 24200
2495 6260
2497 3660
2500 16740
2501 29140
2502 9480
2507 17540
2517 43240
2522 23960
2523 19800
2525 4460
2535 8280
2537 25840
2540 5460
2541 6260
2542 3640
2547 5180
2557 16900
2562 6620
2563 4620
2565 7180
2575 5580
2577 5340
2580 5360
2581 8280
2582 3340
2587 18600
2597 4040
2602 6200
2603 6020
2605 6540
2615 24420
2617 6400
2620 3560
2621 5580
2622 2500
2627 6340
2637 4860
2642 3880
2643 4440
2645 23960
2655 5740
2657 3460
2660 19800
2661 24420
2662 14200
2667 30240
2677 3960
2682 29140
2683 24200
2685 6620
2695 7460
2697 21220
2700 4620
2701 5740
2702 2680
2707 9000
2717 9480
2722 6260
2723 4460
2725 6200
2735 5040
2737 4820
2740 6020
2741 7460
2742 4400
2747 32240
2757 3640
2762 8280
2763 7180
2765 3880
2775 9180
2777 4340
2780 4440
2781 5040
2782 3660
2787 8800
2797 3340
2802 5580
2803 6540
2805 29140
2815 5140
2817 2680
2820 24200
2821 9180
2822 25840
2827 27620
2837 2500
2842 24420
2843 23960
2845 6260
2855 6380
2857 23880
2860 4460
2861 5140
2862 5340
2867 8280
2877 14200
2879 43240
2882 5740
2883 6620
2885 8280
2895 114340
2897 3760
2900 7180
2901 6380
2902 6400
2907 25560
2917 2680
2919 16900
2922 7460
2923 6200
2925 5580
2935 26100
2937 4520
2940 6540
2941 114340
2942 3460
2947 7500
2957 4400
2959 4040
2962 5040
2963 3880
2965 24420
2975 6000
2977 4560
2980 23960
2981 26100
2982 21220
2987 8358
