0 0
190 43240
230 16900
270 4040
310 4860
350 3960
390 9480
430 3640
470 3340
510 2500
511 43240
550 14200
551 16900
590 2680
591 4040
630 4400
631 4860
670 3660
671 3960
710 25840
711 9480
750 5340
751 3640
790 6400
791 3340
830 3460
831 2500
870 21220
871 14200
910 4820
911 2680
950 4340
951 4400
990 45920
991 3660
1030 40780
1031 25840
1070 7800
1071 5340
1110 9380
1111 6400
1150 8520
1151 46700
1190 31900
1191 38120
1230 7900
1231 8860
1270 6240
1271 9200
1310 4640
1311 6640
1350 20980
1351 33360
1353 43240
1390 5900
1391 7400
1393 16900
1399 43240
1430 8060
1431 7860
1433 4040
1439 16900
1470 89160
1471 7060
1473 4860
1479 4040
1510 54380
1511 36620
1513 3960
1519 4860
1544 43240
1550 11360
1551 6940
1553 9480
1559 3960
1584 16900
1590 14980
1591 7300
1593 3640
1599 9480
1624 4040
1630 8560
1631 5800
1633 3340
1639 3640
1664 4860
1670 37960
1671 32620
1673 2500
1679 3340
1704 3960
1710 10280
1711 8560
1713 14200
1719 2500
1744 9480
1750 9700
1751 10060
1753 2680
1759 14200
1784 3640
1790 6240
1791 88960
1793 4400
1799 2680
1824 3340
1830 43680
1831 49760
1833 3660
1839 4400
1864 2500
1870 51620
1871 10840
1873 25840
1879 3660
1904 14200
1910 27440
1911 12920
1912 43240
1913 5340
1919 25840
1944 2680
1950 13040
1951 7780
1952 16900
1953 6400
1959 5340
1984 4400
1990 51480
1991 40620
1992 4040
1993 3460
1999 6400
2024 3660
2030 12680
2031 9220
2032 4860
2033 21220
2039 3460
2064 25840
2070 19560
2071 9880
2072 3960
2073 4820
2079 21220
2104 5340
2110 12320
2111 8120
2112 9480
2113 4340
2119 4820
2144 6400
2150 34080
2151 42220
2152 3640
2153 2680
2159 4340
2184 3460
2190 12340
2191 8880
2192 3340
2193 23880
2199 2680
2224 21220
2228 43240
2230 24060
2231 8920
2232 2500
2233 3760
2239 23880
2248 43240
2264 4820
2268 16900
2270 92060
2271 6580
2272 14200
2273 4520
2279 3760
2288 16900
2304 4340
2308 4040
2310 62080
2311 30980
2312 2680
2313 4560
2319 4520
2328 4040
2330 43240
2344 2680
2348 4860
2350 15940
2351 7680
2352 4400
2353 22420
2359 4560
2368 4860
2370 16900
2384 23880
2388 3960
2390 42700
2391 10840
2392 3660
2393 4260
2399 22420
2408 3960
2410 4040
2424 3760
2428 9480
2430 16020
2431 92040
2432 25840
2433 2900
2439 4260
2448 9480
2450 4860
2464 4520
2468 3640
2469 43240
2470 47560
2471 52500
2472 5340
2473 2140
2479 2900
2488 3640
2489 43240
2490 3960
2504 4560
2508 3340
2509 16900
2510 14660
2511 12640
2512 6400
2513 6780
2519 2140
2528 3340
2529 16900
2530 9480
2544 22420
2548 2500
2549 4040
2550 34040
2551 14780
2552 3460
2553 3220
2559 6780
2568 2500
2569 4040
2570 3640
2584 4260
2588 14200
2589 4860
2590 13420
2591 8980
2592 21220
2593 3660
2599 3220
2608 14200
2609 4860
2610 3340
2624 2900
2628 2680
2629 3960
2630 33320
2631 45880
2632 4820
2633 85500
2639 3660
2648 2680
2649 3960
2650 2500
2664 2140
2668 4400
2669 9480
2670 12440
2671 11720
2672 4340
2673 28540
2679 85500
2688 4400
2689 9480
2690 14200
2704 6780
2708 3660
2709 3640
2710 36280
2711 13640
2712 2680
2713 6020
2719 28540
2728 3660
2729 3640
2730 2680
2744 3220
2748 25840
2749 3340
2750 122540
2751 9140
2752 23880
2753 8580
2759 6020
2768 25840
2769 3340
2770 4400
2784 3660
2788 5340
2789 2500
2790 54820
2791 44220
2792 3760
2793 5100
2799 8580
2808 5340
2809 2500
2810 3660
2824 85500
2828 6400
2829 14200
2830 15020
2831 10360
2832 4520
2833 16740
2839 5100
2848 6400
2849 14200
2850 25840
2864 28540
2868 3460
2869 2680
2870 38680
2871 13480
2872 4560
2873 5460
2879 16740
2888 3460
2889 2680
2890 5340
2904 6020
2908 21220
2909 4400
2910 16660
2911 9480
2912 22420
2913 5360
2919 5460
2928 21220
2929 4400
2930 6400
2944 8580
2948 4820
2949 3660
2950 50440
2951 33380
2952 4260
2953 3560
2959 5360
2968 4820
2969 3660
2970 3460
2984 5100
2988 4340
2989 25840
2990 11114
