0 0
132 43240
172 16900
212 4040
252 4860
292 3960
332 9480
372 3640
412 3340
431 43240
452 2500
471 16900
492 14200
511 4040
521 43240
532 2680
551 4860
561 16900
572 4400
591 3960
601 4040
612 3660
631 9480
641 4860
652 25840
671 3640
681 3960
692 5340
711 3340
721 9480
732 6400
751 2500
761 3640
772 3460
791 14200
801 3340
812 21220
831 2680
841 2500
852 4820
871 4400
877 43240
881 14200
889 43240
892 4340
911 3660
917 16900
921 2680
929 16900
932 2680
951 25840
957 4040
961 4400
969 4040
972 23880
991 5340
997 4860
1001 3660
1009 4860
1012 3760
1031 6400
1037 3960
1041 25840
1049 3960
1052 4520
1071 3460
1077 9480
1081 5340
1089 9480
1092 4560
1111 21220
1117 3640
1121 6400
1129 3640
1132 22420
1151 4820
1157 3340
1161 3460
1169 3340
1172 4260
1191 4340
1197 2500
1201 21220
1209 2500
1212 2900
1231 2680
1237 14200
1241 4820
1249 14200
1252 2140
1271 23880
1277 2680
1281 4340
1289 2680
1292 6780
1311 3760
1317 4400
1321 2680
1329 4400
1332 3220
1351 4520
1354 43240
1357 3660
1361 23880
1369 3660
1372 3660
1391 4560
1394 16900
1397 25840
1401 3760
1409 25840
1412 85500
1431 22420
1434 4040
1437 5340
1441 4520
1449 5340
1452 28540
1471 4260
1474 4860
1477 6400
1481 4560
1489 6400
1492 6020
1511 2900
1514 3960
1517 3460
1521 22420
1529 3460
1532 8580
1551 2140
1554 9480
1557 21220
1561 4260
1569 21220
1572 5100
1591 6780
1594 3640
1597 4820
1601 46140
1609 4820
1612 16740
1631 3220
1634 3340
1637 4340
1641 19040
1649 4340
1652 5460
1671 3660
1674 2500
1677 2680
1681 10820
1685 43240
1689 2680
1692 5360
1711 85500
1714 14200
1717 23880
1721 8080
1725 16900
1729 23880
1732 3560
1751 28540
1754 2680
1757 3760
1761 7620
1765 4040
1769 3760
1772 19800
1791 6020
1794 4400
1797 4520
1801 94980
1805 4860
1809 4520
1812 4620
1831 8580
1834 3660
1837 4560
1841 32180
1845 3960
1849 4560
1852 6020
1871 5100
1874 25840
1877 22420
1881 9360
1885 9480
1889 22420
1892 4440
1911 16740
1914 5340
1917 4260
1921 11080
1925 3640
1929 4260
1932 24200
1951 5460
1954 6400
1957 2900
1961 19300
1965 3340
1969 2900
1972 4460
1991 5360
1994 3460
1997 2140
2001 19420
2005 2500
2009 2140
2012 7180
2031 3560
2034 21220
2037 6780
2041 9860
2045 14200
2049 6780
2052 6540
2071 19800
2074 4820
2077 3220
2081 9020
2085 2680
2089 3220
2092 23960
2111 4620
2114 4340
2117 3660
2121 29400
2125 4400
2129 3660
2132 6620
2151 6020
2154 2680
2157 85500
2161 25140
2165 3660
2169 85500
2172 6200
2191 4440
2194 23880
2197 28540
2201 11020
2205 25840
2209 28540
2212 3880
2231 24200
2234 3760
2237 6020
2241 9480
2245 5340
2249 6020
2252 29140
2262 43240
2271 4460
2274 4520
2277 8580
2281 25660
2285 6400
2289 8580
2292 6260
2302 16900
2311 7180
2314 4560
2317 5100
2321 29020
2325 3460
2329 5100
2332 8280
2342 4040
2351 6540
2354 22420
2357 16740
2361 8800
2365 21220
2369 16740
2372 5580
2382 4860
2391 23960
2394 4260
2397 5460
2401 9860
2403 43240
2405 4820
2409 5460
2412 24420
2422 3960
2431 6620
2434 2900
2437 5360
2441 30420
2443 16900
2445 4340
2449 5360
2452 5740
2462 9480
2471 6200
2474 2140
2477 3560
2481 27720
2483 4040
2485 2680
2489 3560
2492 7460
2502 3640
2511 3880
2514 6780
2517 19800
2521 11140
2523 4860
2525 23880
2529 19800
2532 5040
2542 3340
2551 29140
2554 3220
2557 4620
2561 10760
2563 3960
2565 3760
2569 4620
2572 9180
2582 2500
2591 6260
2594 3660
2597 6020
2601 26300
2603 9480
2605 4520
2609 6020
2612 5140
2615 43240
2622 14200
2631 51520
2634 85500
2637 4440
2641 33400
2643 3640
2645 4560
2649 4440
2652 6380
2655 16900
2662 2680
2671 22480
2674 28540
2677 24200
2681 9160
2683 3340
2685 22420
2689 24200
2692 114340
2695 4040
2702 4400
2711 28460
2714 6020
2717 4460
2721 10420
2723 2500
2725 4260
2729 4460
2732 26100
2735 4860
2742 3660
2751 10600
2754 8580
2757 7180
2761 12360
2763 14200
2765 2900
2769 7180
2772 6000
2775 3960
2782 25840
2791 11420
2794 5100
2797 6540
2801 27640
2803 2680
2805 2140
2809 6540
2812 9080
2815 9480
2822 5340
2831 14520
2834 16740
2837 23960
2841 9400
2843 4400
2845 6780
2849 23960
2852 5860
2855 3640
2862 6400
2871 12820
2874 5460
2877 6620
2881 92960
2883 3660
2885 3220
2889 6620
2892 23580
2895 3340
2902 3460
2911 8480
2914 5360
2917 6200
2921 33580
2923 25840
2925 3660
2929 6200
2932 6480
2935 2500
2942 21220
2951 8880
2954 3560
2957 3880
2961 15200
2963 5340
2965 85500
2969 3880
2972 9400
2975 14200
2982 4820
2991 128540
2994 19800
2997 20398
