0 0
206 43240
246 16900
286 4040
326 4860
366 3960
406 9480
446 3640
486 3340
497 43240
526 2500
537 16900
566 14200
577 4040
606 2680
617 4860
630 43240
646 4400
657 3960
670 16900
686 3660
697 9480
710 4040
726 25840
737 3640
750 4860
766 5340
777 3340
790 3960
806 6400
808 43240
817 2500
830 9480
846 3460
848 16900
857 14200
870 3640
886 21220
888 4040
897 2680
910 3340
926 4820
928 4860
937 4400
950 2500
966 4340
968 3960
977 3660
990 14200
1006 2680
1008 9480
1017 25840
1030 2680
1046 23880
1048 3640
1057 5340
1059 43240
1070 4400
1086 3760
1088 3340
1097 6400
1098 43240
1099 16900
1110 3660
1126 4520
1128 2500
1137 3460
1138 16900
1139 4040
1150 25840
1166 4560
1168 14200
1177 21220
1178 4040
1179 4860
1190 5340
1206 22420
1208 2680
1211 43240
1217 4820
1218 4860
1219 3960
1230 6400
1246 4260
1248 4400
1251 16900
1257 4340
1258 3960
1259 9480
1270 3460
1286 2900
1288 3660
1291 4040
1297 2680
1298 9480
1299 3640
1310 21220
1326 2140
1328 25840
1331 4860
1337 23880
1338 3640
1339 3340
1350 4820
1366 6780
1368 5340
1371 3960
1377 3760
1378 3340
1379 2500
1390 4340
1406 3220
1408 6400
1411 9480
1417 4520
1418 2500
1419 14200
1420 43240
1430 2680
1446 3660
1448 3460
1451 3640
1457 4560
1458 14200
1459 2680
1460 16900
1470 23880
1482 86480
1483 43240
1486 85500
1488 21220
1491 3340
1497 22420
1498 2680
1499 4400
1500 4040
1510 3760
1522 33800
1523 16900
1526 28540
1528 4820
1531 2500
1537 4260
1538 4400
1539 3660
1540 4860
1550 4520
1562 8080
1563 4040
1566 6020
1568 4340
1571 14200
1577 2900
1578 3660
1579 25840
1580 3960
1590 4560
1602 9720
1603 4860
1606 8580
1608 2680
1611 2680
1617 2140
1618 25840
1619 5340
1620 9480
1630 22420
1642 7920
1643 3960
1646 5100
1648 23880
1651 4400
1657 6780
1658 5340
1659 6400
1660 3640
1670 4260
1682 18960
1683 9480
1686 16740
1688 3760
1691 3660
1697 3220
1698 6400
1699 3460
1700 3340
1710 2900
1722 7280
1723 3640
1726 5460
1728 4520
1731 25840
1737 3660
1738 3460
1739 21220
1740 2500
1750 2140
1762 6680
1763 3340
1766 5360
1768 4560
1771 5340
1777 85500
1778 21220
1779 4820
1780 14200
1790 6780
1802 5000
1803 2500
1806 3560
1808 22420
1811 6400
1817 28540
1818 4820
1819 4340
1820 2680
1830 3220
1842 28400
1843 14200
1846 19800
1848 4260
1851 3460
1857 6020
1858 4340
1859 2680
1860 4400
1870 3660
1882 5360
1883 2680
1886 4620
1888 2900
1891 21220
1897 8580
1898 2680
1899 23880
1900 3660
1910 85500
1922 8800
1923 4400
1926 6020
1928 2140
1931 4820
1937 5100
1938 23880
1939 3760
1940 25840
1950 28540
1952 43240
1962 7320
1963 3660
1966 4440
1968 6780
1971 4340
1977 16740
1978 3760
1979 4520
1980 5340
1990 6020
1992 16900
2002 51680
2003 25840
2006 24200
2008 3220
2011 2680
2017 5460
2018 4520
2019 4560
2020 6400
2030 8580
2032 4040
2042 10680
2043 5340
2046 4460
2048 3660
2051 23880
2057 5360
2058 4560
2059 22420
2060 3460
2070 5100
2072 4860
2082 12800
2083 6400
2086 7180
2088 85500
2091 3760
2097 3560
2098 22420
2099 4260
2100 21220
2110 16740
2112 3960
2122 6920
2123 3460
2126 6540
2128 28540
2131 4520
2137 19800
2138 4260
2139 2900
2140 4820
2150 5460
2152 9480
2162 42440
2163 21220
2166 23960
2168 6020
2171 4560
2177 4620
2178 2900
2179 2140
2180 4340
2190 5360
2192 3640
2202 9640
2203 4820
2206 6620
2208 8580
2211 22420
2217 6020
2218 2140
2219 6780
2220 2680
2230 3560
2232 3340
2242 8680
2243 4340
2246 6200
2248 5100
2251 4260
2257 4440
2258 6780
2259 3220
2260 23880
2270 19800
2272 2500
2282 5360
2283 2680
2286 3880
2288 16740
2291 2900
2297 24200
2298 3220
2299 3660
2300 3760
2310 4620
2312 14200
2322 47760
2323 23880
2326 29140
2328 5460
2331 2140
2337 4460
2338 3660
2339 85500
2340 4520
2350 6020
2352 2680
2362 7520
2363 3760
2366 6260
2368 5360
2371 6780
2377 7180
2378 85500
2379 28540
2380 4560
2390 4440
2392 4400
2402 9040
2403 4520
2406 8280
2408 3560
2411 3220
2417 6540
2418 28540
2419 6020
2420 22420
2430 24200
2432 3660
2442 9120
2443 4560
2446 5580
2448 19800
2451 3660
2457 23960
2458 6020
2459 8580
2460 4260
2470 4460
2472 25840
2482 44840
2483 22420
2486 24420
2488 4620
2491 85500
2497 6620
2498 8580
2499 5100
2500 2900
2510 7180
2512 5340
2521 43240
2522 8520
2523 4260
2526 5740
2528 6020
2531 28540
2537 6200
2538 5100
2539 16740
2540 2140
2550 6540
2552 6400
2561 16900
2562 5800
2563 2900
2566 7460
2568 4440
2571 6020
2577 3880
2578 16740
2579 5460
2580 6780
2590 23960
2592 3460
2601 4040
2602 4280
2603 2140
2606 5040
2608 24200
2611 8580
2617 29140
2618 5460
2619 5360
2620 3220
2630 6620
2631 43240
2632 21220
2641 4860
2642 13560
2643 6780
2646 9180
2648 4460
2651 5100
2657 6260
2658 5360
2659 3560
2660 3660
2670 6200
2671 16900
2672 4820
2681 3960
2682 6440
2683 3220
2686 5140
2688 7180
2691 16740
2697 8280
2698 3560
2699 19800
2700 85500
2710 3880
2711 4040
2712 4340
2721 9480
2722 7320
2723 3660
2726 6380
2728 6540
2731 5460
2737 5580
2738 19800
2739 4620
2740 28540
2750 29140
2751 4860
2752 2680
2761 3640
2762 171000
2763 85500
2766 114340
2768 23960
2771 5360
2777 24420
2778 4620
2779 6020
2780 6020
2790 6260
2791 3960
2792 23880
2801 3340
2802 57080
2803 28540
2806 26100
2808 6620
2811 3560
2817 5740
2818 6020
2819 4440
2820 8580
2830 8280
2831 9480
2832 3760
2841 2500
2842 12040
2843 6020
2846 6000
2848 6200
2851 19800
2857 7460
2858 4440
2859 24200
2860 5100
2870 5580
2871 3640
2872 4520
2881 14200
2882 17160
2883 8580
2886 9080
2888 3880
2891 4620
2897 5040
2898 24200
2899 4460
2900 16740
2909 43240
2910 24420
2911 3340
2912 4560
2921 2680
2922 10200
2923 5100
2926 5860
2928 29140
2931 6020
2937 9180
2938 4460
2939 7180
2940 5460
2949 16900
2950 5740
2951 2500
2952 22420
2961 4400
2962 33480
2963 16740
2966 23580
2968 6260
2971 4440
2977 5140
2978 7180
2979 6540
2980 5360
2989 1010
