0 0
984 43240
1024 16900
1064 4040
1104 4860
1144 3960
1184 9480
1224 3640
1264 3340
1304 2500
1318 43240
1344 14200
1358 16900
1384 2680
1398 4040
1424 4400
1438 4860
1464 3660
1478 3960
1504 25840
1518 9480
1544 5340
1558 3640
1584 6400
1598 3340
1624 3460
1636 43240
1638 2500
1664 21220
1676 16900
1678 14200
1704 4820
1716 4040
1718 2680
1744 4340
1756 4860
1758 4400
1784 2680
1796 3960
1798 3660
1824 23880
1836 9480
1838 25840
1864 3760
1876 3640
1878 5340
1904 4520
1916 3340
1918 6400
1934 43240
1944 4560
1956 2500
1958 3460
1974 16900
1984 22420
1996 14200
1998 21220
2014 4040
2024 4260
2036 2680
2038 4820
2054 4860
2064 2900
2076 4400
2078 4340
2094 3960
2098 43240
2104 2140
2116 3660
2118 2680
2134 9480
2138 16900
2144 6780
2156 25840
2158 23880
2174 3640
2178 4040
2184 3220
2196 5340
2198 3760
2214 3340
2218 4860
2224 3660
2236 6400
2238 4520
2254 2500
2258 3960
2264 85500
2276 3460
2278 4560
2294 14200
2298 9480
2304 28540
2316 21220
2318 22420
2334 2680
2338 3640
2344 6020
2345 43240
2356 4820
2358 4260
2374 4400
2378 3340
2384 8580
2385 16900
2396 4340
2398 2900
2414 3660
2418 2500
2424 5100
2425 4040
2436 2680
2438 2140
2454 25840
2458 14200
2464 16740
2465 4860
2476 23880
2478 6780
2494 5340
2498 2680
2504 5460
2505 3960
2516 3760
2518 3220
2534 6400
2538 4400
2544 5360
2545 9480
2556 4520
2558 3660
2574 3460
2578 3660
2584 3560
2585 3640
2596 4560
2598 85500
2614 21220
2618 25840
2624 19800
2625 3340
2636 22420
2638 28540
2654 4820
2658 5340
2664 4620
2665 2500
2676 4260
2678 6020
2694 4340
2698 6400
2704 6020
2705 14200
2714 43240
2716 2900
2718 8580
2734 2680
2738 3460
2744 4440
2745 2680
2754 16900
2756 2140
2758 5100
2774 23880
2778 21220
2784 24200
2785 4400
2794 4040
2796 6780
2798 16740
2814 3760
2818 4820
2824 4460
2825 3660
2834 4860
2836 3220
2838 5460
2854 4520
2858 4340
2864 7180
2865 25840
2874 3960
2876 3660
2878 5360
2884 43240
2894 4560
2898 2680
2904 6540
2905 5340
2914 9480
2916 85500
2918 3560
2924 16900
2934 22420
2938 23880
2944 23960
2945 6400
2954 46880
2956 28540
2958 19800
2964 4040
2974 4260
2978 3760
2984 6620
2985 3460
2994 20240
2996 6020
