0 0
519 43240
539 43240
559 16900
579 16900
599 4040
619 47280
639 4860
659 21760
679 3960
699 8000
719 9480
739 14340
743 43240
749 43240
759 3640
779 7600
783 16900
789 16900
799 3340
819 12820
823 4040
829 4040
839 2500
846 43240
859 6140
863 4860
869 4860
879 14200
886 16900
899 17540
903 3960
909 3960
919 2680
926 4040
939 5180
943 9480
949 9480
959 4400
966 4860
979 18600
983 3640
989 3640
999 46900
1006 3960
1019 6340
1023 3340
1029 3340
1039 42740
1046 9480
1059 30240
1063 2500
1065 43240
1069 2500
1079 9380
1086 3640
1099 9000
1103 14200
1105 16900
1109 14200
1119 11260
1126 3340
1139 32240
1143 2680
1145 4040
1149 2680
1159 7420
1166 2500
1179 8800
1183 4400
1185 4860
1189 4400
1199 30700
1206 14200
1219 27620
1223 3660
1225 3960
1229 3660
1239 8460
1246 2680
1259 8280
1263 25840
1265 9480
1269 25840
1279 7680
1286 4400
1289 43240
1299 25560
1303 5340
1305 3640
1309 5340
1319 5180
1326 3660
1329 16900
1339 7500
1343 6400
1344 43240
1345 3340
1349 6400
1359 38080
1366 25840
1369 4040
1379 28220
1383 3460
1384 16900
1385 2500
1389 3460
1399 6440
1406 5340
1409 4860
1419 6440
1423 21220
1424 4040
1425 14200
1429 21220
1439 8920
1446 6400
1449 3960
1459 28400
1463 4820
1464 4860
1465 2680
1469 4820
1479 8220
1486 3460
1489 9480
1499 8320
1503 4340
1504 3960
1505 4400
1509 4340
1519 48260
1526 21220
1529 3640
1539 26940
1543 2680
1544 9480
1545 3660
1549 2680
1559 9600
1566 4820
1569 3340
1579 8820
1583 23880
1584 3640
1585 25840
1589 23880
1599 9300
1606 4340
1609 2500
1619 25320
1623 3760
1624 3340
1625 5340
1629 3760
1639 5600
1646 2680
1649 14200
1659 6400
1663 4520
1664 2500
1665 6400
1669 4520
1679 28000
1686 23880
1689 2680
1699 9680
1703 4560
1704 14200
1705 3460
1709 4560
1719 8040
1726 3760
1729 4400
1739 5360
1743 22420
1744 2680
1745 21220
1749 22420
1759 8000
1766 4520
1769 3660
1779 10440
1783 4260
1784 4400
1785 4820
1789 4260
1799 88180
1806 4560
1809 25840
1819 88720
1823 2900
1824 3660
1825 4340
1829 2900
1839 52420
1846 22420
1849 5340
1859 32200
1863 2140
1864 25840
1865 2680
1869 2140
1879 9780
1886 4260
1889 6400
1899 91520
1903 6780
1904 5340
1905 23880
1909 6780
1919 13100
1926 2900
1929 3460
1939 37120
1943 3220
1944 6400
1945 3760
1949 3220
1959 9660
1966 2140
1969 21220
1979 11120
1983 3660
1984 3460
1985 4520
1989 3660
1999 39160
2006 6780
2009 4820
2019 25320
2023 85500
2024 21220
2025 4560
2029 85500
2039 9720
2046 3220
2049 4340
2059 10560
2063 28540
2064 4820
2065 22420
2069 28540
2079 8260
2086 3660
2089 2680
2099 22100
2103 6020
2104 4340
2105 4260
2109 6020
2119 5700
2126 85500
2129 23880
2139 9020
2143 8580
2144 2680
2145 2900
2149 8580
2159 26580
2166 28540
2169 3760
2179 25160
2183 5100
2184 23880
2185 2140
2189 5100
2199 7840
2206 6020
2209 4520
2219 8180
2223 16740
2224 3760
2225 6780
2229 16740
2239 9680
2246 8580
2249 4560
2259 25820
2263 5460
2264 4520
2265 3220
2269 5460
2279 89940
2286 5100
2289 22420
2299 9060
2303 5360
2304 4560
2305 3660
2309 5360
2319 52740
2326 16740
2329 4260
2339 30220
2343 3560
2344 22420
2345 85500
2349 3560
2355 43240
2359 10480
2366 5460
2369 2900
2379 8900
2383 19800
2384 4260
2385 28540
2389 19800
2395 16900
2399 15760
2406 5360
2409 2140
2419 31380
2423 4620
2424 2900
2425 6020
2429 4620
2435 4040
2439 11640
2446 3560
2449 6780
2459 11000
2463 6020
2464 2140
2465 8580
2469 6020
2475 4860
2479 40700
2485 43240
2486 19800
2489 3220
2499 31140
2503 4440
2504 6780
2505 5100
2509 4440
2515 3960
2519 12080
2525 16900
2526 4620
2529 3660
2539 13160
2543 24200
2544 3220
2545 16740
2549 24200
2555 9480
2559 11560
2565 4040
2566 6020
2569 85500
2579 30160
2583 4460
2584 3660
2585 5460
2589 4460
2595 3640
2599 7440
2605 4860
2606 4440
2609 28540
2619 10500
2623 7180
2624 85500
2625 5360
2629 7180
2635 3340
2639 48940
2645 3960
2646 24200
2649 6020
2659 35340
2663 6540
2664 28540
2665 3560
2669 6540
2675 2500
2679 10880
2685 9480
2686 4460
2689 8580
2699 10140
2703 23960
2704 6020
2705 19800
2707 43240
2709 23960
2715 14200
2719 14300
2725 3640
2726 7180
2729 5100
2739 37420
2743 6620
2744 8580
2745 4620
2747 16900
2749 6620
2755 2680
2759 10020
2765 3340
2766 6540
2769 16740
2779 11840
2783 6200
2784 5100
2785 6020
2787 4040
2789 6200
2795 4400
2799 48620
2805 2500
2806 23960
2809 5460
2819 32700
2823 3880
2824 16740
2825 4440
2827 4860
2829 3880
2835 3660
2839 10200
2845 14200
2846 6620
2849 5360
2852 43240
2859 11320
2863 29140
2864 5460
2865 24200
2867 3960
2869 29140
2875 25840
2879 14640
2885 2680
2886 6200
2889 3560
2892 16900
2899 31880
2903 6260
2904 5360
2905 4460
2907 9480
2909 6260
2915 5340
2919 11580
2925 4400
2926 3880
2929 19800
2932 4040
2939 10780
2943 8280
2944 3560
2945 7180
2947 3640
2949 8280
2955 6400
2959 33140
2965 3660
2966 29140
2969 4620
2972 4860
2979 16640
2983 5580
2984 19800
2985 6540
2987 3340
2989 5580
2995 3460
2999 2979
