0 0
598 43240
638 16900
678 4040
718 4860
758 3960
798 9480
838 3640
878 3340
888 43240
910 43240
918 2500
928 16900
950 16900
958 14200
968 4040
990 4040
998 2680
1008 4860
1030 4860
1038 4400
1048 3960
1070 3960
1078 3660
1088 9480
1102 43240
1110 9480
1118 25840
1128 3640
1142 16900
1150 3640
1158 5340
1168 3340
1182 4040
1190 3340
1198 6400
1208 2500
1222 4860
1230 2500
1238 3460
1248 14200
1262 3960
1270 14200
1278 21220
1288 2680
1302 9480
1310 2680
1318 4820
1328 4400
1342 3640
1350 47640
1358 4340
1368 3660
1382 3340
1390 20560
1398 2680
1408 25840
1422 2500
1430 29880
1438 23880
1448 5340
1462 14200
1470 10200
1478 3760
1488 6400
1502 2680
1510 10360
1518 4520
1528 3460
1542 4400
1550 12940
1558 4560
1568 21220
1582 3660
1590 24860
1598 22420
1608 4820
1622 25840
1630 8160
1638 4260
1648 4340
1662 5340
1670 6840
1678 2900
1688 2680
1702 6400
1710 16880
1718 2140
1728 23880
1742 3460
1750 26560
1758 6780
1768 3760
1782 21220
1790 8160
1798 3220
1808 4520
1822 4820
1830 8180
1838 3660
1848 4560
1862 4340
1870 30400
1878 85500
1888 22420
1902 2680
1910 27760
1918 28540
1928 4260
1942 23880
1950 10660
1958 6020
1968 2900
1982 3760
1990 6360
1998 8580
2008 2140
2022 4520
2030 23360
2038 5100
2048 6780
2062 4560
2070 11600
2078 16740
2088 3220
2102 22420
2110 7560
2118 5460
2128 3660
2142 4260
2150 6340
2158 5360
2168 85500
2182 2900
2190 109380
2198 3560
2208 28540
2222 2140
2230 32300
2238 19800
2248 6020
2262 6780
2270 10540
2278 4620
2288 8580
2302 3220
2310 13140
2318 6020
2328 5100
2342 3660
2350 27520
2358 4440
2368 16740
2382 85500
2390 64240
2398 24200
2408 5460
2422 28540
2430 25260
2438 4460
2448 5360
2462 6020
2470 11540
2478 7180
2488 3560
2502 8580
2510 15200
2518 6540
2528 19800
2542 5100
2550 26980
2558 23960
2568 4620
2582 16740
2590 17760
2598 6620
2608 6020
2622 5460
2630 95160
2638 6200
2648 4440
2662 5360
2670 36320
2678 3880
2688 24200
2702 3560
2710 32720
2718 29140
2728 4460
2742 19800
2750 27240
2758 6260
2768 7180
2782 4620
2790 14960
2798 8280
2808 6540
2822 6020
2830 27680
2838 5580
2848 23960
2862 4440
2870 33080
2878 24420
2888 6620
2902 24200
2910 37820
2918 5740
2928 6200
2942 4460
2950 15100
2958 7460
2968 3880
2982 7180
2990 3200
