0 0
183 43240
223 16900
230 43240
263 4040
266 43240
270 16900
303 4860
306 16900
310 4040
343 3960
346 4040
350 4860
383 9480
386 4860
390 3960
423 3640
426 3960
430 9480
463 3340
466 9480
470 3640
503 2500
506 3640
510 3340
543 57440
546 3340
550 2500
583 19580
586 2500
590 14200
623 8440
626 14200
630 2680
663 8520
666 2680
670 4400
703 29800
706 4400
710 3660
743 14820
746 3660
750 25840
783 10040
786 25840
790 5340
801 43240
823 6800
826 5340
830 6400
841 16900
863 23720
866 6400
870 3460
881 4040
903 19020
906 3460
910 21220
921 4860
943 7020
946 21220
950 4820
961 3960
983 7080
986 4820
990 4340
1001 9480
1023 27540
1026 4340
1030 2680
1041 3640
1063 29600
1066 2680
1070 23880
1081 3340
1103 9860
1106 23880
1110 3760
1121 2500
1143 10960
1146 3760
1150 4520
1161 14200
1183 25880
1186 4520
1190 4560
1201 2680
1223 25480
1226 4560
1230 22420
1241 4400
1263 7720
1266 22420
1270 4260
1281 3660
1303 6480
1306 4260
1310 2900
1321 25840
1343 9460
1346 2900
1350 2140
1361 5340
1383 27100
1386 2140
1390 6780
1401 6400
1423 7420
1426 6780
1430 3220
1441 3460
1463 90020
1466 3220
1470 3660
1481 21220
1503 33100
1506 3660
1510 85500
1521 4820
1543 28440
1546 85500
1550 28540
1561 4340
1583 12840
1586 28540
1590 6020
1601 2680
1623 8000
1626 6020
1630 8580
1641 23880
1663 18880
1666 8580
1670 5100
1681 3760
1703 12240
1706 5100
1710 16740
1721 4520
1743 8580
1746 16740
1750 5460
1761 4560
1783 7220
1786 5460
1790 5360
1801 22420
1823 105300
1826 5360
1830 3560
1841 4260
1863 33160
1866 3560
1870 19800
1881 2900
1903 12040
1906 19800
1910 4620
1921 2140
1943 13020
1946 4620
1950 6020
1961 6780
1983 29300
1986 6020
1990 4440
2001 3220
2023 21200
2026 4440
2030 24200
2041 3660
2046 43240
2063 12640
2066 24200
2070 4460
2081 85500
2086 16900
2103 11900
2106 4460
2110 7180
2121 28540
2126 4040
2143 27520
2146 7180
2150 6540
2161 6020
2166 4860
2183 26420
2186 6540
2190 23960
2201 8580
2206 3960
2223 10820
2226 23960
2230 6620
2241 5100
2246 9480
2263 9900
2266 6620
2270 6200
2281 16740
2286 3640
2303 33580
2306 6200
2310 3880
2311 43240
2321 5460
2326 3340
2343 30460
2346 3880
2350 29140
2351 16900
2361 5360
2366 2500
2367 43240
2383 12740
2386 29140
2390 6260
2391 4040
2401 3560
2406 14200
2407 16900
2423 12760
2426 6260
2430 8280
2431 4860
2441 19800
2446 2680
2447 4040
2463 30960
2466 8280
2470 5580
2471 3960
2481 4620
2486 4400
2487 4860
2503 29700
2506 5580
2510 24420
2511 9480
2521 6020
2526 3660
2527 3960
2543 14080
2546 24420
2550 5740
2551 3640
2561 4440
2566 25840
2567 9480
2583 11240
2586 5740
2590 7460
2591 3340
2601 24200
2606 5340
2607 3640
2623 13060
2626 7460
2630 5040
2631 2500
2641 4460
2646 6400
2647 3340
2663 34280
2666 5040
2670 9180
2671 14200
2681 7180
2686 3460
2687 2500
2703 12640
2706 9180
2710 5140
2711 2680
2721 6540
2726 21220
2727 14200
2743 122620
2746 5140
2750 6380
2751 4400
2761 23960
2766 4820
2767 2680
2783 31680
2786 6380
2790 114340
2791 3660
2801 6620
2806 4340
2807 4400
2823 30420
2826 114340
2830 26100
2831 25840
2841 6200
2846 2680
2847 3660
2863 14820
2866 26100
2870 6000
2871 5340
2874 43240
2881 3880
2886 23880
2887 25840
2903 13320
2906 6000
2910 9080
2911 6400
2914 16900
2921 29140
2926 3760
2927 5340
2943 28620
2946 9080
2950 5860
2951 3460
2954 4040
2961 6260
2966 4520
2967 6400
2983 15660
2986 5860
2990 23580
2991 21220
2994 486
