0 0
340 43240
380 16900
420 4040
460 4860
500 3960
540 9480
580 3640
620 3340
660 2500
700 14200
740 2680
780 4400
820 3660
860 25840
900 5340
940 6400
980 3460
1020 21220
1060 4820
1100 4340
1140 2680
1180 23880
1220 3760
1260 4520
1300 4560
1340 22420
1380 4260
1420 2900
1460 2140
1500 6780
1540 3220
1580 3660
1620 85500
1660 28540
1700 6020
1740 8580
1780 5100
1820 16740
1824 43240
1860 5460
1864 16900
1900 5360
1904 4040
1940 3560
1944 4860
1980 19800
1984 3960
2020 4620
2024 9480
2041 43240
2060 6020
2064 3640
2081 16900
2100 4440
2104 3340
2121 4040
2140 24200
2144 2500
2161 4860
2180 4460
2184 14200
2201 3960
2220 7180
2224 2680
2241 9480
2246 43240
2260 6540
2264 4400
2281 3640
2286 16900
2290 43240
2300 23960
2304 3660
2321 3340
2326 4040
2330 16900
2340 6620
2344 25840
2361 2500
2366 4860
2370 4040
2380 6200
2384 5340
2401 14200
2406 3960
2410 4860
2420 3880
2424 6400
2441 2680
2446 9480
2450 3960
2460 29140
2464 3460
2481 4400
2486 46880
2490 9480
2500 6260
2504 21220
2521 3660
2526 20240
2530 3640
2540 8280
2544 4820
2561 25840
2566 6540
2570 3340
2580 5580
2584 4340
2601 5340
2606 19060
2610 2500
2620 24420
2624 2680
2641 6400
2646 6640
2650 14200
2660 5740
2664 23880
2681 3460
2686 13880
2690 2680
2700 7460
2704 3760
2721 21220
2726 7300
2730 4400
2740 5040
2744 4520
2761 4820
2766 29180
2770 3660
2780 9180
2783 43240
2784 4560
2801 4340
2806 7840
2810 25840
2811 43240
2820 5140
2823 16900
2824 22420
2841 2680
2846 20600
2850 5340
2851 16900
2860 6380
2863 4040
2864 4260
2881 23880
2886 6140
2890 6400
2891 4040
2900 114340
2903 4860
2904 2900
2921 3760
2926 25620
2930 3460
2931 4860
2940 26100
2943 3960
2944 2140
2961 4520
2966 8480
