0 0
1412 43240
1452 16900
1492 4040
1509 43240
1532 4860
1549 16900
1572 3960
1589 4040
1612 9480
1629 4860
1652 3640
1669 3960
1692 3340
1709 9480
1732 2500
1749 3640
1763 43240
1772 14200
1789 3340
1803 16900
1812 2680
1829 2500
1843 4040
1852 4400
1869 14200
1883 4860
1892 3660
1909 2680
1919 43240
1923 3960
1927 43240
1932 25840
1949 4400
1959 16900
1963 9480
1967 16900
1972 5340
1989 3660
1999 4040
2003 3640
2007 4040
2012 6400
2029 25840
2039 4860
2043 3340
2047 4860
2052 3460
2054 43240
2069 5340
2079 3960
2083 2500
2087 3960
2092 21220
2094 16900
2109 6400
2119 9480
2123 14200
2127 9480
2132 4820
2134 4040
2149 3460
2159 3640
2163 2680
2167 3640
2172 4340
2174 4860
2189 21220
2199 3340
2203 4400
2207 3340
2212 2680
2214 3960
2226 43240
2229 4820
2239 2500
2243 3660
2247 2500
2252 23880
2254 9480
2266 16900
2269 4340
2279 14200
2283 25840
2287 14200
2292 3760
2294 3640
2306 4040
2309 2680
2319 2680
2323 5340
2327 2680
2332 4520
2334 3340
2346 4860
2349 23880
2359 4400
2363 6400
2367 4400
2372 4560
2374 2500
2386 3960
2389 3760
2399 3660
2403 3460
2407 3660
2412 22420
2414 14200
2426 9480
2429 4520
2439 25840
2443 21220
2447 25840
2452 4260
2454 2680
2466 3640
2469 4560
2479 5340
2483 4820
2487 5340
2492 2900
2494 4400
2506 3340
2509 22420
2519 6400
2523 4340
2527 6400
2532 2140
2534 3660
2546 2500
2549 4260
2559 3460
2563 2680
2567 3460
2572 6780
2574 25840
2586 14200
2589 2900
2599 21220
2603 23880
2607 21220
2612 3220
2614 5340
2626 2680
2629 2140
2639 4820
2643 3760
2647 4820
2652 3660
2654 6400
2666 4400
2669 6780
2679 4340
2683 4520
2687 4340
2692 85500
2694 3460
2706 3660
2709 3220
2719 2680
2723 4560
2727 2680
2732 28540
2734 21220
2746 25840
2749 3660
2759 23880
2763 22420
2767 23880
2772 6020
2774 4820
2786 5340
2789 85500
2799 3760
2803 4260
2807 3760
2812 8580
2814 4340
2821 43240
2826 6400
2829 28540
2839 4520
2843 2900
2847 4520
2852 5100
2854 2680
2861 16900
2866 3460
2869 6020
2878 43240
2879 4560
2883 2140
2887 4560
2892 16740
2894 23880
2901 4040
2906 21220
2909 8580
2918 16900
2919 22420
2923 6780
2927 22420
2932 5460
2934 3760
2941 4860
2946 4820
2949 5100
2958 4040
2959 4260
2962 43240
2963 3220
2967 4260
2972 5360
2974 4520
2981 3960
2986 4340
2989 16740
2998 3159
