0 0
154 43240
194 16900
234 4040
274 4860
314 3960
354 9480
394 3640
434 3340
474 2500
507 43240
514 14200
547 16900
554 2680
556 43240
587 4040
594 4400
596 16900
627 4860
634 3660
636 4040
667 3960
674 25840
676 4860
707 9480
714 5340
716 3960
747 3640
754 6400
756 9480
787 3340
794 3460
796 3640
827 2500
834 21220
836 3340
867 14200
874 4820
876 2500
907 2680
914 4340
916 14200
947 4400
954 2680
956 2680
987 3660
994 23880
996 4400
1027 25840
1034 3760
1036 3660
1053 43240
1067 5340
1074 4520
1076 25840
1093 16900
1107 6400
1114 4560
1116 5340
1133 4040
1147 3460
1154 22420
1156 6400
1173 4860
1187 21220
1194 4260
1196 3460
1213 3960
1227 4820
1234 2900
1236 21220
1253 9480
1267 4340
1274 2140
1276 4820
1293 3640
1307 2680
1314 6780
1316 4340
1320 43240
1333 3340
1347 23880
1354 3220
1356 2680
1360 16900
1373 2500
1387 3760
1394 3660
1396 23880
1400 4040
1413 14200
1427 4520
1434 85500
1436 3760
1440 4860
1453 2680
1467 4560
1474 28540
1476 4520
1480 3960
1493 4400
1507 22420
1514 6020
1516 4560
1520 9480
1533 3660
1547 4260
1554 8580
1556 22420
1560 3640
1561 43240
1573 25840
1587 2900
1594 5100
1596 4260
1600 3340
1601 16900
1613 5340
1617 43240
1627 2140
1634 16740
1636 2900
1640 2500
1641 4040
1653 6400
1657 16900
1667 6780
1674 5460
1676 2140
1680 14200
1681 4860
1693 3460
1697 4040
1707 3220
1714 5360
1716 6780
1720 2680
1721 3960
1733 21220
1737 4860
1747 3660
1754 3560
1756 3220
1760 4400
1761 9480
1773 4820
1777 3960
1787 85500
1794 19800
1796 3660
1800 3660
1801 3640
1813 4340
1817 9480
1827 28540
1834 4620
1836 85500
1840 25840
1841 3340
1853 2680
1857 3640
1867 6020
1874 6020
1876 28540
1880 5340
1881 2500
1893 23880
1897 3340
1907 8580
1914 4440
1916 6020
1920 6400
1921 14200
1933 3760
1937 2500
1947 5100
1954 24200
1956 8580
1960 3460
1961 2680
1973 4520
1977 14200
1987 16740
1994 4460
1996 5100
2000 21220
2001 4400
2013 4560
2017 2680
2027 5460
2034 7180
2036 16740
2040 4820
2041 3660
2051 43240
2053 22420
2057 4400
2067 5360
2074 6540
2076 5460
2080 4340
2081 25840
2091 16900
2093 4260
2097 3660
2107 3560
2114 23960
2116 5360
2117 43240
2120 2680
2121 5340
2131 4040
2133 2900
2137 25840
2147 19800
2154 6620
2156 3560
2157 16900
2160 23880
2161 6400
2171 4860
2173 2140
2177 5340
2187 4620
2194 6200
2196 19800
2197 4040
2200 3760
2201 3460
2211 3960
2213 6780
2217 6400
2227 6020
2234 3880
2236 4620
2237 4860
2240 4520
2241 21220
2251 9480
2253 3220
2257 3460
2267 4440
2274 29140
2276 6020
2277 3960
2280 4560
2281 4820
2291 3640
2293 3660
2297 21220
2307 24200
2314 6260
2316 4440
2317 9480
2320 22420
2321 4340
2331 3340
2333 85500
2337 4820
2347 4460
2354 8280
2356 24200
2357 3640
2360 4260
2361 2680
2371 2500
2373 28540
2377 4340
2387 7180
2394 5580
2396 4460
2397 3340
2400 2900
2401 23880
2411 14200
2413 6020
2417 2680
2427 6540
2434 24420
2436 7180
2437 2500
2440 2140
2441 3760
2451 2680
2453 8580
2457 23880
2467 23960
2474 5740
2476 6540
2477 14200
2480 6780
2481 4520
2491 4400
2493 5100
2497 3760
2507 6620
2514 7460
2516 23960
2517 2680
2520 3220
2521 4560
2531 3660
2533 16740
2537 4520
2547 6200
2554 5040
2556 6620
2557 4400
2560 3660
2561 22420
2571 25840
2573 5460
2577 4560
2587 3880
2594 9180
2596 6200
2597 3660
2600 85500
2601 4260
2611 5340
2613 5360
2617 22420
2627 29140
2634 5140
2636 3880
2637 25840
2640 28540
2641 2900
2651 6400
2653 3560
2657 4260
2667 6260
2674 6380
2676 29140
2677 5340
2680 6020
2681 2140
2691 3460
2693 19800
2697 2900
2707 8280
2714 114340
2716 6260
2717 6400
2720 8580
2721 6780
2731 21220
2733 4620
2737 2140
2747 5580
2754 26100
2756 8280
2757 3460
2760 5100
2761 3220
2771 4820
2773 6020
2777 6780
2787 24420
2794 6000
2796 5580
2797 21220
2800 16740
2801 3660
2811 4340
2813 4440
2817 3220
2827 5740
2834 9080
2836 24420
2837 4820
2840 5460
2841 85500
2851 2680
2853 24200
2857 3660
2867 7460
2874 5860
2876 5740
2877 4340
2880 5360
2881 28540
2891 23880
2893 4460
2897 85500
2907 5040
2914 23580
2916 7460
2917 2680
2920 3560
2921 6020
2931 3760
2933 7180
2937 28540
2947 9180
2954 6480
2956 5040
2957 23880
2960 19800
2961 8580
2971 4520
2973 6540
2977 6020
