0 0
274 43240
314 16900
354 4040
394 4860
434 3960
474 9480
514 3640
554 3340
594 2500
634 14200
674 2680
714 4400
754 3660
794 25840
834 5340
874 6400
914 3460
954 21220
994 4820
1034 4340
1044 43240
1074 2680
1084 16900
1114 23880
1124 4040
1154 3760
1164 4860
1194 4520
1204 3960
1232 43240
1234 4560
1244 9480
1272 16900
1274 22420
1284 3640
1312 4040
1314 4260
1324 3340
1348 43240
1352 4860
1354 2900
1364 2500
1388 16900
1392 3960
1394 2140
1404 14200
1428 4040
1432 9480
1434 6780
1444 2680
1468 4860
1472 3640
1474 3220
1484 4400
1508 3960
1512 3340
1514 3660
1524 3660
1548 9480
1552 2500
1554 85500
1564 25840
1573 43240
1588 3640
1592 14200
1594 28540
1604 5340
1613 16900
1628 3340
1632 2680
1634 6020
1644 6400
1653 4040
1668 2500
1672 4400
1674 8580
1684 3460
1693 4860
1708 14200
1712 3660
1714 5100
1724 21220
1733 3960
1748 2680
1752 25840
1754 16740
1764 4820
1773 9480
1788 4400
1792 5340
1794 5460
1804 4340
1812 43240
1813 3640
1828 3660
1832 6400
1834 5360
1844 2680
1852 16900
1853 3340
1868 25840
1872 3460
1874 3560
1884 23880
1892 4040
1893 2500
1908 5340
1912 21220
1914 19800
1924 3760
1927 43240
1932 4860
1933 14200
1948 6400
1952 4820
1954 4620
1964 4520
1967 16900
1972 3960
1973 2680
1988 3460
1992 4340
1994 6020
1998 43240
2004 4560
2007 4040
2012 9480
2013 4400
2028 21220
2032 2680
2034 4440
2038 16900
2044 22420
2047 4860
2052 3640
2053 3660
2068 4820
2072 23880
2074 24200
2078 4040
2084 4260
2087 3960
2088 43240
2092 3340
2093 25840
2108 4340
2112 3760
2114 4460
2118 4860
2124 2900
2127 9480
2128 16900
2132 2500
2133 5340
2148 2680
2152 4520
2154 7180
2158 3960
2164 2140
2167 3640
2168 4040
2172 14200
2173 6400
2188 23880
2192 4560
2194 6540
2198 9480
2204 6780
2207 3340
2208 4860
2212 2680
2213 3460
2228 3760
2232 22420
2234 23960
2238 3640
2244 3220
2247 2500
2248 3960
2252 4400
2253 21220
2268 4520
2272 4260
2274 6620
2278 3340
2284 3660
2287 14200
2288 9480
2292 3660
2293 4820
2308 4560
2312 2900
2314 6200
2318 2500
2324 85500
2327 2680
2328 3640
2332 25840
2333 4340
2334 43240
2341 43240
2348 22420
2352 2140
2354 3880
2358 14200
2364 28540
2367 4400
2368 3340
2372 5340
2373 2680
2374 16900
2381 16900
2388 4260
2392 6780
2394 29140
2398 2680
2404 6020
2407 3660
2408 2500
2412 6400
2413 23880
2414 4040
2421 47280
2428 2900
2432 3220
2434 6260
2438 4400
2444 8580
2447 25840
2448 14200
2452 3460
2453 3760
2454 4860
2461 21760
2468 2140
2472 3660
2474 8280
2478 3660
2484 5100
2487 5340
2488 2680
2492 21220
2493 4520
2494 3960
2501 8000
2508 6780
2512 85500
2514 5580
2518 25840
2524 16740
2527 6400
2528 4400
2532 4820
2533 4560
2534 9480
2541 14340
2548 3220
2552 28540
2554 24420
2558 5340
2564 5460
2567 3460
2568 3660
2572 4340
2573 22420
2574 3640
2581 7600
2588 3660
2592 6020
2594 5740
2595 43240
2598 6400
2604 5360
2607 21220
2608 25840
2612 2680
2613 4260
2614 3340
2621 12820
2628 85500
2632 8580
2634 7460
2635 16900
2638 3460
2644 3560
2647 4820
2648 5340
2652 23880
2653 2900
2654 2500
2661 6140
2668 28540
2672 5100
2674 5040
2675 4040
2678 21220
2684 19800
2687 4340
2688 6400
2692 3760
2693 2140
2694 14200
2701 17540
2708 6020
2712 16740
2714 9180
2715 4860
2718 4820
2724 4620
2727 2680
2728 3460
2732 4520
2733 6780
2734 2680
2741 5180
2748 8580
2752 5460
2754 5140
2755 3960
2758 4340
2764 6020
2767 23880
2768 21220
2772 4560
2773 3220
2774 4400
2781 18600
2788 5100
2792 5360
2794 6380
2795 9480
2798 2680
2804 4440
2807 3760
2808 4820
2812 22420
2813 3660
2814 3660
2821 6340
2828 16740
2832 3560
2834 114340
2835 3640
2838 23880
2844 24200
2847 4520
2848 4340
2852 4260
2853 85500
2854 25840
2861 30240
2868 5460
2872 63040
2874 26100
2875 3340
2878 3760
2884 4460
2887 4560
2888 2680
2892 2900
2893 28540
2894 5340
2901 9000
2908 5360
2912 21520
2914 6000
2915 2500
2918 4520
2924 7180
2927 22420
2928 23880
2932 2140
2933 6020
2934 6400
2941 32240
2948 3560
2952 10060
2954 9080
2955 14200
2958 4560
2964 6540
2967 4260
2968 3760
2972 6780
2973 8580
2974 3460
2981 8800
2988 19800
2992 8634
