0 0
109 43240
149 16900
189 4040
223 43240
229 4860
263 16900
269 3960
303 4040
309 9480
343 4860
349 3640
383 3960
389 3340
423 9480
429 2500
463 3640
469 14200
503 3340
509 2680
543 2500
549 4400
583 14200
589 3660
623 2680
629 25840
663 4400
669 5340
703 3660
709 6400
743 25840
749 3460
783 5340
789 21220
814 43240
823 6400
829 4820
854 16900
863 3460
869 4340
894 4040
903 21220
909 2680
934 4860
943 4820
949 23880
974 3960
983 4340
989 3760
1014 9480
1023 2680
1029 4520
1054 3640
1063 23880
1069 4560
1094 3340
1103 3760
1109 22420
1134 2500
1143 4520
1149 4260
1174 14200
1183 4560
1189 2900
1214 2680
1223 22420
1229 2140
1254 4400
1263 4260
1269 6780
1294 3660
1303 2900
1309 3220
1334 25840
1343 2140
1349 3660
1374 5340
1383 6780
1389 85500
1414 6400
1423 3220
1429 28540
1454 3460
1463 3660
1469 6020
1494 21220
1503 85500
1509 8580
1534 4820
1543 28540
1549 5100
1574 4340
1583 6020
1589 16740
1614 2680
1623 8580
1629 5460
1653 43240
1654 23880
1657 43240
1663 5100
1669 5360
1693 16900
1694 3760
1697 16900
1703 16740
1709 3560
1728 43240
1733 4040
1734 4520
1737 4040
1743 5460
1749 19800
1768 16900
1773 4860
1774 4560
1777 4860
1783 5360
1789 4620
1808 4040
1813 3960
1814 22420
1817 3960
1823 3560
1829 6020
1848 4860
1853 9480
1854 4260
1857 9480
1863 19800
1869 4440
1888 3960
1893 3640
1894 2900
1897 3640
1903 4620
1909 24200
1928 9480
1933 3340
1934 2140
1937 3340
1943 6020
1949 4460
1968 3640
1973 2500
1974 6780
1977 2500
1983 4440
1989 7180
2008 3340
2013 14200
2014 3220
2017 14200
2023 24200
2029 6540
2048 2500
2051 43240
2053 2680
2054 3660
2057 2680
2063 4460
2069 23960
2088 14200
2091 16900
2093 4400
2094 85500
2097 4400
2103 7180
2109 6620
2128 2680
2131 4040
2133 3660
2134 28540
2137 3660
2143 6540
2149 6200
2150 43240
2168 4400
2171 4860
2173 25840
2174 6020
2177 25840
2183 23960
2189 3880
2190 16900
2208 3660
2211 3960
2213 5340
2214 8580
2217 5340
2223 6620
2229 29140
2230 4040
2248 25840
2251 9480
2253 6400
2254 5100
2257 6400
2263 6200
2269 6260
2270 4860
2288 5340
2291 3640
2293 3460
2294 16740
2297 3460
2303 3880
2309 8280
2310 3960
2328 6400
2331 3340
2333 21220
2334 5460
2337 21220
2343 29140
2349 5580
2350 9480
2368 3460
2371 2500
2373 4820
2374 5360
2377 4820
2383 6260
2389 24420
2390 3640
2408 21220
2411 14200
2413 4340
2414 3560
2417 4340
2423 8280
2429 5740
2430 3340
2448 4820
2451 2680
2453 2680
2454 19800
2457 2680
2463 5580
2469 7460
2470 2500
2488 4340
2491 4400
2493 23880
2494 4620
2497 23880
2503 24420
2509 5040
2510 14200
2528 2680
2531 3660
2533 3760
2534 6020
2537 3760
2543 5740
2549 9180
2550 2680
2568 23880
2571 69080
2573 4520
2574 4440
2577 4520
2583 7460
2589 5140
2590 4400
2608 3760
2611 22240
2613 4560
2614 24200
2617 4560
2623 5040
2629 6380
2630 46900
2648 4520
2651 10440
2653 22420
2654 4460
2657 22420
2663 9180
2669 114340
2670 42740
2688 4560
2691 8320
2693 4260
2694 7180
2697 4260
2702 43240
2703 5140
2709 26100
2710 9380
2728 22420
2731 25180
2733 2900
2734 6540
2737 2900
2742 16900
2743 6380
2749 6000
2750 11260
2768 4260
2771 14300
2773 2140
2774 23960
2777 2140
2782 4040
2783 114340
2789 9080
2790 7420
2808 2900
2811 7980
2813 6780
2814 6620
2817 6780
2822 4860
2823 26100
2829 5860
2830 30700
2848 2140
2851 6020
2853 3220
2854 6200
2857 3220
2862 3960
2863 6000
2869 23580
2870 8460
2888 6780
2891 26380
2893 3660
2894 3880
2897 3660
2902 9480
2903 9080
2909 6480
2910 7680
2928 3220
2931 17960
2933 85500
2934 29140
2937 85500
2942 3640
2943 5860
2949 9400
2950 5180
2968 3660
2971 7200
2973 28540
2974 6260
2977 25686
