0 0
317 43240
356 43240
357 16900
396 16900
397 4040
436 4040
437 4860
476 4860
477 3960
516 3960
517 9480
556 9480
557 3640
596 3640
597 3340
636 3340
637 2500
676 2500
677 14200
716 14200
717 2680
756 2680
757 4400
796 4400
797 3660
834 43240
836 3660
837 25840
870 43240
874 16900
876 25840
877 5340
910 16900
914 4040
916 5340
917 6400
950 4040
954 4860
956 6400
957 3460
990 4860
994 3960
996 3460
997 21220
1030 3960
1034 9480
1036 21220
1037 4820
1070 9480
1074 3640
1076 4820
1077 4340
1110 3640
1114 3340
1116 4340
1117 2680
1150 3340
1154 2500
1156 2680
1157 23880
1190 2500
1194 14200
1196 23880
1197 3760
1230 14200
1234 2680
1236 3760
1237 4520
1270 2680
1274 4400
1276 4520
1277 4560
1310 4400
1314 3660
1316 4560
1317 22420
1350 3660
1354 25840
1356 22420
1357 4260
1390 25840
1394 5340
1396 4260
1397 2900
1430 5340
1434 6400
1436 2900
1437 2140
1468 43240
1470 6400
1474 3460
1476 2140
1477 6780
1508 16900
1510 3460
1514 21220
1516 6780
1517 3220
1547 43240
1548 4040
1550 21220
1554 4820
1556 3220
1557 3660
1587 16900
1588 4860
1590 4820
1594 4340
1596 3660
1597 85500
1627 4040
1628 3960
1630 4340
1634 2680
1636 85500
1637 28540
1667 4860
1668 9480
1670 2680
1674 23880
1676 28540
1677 6020
1707 3960
1708 3640
1710 23880
1714 3760
1716 6020
1717 8580
1747 9480
1748 3340
1750 3760
1754 4520
1756 8580
1757 5100
1787 3640
1788 2500
1790 4520
1794 4560
1796 5100
1797 16740
1827 3340
1828 14200
1830 4560
1834 22420
1836 16740
1837 5460
1867 2500
1868 2680
1870 22420
1874 4260
1876 5460
1877 5360
1907 14200
1908 4400
1910 4260
1913 43240
1914 2900
1916 5360
1917 3560
1947 2680
1948 3660
1950 2900
1953 16900
1954 2140
1956 3560
1957 19800
1987 4400
1988 25840
1990 2140
1993 4040
1994 6780
1996 19800
1997 4620
2027 3660
2028 5340
2030 6780
2033 4860
2034 3220
2036 4620
2037 6020
2067 25840
2068 6400
2070 3220
2073 3960
2074 3660
2076 6020
2077 4440
2107 5340
2108 3460
2110 3660
2113 9480
2114 85500
2116 4440
2117 24200
2147 6400
2148 21220
2150 85500
2153 3640
2154 28540
2156 24200
2157 4460
2187 3460
2188 4820
2190 28540
2193 3340
2194 6020
2196 4460
2197 7180
2227 21220
2228 4340
2230 6020
2233 2500
2234 8580
2236 7180
2237 6540
2242 43240
2267 4820
2268 2680
2270 8580
2273 14200
2274 5100
2276 6540
2277 23960
2282 16900
2307 4340
2308 23880
2310 5100
2313 2680
2314 16740
2316 23960
2317 6620
2322 4040
2347 2680
2348 3760
2350 16740
2353 4400
2354 5460
2356 6620
2357 6200
2362 4860
2387 23880
2388 4520
2390 5460
2393 3660
2394 5360
2396 6200
2397 3880
2402 3960
2427 3760
2428 4560
2430 5360
2433 25840
2434 3560
2436 3880
2437 29140
2442 9480
2467 4520
2468 22420
2470 3560
2473 5340
2474 19800
2476 29140
2477 6260
2482 3640
2507 4560
2508 4260
2510 19800
2513 6400
2514 4620
2516 6260
2517 8280
2522 3340
2536 43240
2547 22420
2548 2900
2550 4620
2553 3460
2554 6020
2556 8280
2557 5580
2562 2500
2576 16900
2587 4260
2588 2140
2590 6020
2593 21220
2594 4440
2596 5580
2597 24420
2602 14200
2616 4040
2627 2900
2628 6780
2630 4440
2633 4820
2634 24200
2636 24420
2637 5740
2642 2680
2643 43240
2656 4860
2667 2140
2668 3220
2670 24200
2673 4340
2674 4460
2676 5740
2677 7460
2682 4400
2683 16900
2696 3960
2707 6780
2708 3660
2710 4460
2713 2680
2714 7180
2716 7460
2717 5040
2722 3660
2723 4040
2736 9480
2747 3220
2748 85500
2750 7180
2753 23880
2754 6540
2756 5040
2757 9180
2762 25840
2763 4860
2776 3640
2787 3660
2788 28540
2790 6540
2793 3760
2794 23960
2796 9180
2797 5140
2801 43240
2802 5340
2803 3960
2816 3340
2827 85500
2828 6020
2830 23960
2833 4520
2834 6620
2836 5140
2837 6380
2841 16900
2842 6400
2843 9480
2856 2500
2867 28540
2868 8580
2870 6620
2873 4560
2874 6200
2876 6380
2877 114340
2881 4040
2882 3460
2883 3640
2896 14200
2907 6020
2908 5100
2910 6200
2913 22420
2914 3880
2916 114340
2917 26100
2921 4860
2922 21220
2923 3340
2936 2680
2947 8580
2948 16740
2950 3880
2953 4260
2954 29140
2956 26100
2957 6000
2961 3960
2962 4820
2963 2500
2976 4400
2987 5100
2988 5460
2990 29140
2993 2900
2994 6260
2996 6000
2997 7718
