0 0
200 43240
240 16900
280 4040
320 4860
360 3960
400 9480
440 3640
452 43240
480 3340
492 16900
520 2500
532 4040
550 43240
560 14200
572 4860
579 43240
590 16900
600 2680
612 3960
619 16900
630 4040
640 4400
652 9480
659 4040
670 4860
680 3660
681 43240
692 3640
699 4860
710 3960
720 25840
721 16900
732 3340
739 3960
750 9480
760 5340
761 4040
772 2500
779 9480
790 3640
800 6400
801 4860
812 14200
819 3640
830 3340
840 3460
841 3960
852 2680
859 3340
870 2500
880 21220
881 9480
892 4400
899 2500
910 14200
920 4820
921 3640
932 3660
939 14200
950 2680
960 4340
961 3340
972 25840
979 2680
990 4400
1000 2680
1001 2500
1012 5340
1019 4400
1030 3660
1040 23880
1041 14200
1052 6400
1059 3660
1070 25840
1080 3760
1081 2680
1092 3460
1099 25840
1110 5340
1120 4520
1121 4400
1132 21220
1139 5340
1150 49640
1160 4560
1161 3660
1172 4820
1179 6400
1190 20360
1200 22420
1201 25840
1212 4340
1219 3460
1230 25260
1240 4260
1241 5340
1252 2680
1259 21220
1270 9680
1280 2900
1281 6400
1292 23880
1299 4820
1310 8300
1320 2140
1321 3460
1332 3760
1339 4340
1350 12160
1360 6780
1361 21220
1371 43240
1372 4520
1379 2680
1390 27520
1400 3220
1401 4820
1411 16900
1412 4560
1419 23880
1430 7100
1440 3660
1441 4340
1451 4040
1452 22420
1459 3760
1470 7020
1480 85500
1481 2680
1491 4860
1492 4260
1499 4520
1510 18760
1520 28540
1521 23880
1531 3960
1532 2900
1539 4560
1550 25100
1560 6020
1561 3760
1571 9480
1572 2140
1579 22420
1590 8660
1600 8580
1601 4520
1611 3640
1612 6780
1619 4260
1630 6560
1640 5100
1641 4560
1643 43240
1651 3340
1652 3220
1659 2900
1670 27980
1680 16740
1681 22420
1683 16900
1691 2500
1692 3660
1699 2140
1710 12120
1720 5460
1721 4260
1723 4040
1731 14200
1732 85500
1739 6780
1750 9620
1760 5360
1761 2900
1763 4860
1771 2680
1772 28540
1779 3220
1790 7120
1800 3560
1801 2140
1803 3960
1811 4400
1812 6020
1819 3660
1830 106720
1840 19800
1841 6780
1843 9480
1851 3660
1852 8580
1859 85500
1870 33360
1880 4620
1881 3220
1883 3640
1891 25840
1892 5100
1899 28540
1910 10360
1920 6020
1921 3660
1923 3340
1931 5340
1932 16740
1939 6020
1950 11260
1960 4440
1961 85500
1963 2500
1971 6400
1972 5460
1979 8580
1990 28980
1998 43240
2000 24200
2001 28540
2003 14200
2011 3460
2012 5360
2019 5100
2030 20500
2038 16900
2040 4460
2041 6020
2043 2680
2051 21220
2052 3560
2059 16740
2070 9980
2078 4040
2080 7180
2081 8580
2083 4400
2091 4820
2092 19800
2099 5460
2110 9920
2118 4860
2120 6540
2121 5100
2123 3660
2131 4340
2132 4620
2139 5360
2150 25980
2158 3960
2160 23960
2161 16740
2163 25840
2171 2680
2172 6020
2179 3560
2190 24060
2198 9480
2200 6620
2201 5460
2203 5340
2211 23880
2212 4440
2219 19800
2230 7520
2238 3640
2240 6200
2241 5360
2243 6400
2251 3760
2252 24200
2259 4620
2270 8160
2278 3340
2280 3880
2281 3560
2283 3460
2291 4520
2292 4460
2299 6020
2310 11220
2318 2500
2320 29140
2321 19800
2323 21220
2331 4560
2332 7180
2339 4440
2350 27420
2358 14200
2360 6260
2361 4620
2363 4820
2371 22420
2372 6540
2379 24200
2390 8120
2396 43240
2398 2680
2400 8280
2401 6020
2403 4340
2411 4260
2412 23960
2419 4460
2430 92680
2436 16900
2438 4400
2440 5580
2441 4440
2443 2680
2451 2900
2452 6620
2459 7180
2470 35080
2476 4040
2478 3660
2480 24420
2481 24200
2483 23880
2491 2140
2492 6200
2498 43240
2499 6540
2510 29980
2516 4860
2518 25840
2520 5740
2521 4460
2523 3760
2531 6780
2532 3880
2538 16900
2539 23960
2550 15200
2556 3960
2558 5340
2559 43240
2560 7460
2561 7180
2563 4520
2571 3220
2572 29140
2578 4040
2579 6620
2590 11300
2596 9480
2598 6400
2599 16900
2600 5040
2601 6540
2603 4560
2611 3660
2612 49500
2618 4860
2619 6200
2630 20620
2636 3640
2638 3460
2639 4040
2640 9180
2641 23960
2643 22420
2651 85500
2652 25180
2658 3960
2659 3880
2670 34600
2676 3340
2678 21220
2679 4860
2680 5140
2681 6620
2683 4260
2691 28540
2692 9620
2698 9480
2699 29140
2710 11620
2716 2500
2718 4820
2719 3960
2720 6380
2721 6200
2723 2900
2731 6020
2732 29280
2738 3640
2739 6260
2750 11840
2756 14200
2758 4340
2759 9480
2760 114340
2761 3880
2763 2140
2771 8580
2772 9700
2778 3340
2779 8280
2790 25380
2796 2680
2798 2680
2799 3640
2800 26100
2801 29140
2803 6780
2811 5100
2812 16940
2818 2500
2819 5580
2830 29040
2836 4400
2838 23880
2839 3340
2840 6000
2841 6260
2843 3220
2851 16740
2852 8680
2858 14200
2859 67660
2870 11760
2876 3660
2878 3760
2879 2500
2880 9080
2881 8280
2883 3660
2891 5460
2892 12520
2898 2680
2899 22640
2909 43240
2910 11900
2916 25840
2918 4520
2919 14200
2920 5860
2921 5580
2923 85500
2931 5360
2932 7640
2938 4400
2939 11500
2949 16900
2950 29240
2956 5340
2958 4560
2959 2680
2960 23580
2961 24420
2963 28540
2971 3560
2972 20580
2978 3660
2979 9900
2989 4040
2990 11856
