0 0
134 43240
174 16900
195 43240
214 4040
235 16900
254 4860
275 4040
294 3960
315 4860
334 9480
355 3960
367 43240
374 3640
395 9480
407 16900
414 3340
435 3640
447 4040
454 2500
475 3340
487 4860
494 14200
515 2500
527 3960
534 2680
555 14200
567 9480
574 4400
595 2680
607 3640
614 3660
635 4400
647 3340
654 25840
675 3660
687 2500
694 5340
715 25840
727 14200
734 6400
755 5340
767 2680
774 3460
795 6400
807 4400
814 21220
835 3460
847 3660
854 4820
875 21220
887 25840
894 4340
915 4820
927 5340
934 2680
952 43240
955 4340
967 6400
974 23880
992 16900
995 2680
1007 3460
1014 3760
1032 4040
1035 23880
1047 21220
1054 4520
1072 4860
1075 3760
1087 4820
1094 4560
1112 3960
1115 4520
1127 4340
1134 22420
1152 9480
1155 4560
1167 2680
1174 4260
1192 3640
1195 22420
1207 23880
1214 2900
1232 3340
1235 4260
1247 3760
1254 2140
1272 2500
1275 2900
1287 4520
1294 6780
1312 14200
1315 2140
1327 4560
1334 3220
1352 2680
1355 6780
1367 22420
1374 3660
1392 4400
1395 3220
1407 4260
1414 85500
1432 3660
1435 3660
1447 2900
1454 28540
1470 43240
1472 25840
1475 85500
1487 2140
1494 6020
1510 16900
1512 5340
1515 28540
1527 6780
1534 8580
1550 4040
1552 6400
1555 6020
1566 43240
1567 3220
1574 5100
1590 4860
1592 3460
1595 8580
1602 43240
1606 16900
1607 3660
1614 16740
1630 3960
1632 21220
1635 5100
1642 16900
1646 4040
1647 128740
1654 5460
1670 9480
1672 4820
1675 16740
1682 4040
1686 4860
1687 45440
1694 5360
1710 3640
1712 4340
1715 5460
1722 4860
1726 3960
1727 10060
1734 3560
1750 3340
1752 2680
1755 5360
1762 3960
1766 9480
1767 13440
1774 19800
1790 2500
1792 23880
1795 3560
1802 9480
1806 3640
1807 9060
1814 4620
1830 14200
1832 3760
1835 19800
1842 3640
1846 3340
1847 26220
1854 6020
1870 2680
1872 4520
1875 4620
1882 3340
1886 2500
1887 9100
1894 4440
1910 4400
1912 4560
1915 6020
1922 2500
1926 14200
1927 8700
1934 24200
1950 3660
1952 22420
1955 4440
1962 14200
1966 2680
1967 6060
1974 4460
1990 25840
1992 4260
1995 24200
2002 2680
2006 4400
2007 34000
2014 7180
2030 5340
2032 2900
2035 4460
2042 4400
2046 3660
2047 7300
2054 6540
2070 6400
2072 2140
2075 7180
2082 3660
2086 25840
2087 10420
2091 43240
2094 23960
2110 3460
2112 6780
2115 6540
2122 25840
2126 5340
2127 8100
2131 16900
2134 6620
2150 21220
2152 3220
2155 23960
2162 5340
2166 6400
2167 50040
2171 4040
2174 6200
2190 4820
2192 3660
2195 6620
2202 6400
2206 3460
2207 9800
2211 4860
2214 3880
2230 4340
2232 85500
2235 6200
2242 3460
2246 21220
2247 13580
2251 3960
2254 29140
2270 2680
2272 28540
2275 3880
2282 21220
2286 4820
2287 10000
2291 9480
2294 6260
2310 23880
2312 6020
2315 29140
2322 4820
2326 4340
2327 45180
2331 3640
2334 8280
2350 3760
2352 8580
2355 6260
2362 4340
2366 2680
2367 11440
2371 3340
2374 5580
2390 4520
2392 5100
2395 8280
2402 2680
2406 23880
2407 10540
2411 2500
2414 24420
2430 4560
2432 16740
2435 5580
2442 23880
2446 3760
2447 6560
2451 14200
2454 5740
2470 22420
2472 5460
2475 24420
2482 3760
2486 4520
2487 53020
2491 2680
2494 7460
2510 4260
2512 5360
2515 5740
2522 4520
2526 4560
2527 10020
2531 4400
2534 5040
2550 2900
2552 3560
2555 7460
2562 4560
2566 22420
2567 12800
2571 3660
2574 9180
2590 2140
2592 19800
2595 5040
2602 22420
2606 4260
2607 10140
2611 25840
2614 5140
2630 6780
2632 4620
2635 9180
2642 4260
2646 2900
2647 46840
2651 5340
2654 6380
2670 3220
2672 6020
2675 5140
2682 2900
2686 2140
2687 10000
2691 6400
2694 114340
2710 3660
2712 4440
2715 6380
2722 2140
2726 6780
2727 10360
2731 3460
2734 26100
2750 85500
2752 24200
2755 114340
2762 6780
2766 3220
2767 7180
2771 21220
2774 6000
2790 28540
2792 4460
2795 26100
2802 3220
2806 3660
2807 15960
2811 4820
2814 9080
2830 6020
2832 7180
2835 6000
2840 43240
2842 3660
2846 85500
2847 8360
2849 43240
2851 4340
2854 5860
2870 8580
2872 6540
2875 9080
2880 16900
2882 85500
2886 28540
2887 10040
2889 16900
2891 2680
2894 23580
2910 5100
2912 23960
2915 5860
2920 4040
2922 28540
2926 6020
2927 199840
2929 4040
2931 23880
2934 6480
2950 16740
2952 6620
2955 23580
2960 4860
2962 6020
2966 8580
2967 54640
2969 4860
2971 3760
2974 9400
2990 3003
