0 0
968 43240
1008 16900
1048 4040
1088 4860
1128 3960
1168 9480
1208 3640
1248 3340
1288 2500
1328 14200
1368 2680
1384 43240
1408 4400
1424 16900
1448 3660
1464 4040
1488 25840
1504 4860
1528 5340
1544 3960
1568 6400
1584 9480
1608 3460
1622 43240
1624 3640
1648 21220
1662 16900
1664 3340
1688 4820
1702 4040
1704 2500
1728 4340
1742 4860
1744 14200
1768 2680
1782 3960
1784 2680
1808 23880
1822 9480
1824 4400
1848 3760
1862 3640
1864 3660
1884 43240
1888 4520
1902 3340
1904 25840
1924 16900
1928 4560
1942 2500
1944 5340
1964 4040
1968 22420
1982 57440
1984 6400
2004 4860
2008 4260
2022 19580
2024 3460
2044 3960
2048 2900
2062 8440
2064 21220
2084 9480
2088 2140
2102 8520
2104 4820
2124 3640
2128 6780
2142 29800
2144 4340
2164 3340
2168 3220
2182 14820
2184 2680
2204 2500
2208 3660
2222 10040
2224 23880
2244 14200
2248 85500
2262 6800
2264 3760
2284 2680
2288 28540
2302 23720
2304 4520
2324 4400
2328 6020
2342 19020
2344 4560
2364 3660
2368 8580
2382 7020
2384 22420
2404 25840
2408 5100
2422 7080
2424 4260
2444 5340
2448 16740
2462 27540
2464 2900
2484 6400
2488 5460
2502 29600
2504 2140
2524 3460
2528 5360
2542 9860
2544 6780
2564 21220
2568 3560
2582 10960
2584 3220
2604 4820
2608 19800
2622 25880
2624 3660
2644 4340
2648 4620
2662 25480
2664 85500
2684 2680
2688 6020
2702 7720
2704 28540
2724 23880
2728 4440
2742 6480
2744 6020
2764 3760
2768 24200
2782 9460
2784 8580
2804 4520
2808 4460
2822 27100
2824 5100
2844 4560
2848 7180
2862 7420
2864 16740
2884 22420
2888 6540
2902 90020
2904 5460
2924 4260
2928 23960
2942 33100
2944 5360
2964 2900
2968 6620
