0 0
155 43240
195 16900
235 4040
275 4860
307 43240
315 3960
347 16900
355 9480
387 4040
395 3640
427 4860
435 3340
467 3960
475 2500
507 9480
515 14200
547 3640
555 2680
587 3340
595 4400
608 43240
610 43240
627 2500
633 43240
635 3660
648 16900
650 16900
667 14200
673 16900
675 25840
688 4040
690 4040
707 2680
713 4040
715 5340
728 4860
730 4860
747 4400
753 4860
755 6400
768 3960
770 3960
787 3660
793 3960
795 3460
808 9480
810 9480
827 25840
833 9480
835 21220
848 3640
850 3640
867 5340
873 3640
875 4820
888 3340
890 3340
907 6400
912 43240
913 3340
915 4340
928 2500
930 2500
947 3460
952 16900
953 2500
955 2680
968 14200
970 14200
987 21220
992 4040
993 14200
995 23880
1008 2680
1010 2680
1027 4820
1032 4860
1033 2680
1035 3760
1048 4400
1050 4400
1067 4340
1072 3960
1073 4400
1075 4520
1080 43240
1088 3660
1090 3660
1107 2680
1112 9480
1113 3660
1115 4560
1120 16900
1128 25840
1130 25840
1147 23880
1152 3640
1153 25840
1155 22420
1160 4040
1168 5340
1170 5340
1187 3760
1192 3340
1193 5340
1195 4260
1200 4860
1208 6400
1210 6400
1227 4520
1232 2500
1233 6400
1235 2900
1240 3960
1248 3460
1250 3460
1267 4560
1272 14200
1273 3460
1275 2140
1280 9480
1288 21220
1290 21220
1307 22420
1312 2680
1313 21220
1315 6780
1320 3640
1328 4820
1330 4820
1347 4260
1352 4400
1353 4820
1355 3220
1360 3340
1368 4340
1370 4340
1387 2900
1392 3660
1393 4340
1395 3660
1400 2500
1408 2680
1410 2680
1427 2140
1432 25840
1433 2680
1435 85500
1440 14200
1448 23880
1450 23880
1467 6780
1472 5340
1473 23880
1475 28540
1480 2680
1488 3760
1490 3760
1507 3220
1512 6400
1513 3760
1515 6020
1520 4400
1528 4520
1530 4520
1547 3660
1552 3460
1553 4520
1555 8580
1560 3660
1568 4560
1570 4560
1587 85500
1592 21220
1593 4560
1595 5100
1600 25840
1608 22420
1610 22420
1627 28540
1632 4820
1633 22420
1635 16740
1640 5340
1648 4260
1650 4260
1667 6020
1672 4340
1673 4260
1675 5460
1680 6400
1688 2900
1690 2900
1707 8580
1712 2680
1713 2900
1715 5360
1720 3460
1728 2140
1730 2140
1747 5100
1752 23880
1753 2140
1755 3560
1760 21220
1768 6780
1770 6780
1787 16740
1792 3760
1793 6780
1795 19800
1800 4820
1808 3220
1810 3220
1827 5460
1832 4520
1833 3220
1835 4620
1840 4340
1848 3660
1850 3660
1867 5360
1872 4560
1873 3660
1875 6020
1880 2680
1888 85500
1890 85500
1907 3560
1912 22420
1913 85500
1915 4440
1920 23880
1928 28540
1930 28540
1947 19800
1952 4260
1953 28540
1955 24200
1960 3760
1968 6020
1970 6020
1987 4620
1992 2900
1993 6020
1995 4460
2000 4520
2008 8580
2010 8580
2027 6020
2032 2140
2033 8580
2035 7180
2040 4560
2048 5100
2050 5100
2067 4440
2072 6780
2073 5100
2075 6540
2080 22420
2088 16740
2090 16740
2107 24200
2112 3220
2113 16740
2115 23960
2120 4260
2128 5460
2130 5460
2147 4460
2152 3660
2153 5460
2155 6620
2160 2900
2168 5360
2170 5360
2187 7180
2192 85500
2193 5360
2195 6200
2200 2140
2208 3560
2210 3560
2227 6540
2232 28540
2233 3560
2235 3880
2240 6780
2248 19800
2250 19800
2267 23960
2272 6020
2273 19800
2275 29140
2280 3220
2288 4620
2290 4620
2307 6620
2312 8580
2313 4620
2315 6260
2320 3660
2328 6020
2330 6020
2347 6200
2352 5100
2353 6020
2355 8280
2360 85500
2368 4440
2370 4440
2387 3880
2392 16740
2393 4440
2395 5580
2400 28540
2408 24200
2410 24200
2427 29140
2432 5460
2433 24200
2435 24420
2440 6020
2448 4460
2450 4460
2467 6260
2472 48600
2473 4460
2475 5740
2480 8580
2488 7180
2490 7180
2507 8280
2512 20460
2513 7180
2515 7460
2520 5100
2528 6540
2530 6540
2547 5580
2552 23840
2553 6540
2555 5040
2560 16740
2568 23960
2570 23960
2587 24420
2592 9480
2593 23960
2595 9180
2597 43240
2600 5460
2608 6620
2610 6620
2616 43240
2627 5740
2632 9980
2633 6620
2635 5140
2637 16900
2640 5360
2648 6200
2650 6200
2656 16900
2667 7460
2672 13920
2673 6200
2675 6380
2677 4040
2680 3560
2688 3880
2690 3880
2696 4040
2707 5040
2712 27840
2713 3880
2715 114340
2717 4860
2720 19800
2728 29140
2730 29140
2736 4860
2747 9180
2752 7800
2753 29140
2755 26100
2757 3960
2760 4620
2768 6260
2770 6260
2776 3960
2787 5140
2792 9680
2793 6260
2795 6000
2797 9480
2800 6020
2808 8280
2810 8280
2816 9480
2827 6380
2832 20740
2833 8280
2835 9080
2837 3640
2840 4440
2848 5580
2850 5580
2856 3640
2867 114340
2872 26640
2873 5580
2875 5860
2877 3340
2880 24200
2888 24420
2890 24420
2896 3340
2907 26100
2912 11020
2913 24420
2915 23580
2917 2500
2920 4460
2928 5740
2930 5740
2936 2500
2947 6000
2952 9860
2953 5740
2955 6480
2957 14200
2960 7180
2968 7460
2970 7460
2976 14200
2987 9080
2992 29720
