0 0
141 43240
181 16900
221 4040
261 4860
264 43240
301 3960
304 16900
307 43240
341 9480
344 4040
347 16900
381 3640
384 4860
387 4040
421 3340
424 3960
427 4860
461 2500
464 9480
467 3960
501 14200
504 3640
507 9480
541 2680
544 3340
547 3640
581 4400
584 2500
587 3340
621 3660
624 14200
627 2500
661 25840
664 2680
667 14200
701 5340
704 4400
707 2680
741 6400
744 3660
747 4400
781 3460
784 25840
787 3660
821 21220
824 5340
827 25840
861 4820
864 6400
867 5340
901 4340
904 3460
907 6400
916 43240
929 43240
941 2680
944 21220
947 3460
956 16900
969 16900
981 67120
984 4820
987 21220
996 4040
1009 4040
1021 20660
1024 4340
1027 4820
1032 43240
1036 4860
1049 4860
1061 8560
1064 2680
1067 4340
1072 16900
1073 43240
1076 3960
1089 3960
1101 9420
1104 23880
1107 2680
1109 43240
1112 4040
1113 16900
1116 9480
1129 9480
1141 26380
1144 3760
1147 23880
1149 16900
1152 4860
1153 4040
1156 3640
1169 3640
1181 13740
1184 4520
1187 3760
1189 4040
1192 3960
1193 4860
1196 3340
1209 3340
1221 6540
1224 4560
1227 4520
1229 4860
1232 9480
1233 3960
1236 2500
1249 2500
1261 5480
1264 22420
1267 4560
1269 3960
1272 3640
1273 9480
1276 14200
1289 14200
1301 9280
1304 4260
1307 22420
1309 9480
1312 3340
1313 3640
1314 43240
1316 2680
1329 2680
1341 17420
1344 2900
1347 4260
1349 3640
1352 2500
1353 3340
1354 16900
1356 4400
1369 4400
1381 6340
1384 2140
1387 2900
1389 3340
1392 14200
1393 2500
1394 4040
1396 3660
1409 3660
1421 89900
1424 6780
1427 2140
1429 2500
1432 2680
1433 14200
1434 4860
1436 25840
1449 25840
1461 32200
1464 3220
1467 6780
1469 14200
1472 4400
1473 2680
1474 3960
1476 5340
1489 5340
1501 31860
1504 3660
1507 3220
1509 2680
1512 3660
1513 4400
1514 9480
1516 6400
1529 6400
1541 13920
1544 85500
1547 3660
1549 4400
1552 25840
1553 3660
1554 3640
1556 3460
1569 3460
1581 11500
1584 28540
1587 85500
1589 3660
1592 5340
1593 25840
1594 3340
1596 21220
1605 43240
1609 21220
1621 20200
1624 6020
1627 28540
1629 25840
1632 6400
1633 5340
1634 2500
1636 4820
1645 16900
1649 4820
1661 26680
1664 8580
1667 6020
1669 5340
1672 3460
1673 6400
1674 14200
1676 4340
1685 4040
1689 4340
1701 10180
1704 5100
1707 8580
1709 6400
1712 21220
1713 3460
1714 2680
1716 2680
1725 4860
1729 2680
1741 7900
1744 16740
1747 5100
1749 3460
1752 4820
1753 21220
1754 4400
1756 23880
1765 3960
1769 23880
1781 22480
1784 5460
1787 16740
1789 21220
1792 4340
1793 4820
1794 3660
1796 3760
1805 9480
1809 3760
1821 28500
1824 5360
1827 5460
1829 4820
1832 2680
1833 4340
1834 25840
1836 4520
1845 3640
1849 4520
1861 9780
1864 3560
1867 5360
1869 4340
1872 23880
1873 2680
1874 5340
1876 4560
1885 3340
1889 4560
1901 8960
1904 19800
1907 3560
1909 2680
1912 3760
1913 23880
1914 6400
1916 22420
1925 2500
1929 22420
1941 28760
1944 4620
1947 19800
1949 23880
1952 4520
1953 3760
1954 3460
1956 4260
1965 14200
1969 4260
1981 26880
1984 6020
1987 4620
1989 3760
1992 4560
1993 4520
1994 21220
1996 2900
2005 2680
2009 2900
2021 11440
2024 4440
2027 6020
2029 4520
2032 22420
2033 4560
2034 4820
2036 2140
2045 4400
2049 2140
2061 9440
2064 24200
2067 4440
2069 4560
2072 4260
2073 22420
2074 4340
2076 6780
2085 3660
2089 6780
2101 26100
2104 4460
2107 24200
2109 22420
2112 2900
2113 4260
2114 2680
2116 3220
2125 25840
2129 3220
2141 13400
2144 7180
2147 4460
2149 4260
2152 2140
2153 2900
2154 23880
2156 3660
2165 5340
2169 3660
2181 9420
2184 6540
2187 7180
2189 2900
2192 6780
2193 2140
2194 3760
2196 85500
2205 6400
2209 85500
2221 7540
2224 23960
2227 6540
2229 2140
2232 3220
2233 6780
2234 4520
2236 28540
2245 3460
2249 71780
2261 114640
2264 6620
2267 23960
2269 6780
2272 3660
2273 3220
2274 4560
2276 6020
2285 21220
2289 22920
2301 34800
2304 6200
2307 6620
2309 3220
2312 85500
2313 3660
2314 22420
2316 8580
2325 4820
2329 12620
2341 14300
2344 3880
2347 6200
2349 3660
2352 28540
2353 85500
2354 4260
2356 5100
2365 4340
2369 9960
2381 14160
2384 72380
2387 3880
2389 85500
2392 6020
2393 28540
2394 2900
2396 16740
2405 2680
2409 20700
2421 29520
2424 23160
2427 29140
2429 28540
2432 8580
2433 6020
2434 2140
2436 5460
2445 23880
2449 14940
2461 22480
2464 12320
2467 6260
2469 6020
2472 5100
2473 8580
2474 6780
2476 5360
2485 3760
2489 9000
2501 12920
2504 10440
2507 8280
2509 8580
2512 16740
2513 5100
2514 3220
2516 3560
2525 4520
2529 6900
2541 10400
2544 28380
2547 5580
2549 5100
2552 5460
2553 16740
2554 3660
2556 19800
2565 4560
2569 22300
2581 12740
2584 15220
2587 24420
2589 16740
2592 5360
2593 5460
2594 85500
2596 4620
2605 22420
2609 18820
2614 43240
2621 24940
2624 11100
2627 5740
2629 5460
2632 3560
2633 5360
2634 28540
2636 6020
2645 4260
2649 8700
2654 16900
2661 11000
2664 8380
2667 7460
2669 5360
2672 19800
2673 3560
2674 6020
2676 4440
2685 2900
2689 8840
2694 4040
2701 120360
2704 11680
2707 5040
2709 3560
2712 4620
2713 19800
2714 8580
2716 24200
2725 2140
2729 27860
2734 4860
2741 30540
2744 19340
2747 9180
2749 19800
2752 6020
2753 4620
2754 5100
2756 4460
2765 6780
2769 30300
2774 3960
2781 30200
2784 9060
2787 5140
2789 4620
2792 4440
2793 6020
2794 16740
2796 7180
2805 3220
2809 12520
2814 9480
2821 13540
2824 118740
2827 6380
2829 6020
2832 24200
2833 4440
2834 5460
2836 6540
2845 3660
2849 12940
2854 3640
2861 13040
2864 29760
2867 114340
2869 4440
2872 4460
2873 24200
2874 5360
2876 23960
2885 85500
2889 27420
2894 3340
2901 30120
2904 31840
2907 26100
2909 24200
2912 7180
2913 4460
2914 3560
2916 6620
2925 28540
2929 27840
2934 2500
2941 30440
2944 14420
2947 6000
2949 4460
2952 6540
2953 7180
2954 19800
2956 6200
2965 6020
2969 11020
2974 14200
2981 16020
2984 8740
