0 0
398 43240
438 16900
478 4040
518 4860
558 3960
598 9480
638 3640
678 3340
718 2500
758 14200
798 2680
838 4400
878 3660
918 25840
958 5340
998 6400
1038 3460
1072 43240
1078 21220
1112 16900
1118 4820
1152 4040
1158 4340
1189 43240
1192 4860
1198 2680
1229 60140
1232 3960
1238 23880
1269 20940
1272 9480
1278 3760
1309 8900
1312 3640
1318 4520
1349 8820
1352 3340
1358 4560
1389 13440
1392 2500
1398 22420
1429 13120
1432 14200
1438 4260
1469 6980
1472 2680
1478 2900
1509 5840
1512 4400
1518 2140
1549 16700
1552 3660
1558 6780
1589 16880
1592 25840
1598 3220
1629 7080
1632 5340
1638 3660
1669 8060
1672 6400
1678 85500
1709 29500
1712 3460
1718 28540
1721 43240
1749 31180
1752 21220
1758 6020
1761 16900
1789 11740
1792 4820
1798 8580
1801 4040
1829 9860
1832 4340
1838 5100
1841 4860
1869 24680
1872 2680
1878 16740
1881 3960
1909 26040
1912 23880
1918 5460
1921 9480
1949 9160
1952 3760
1958 5360
1961 3640
1989 7020
1992 4520
1998 3560
2001 3340
2029 26560
2032 4560
2038 19800
2041 2500
2069 27640
2072 22420
2078 4620
2081 14200
2109 8280
2112 4260
2118 6020
2121 2680
2149 9080
2152 2900
2158 4440
2161 4400
2189 26980
2192 2140
2198 24200
2201 3660
2229 26680
2232 6780
2238 4460
2241 25840
2269 7160
2272 3220
2278 7180
2281 5340
2295 43240
2309 5040
2312 3660
2318 6540
2321 6400
2335 16900
2349 8920
2352 85500
2358 23960
2361 3460
2375 4040
2389 10000
2392 28540
2398 6620
2401 21220
2415 4860
2429 6880
2432 6020
2438 6200
2441 4820
2447 43240
2455 3960
2469 89160
2472 8580
2478 3880
2481 4340
2487 16900
2495 9480
2509 114040
2512 5100
2518 29140
2521 2680
2527 4040
2535 3640
2549 34560
2552 16740
2558 6260
2561 23880
2567 4860
2575 3340
2589 14600
2592 5460
2598 8280
2601 47000
2607 3960
2615 2500
2629 13680
2632 5360
2638 5580
2641 21420
2647 9480
2655 14200
2669 21840
2672 3560
2678 24420
2681 8600
2687 3640
2695 2680
2709 22200
2712 19800
2718 5740
2721 27280
2727 3340
2735 4400
2749 10820
2752 4620
2758 7460
2761 8220
2767 2500
2775 3660
2789 8920
2792 6020
2798 5040
2801 12380
2807 14200
2815 25840
2829 23360
2832 4440
2838 9180
2841 5780
2847 2680
2855 5340
2869 24420
2872 24200
2878 5140
2881 10120
2887 4400
2895 6400
2909 10640
2912 4460
2918 6380
2921 5720
2927 3660
2935 3460
2949 10460
2952 7180
2958 114340
