0 0
297 43240
337 16900
377 4040
417 4860
420 43240
457 3960
460 16900
484 43240
497 9480
500 4040
502 43240
524 16900
537 3640
540 4860
542 16900
564 4040
577 3340
580 3960
582 4040
604 4860
617 2500
620 9480
622 4860
644 3960
657 14200
660 3640
662 3960
684 9480
697 2680
700 3340
702 9480
724 3640
737 4400
740 2500
742 3640
764 3340
777 3660
780 14200
782 3340
804 2500
817 25840
820 2680
822 2500
844 14200
857 5340
860 4400
862 14200
884 2680
897 6400
900 3660
902 2680
924 4400
937 3460
940 25840
942 4400
964 3660
977 21220
980 5340
982 3660
1004 25840
1017 4820
1020 6400
1022 25840
1044 5340
1057 4340
1060 3460
1062 5340
1084 6400
1097 2680
1100 21220
1102 6400
1124 3460
1137 23880
1140 4820
1142 3460
1164 21220
1177 3760
1180 4340
1182 21220
1204 4820
1217 4520
1220 2680
1222 4820
1244 4340
1257 4560
1260 23880
1262 4340
1284 2680
1297 22420
1300 3760
1302 2680
1324 23880
1337 4260
1340 4520
1342 23880
1364 3760
1371 43240
1377 2900
1380 4560
1382 3760
1404 4520
1411 16900
1417 2140
1420 22420
1422 4520
1444 4560
1451 4040
1457 6780
1460 47500
1462 4560
1484 22420
1491 4860
1497 3220
1500 19800
1502 22420
1524 4260
1531 3960
1537 3660
1540 6180
1542 4260
1564 2900
1571 9480
1577 85500
1580 11640
1582 2900
1604 2140
1611 3640
1617 28540
1620 7180
1622 2140
1644 6780
1651 3340
1657 6020
1660 13140
1662 6780
1684 3220
1691 2500
1697 8580
1700 89140
1702 3220
1724 3660
1731 14200
1737 5100
1740 31880
1742 3660
1764 85500
1771 2680
1777 16740
1780 8520
1782 85500
1804 28540
1811 4400
1817 5460
1820 22780
1822 28540
1844 6020
1851 3660
1857 5360
1860 7780
1862 6020
1884 8580
1891 25840
1897 3560
1900 21140
1902 8580
1924 5100
1931 5340
1937 19800
1940 9120
1942 5100
1964 16740
1971 6400
1977 4620
1980 31200
1982 16740
2004 5460
2011 3460
2017 6020
2020 8900
2022 5460
2044 5360
2051 21220
2057 4440
2060 26200
2062 5360
2078 43240
2084 46800
2091 4820
2097 24200
2100 8080
2102 3560
2118 16900
2124 36700
2131 4340
2137 4460
2140 27240
2142 19800
2158 4040
2164 8660
2171 2680
2177 7180
2180 9260
2182 4620
2198 4860
2204 10880
2211 23880
2217 6540
2220 28540
2222 6020
2238 3960
2244 8400
2251 3760
2257 23960
2260 7140
2262 4440
2278 9480
2284 33680
2291 4520
2297 6620
2300 31060
2302 24200
2318 3640
2324 8100
2331 4560
2337 6200
2340 10300
2342 4460
2358 3340
2364 10520
2371 22420
2377 3880
2380 28480
2382 7180
2398 2500
2404 9040
2411 4260
2417 29140
2420 11180
2422 6540
2438 14200
2444 38160
2451 2900
2457 6260
2460 28620
2462 23960
2478 2680
2484 9300
2491 2140
2497 8280
2500 8140
2502 6620
2518 4400
2524 10600
2531 6780
2537 5580
2540 32040
2542 6200
2558 3660
2564 7540
2571 3220
2577 24420
2580 8400
2582 3880
2598 25840
2604 54980
2611 3660
2617 5740
2620 15060
2622 29140
2638 5340
2644 11600
2651 85500
2657 7460
2660 8800
2662 6260
2678 6400
2684 14680
2691 28540
2697 5040
2700 28080
2702 8280
2718 3460
2724 9040
2731 6020
2737 9180
2740 91240
2742 5580
2758 21220
2764 45640
2771 8580
2777 5140
2780 36000
2782 24420
2798 4820
2804 10560
2811 5100
2817 6380
2820 11060
2822 5740
2838 4340
2844 11800
2851 16740
2857 114340
2860 17760
2862 7460
2878 2680
2884 7720
2891 5460
2897 26100
2900 10240
2902 5040
2918 23880
2924 33060
2931 5360
2937 6000
2940 23120
2942 9180
2958 3760
2964 8900
2971 3560
2977 9080
