0 0
169 43240
209 16900
249 4040
289 4860
318 43240
329 3960
358 16900
369 9480
398 4040
409 3640
438 4860
449 3340
478 3960
489 2500
518 9480
529 14200
558 3640
569 2680
598 3340
609 4400
638 2500
649 3660
678 14200
689 25840
718 2680
729 5340
758 4400
769 49640
798 3660
809 20360
814 43240
838 25840
849 25260
854 16900
878 5340
889 9680
894 4040
918 6400
929 8300
934 4860
958 3460
969 12160
974 3960
998 21220
1009 27520
1014 9480
1038 4820
1049 7100
1054 3640
1078 4340
1089 7020
1094 3340
1118 2680
1129 18760
1134 2500
1148 43240
1158 23880
1169 25100
1174 14200
1188 16900
1198 3760
1209 8660
1214 2680
1228 4040
1238 4520
1249 6560
1254 4400
1268 4860
1278 4560
1289 27980
1294 3660
1308 3960
1318 22420
1329 12120
1334 25840
1348 9480
1358 4260
1369 9620
1374 5340
1388 3640
1398 2900
1409 7120
1414 6400
1428 3340
1438 2140
1449 106720
1454 3460
1468 2500
1478 6780
1489 33360
1494 21220
1508 14200
1518 3220
1529 10360
1534 4820
1539 43240
1548 2680
1558 3660
1569 11260
1574 47580
1579 16900
1588 4400
1598 85500
1609 28980
1614 19580
1619 4040
1628 3660
1638 28540
1649 20500
1654 27920
1659 4860
1668 25840
1678 6020
1689 9980
1694 8620
1699 3960
1708 5340
1718 8580
1729 9920
1734 8480
1739 9480
1748 6400
1758 5100
1769 25980
1774 14040
1779 3640
1788 3460
1798 16740
1809 24060
1814 26060
1819 3340
1828 21220
1838 5460
1849 7520
1854 7600
1859 2500
1868 4820
1878 5360
1889 8160
1894 5400
1899 14200
1908 4340
1918 3560
1929 11220
1934 16340
1939 2680
1948 2680
1958 19800
1969 27420
1974 9460
1979 4400
1988 23880
1998 4620
2009 8120
2014 7620
2019 3660
2028 3760
2038 6020
2049 92680
2054 7320
2059 25840
2068 4520
2078 4440
2089 35080
2094 111340
2099 5340
2108 4560
2116 43240
2118 24200
2129 29980
2134 33880
2139 6400
2148 22420
2156 16900
2158 4460
2169 15200
2174 12420
2179 3460
2188 4260
2196 4040
2198 7180
2209 11300
2212 43240
2214 12040
2219 21220
2228 2900
2236 4860
2238 6540
2249 20620
2252 16900
2254 26320
2259 4820
2268 2140
2276 3960
2278 23960
2289 34600
2292 4040
2294 21560
2299 4340
2308 6780
2316 9480
2318 6620
2329 11620
2332 4860
2334 9800
2339 2680
2348 3220
2356 3640
2358 6200
2369 11840
2372 3960
2374 8040
2379 23880
2388 3660
2396 3340
2398 3880
2409 25380
2412 9480
2414 27440
2419 3760
2428 85500
2436 2500
2438 29140
2449 29040
2452 3640
2454 23560
2459 4520
2468 28540
2476 14200
2478 6260
2489 11760
2492 3340
2494 9140
2499 4560
2508 6020
2516 2680
2518 8280
2529 11900
2532 2500
2534 10580
2539 22420
2548 8580
2556 4400
2558 5580
2569 29240
2572 14200
2574 26860
2579 4260
2588 5100
2596 3660
2598 24420
2609 13640
2612 2680
2614 28460
2619 2900
2628 16740
2636 25840
2638 5740
2649 12320
2652 4400
2654 7360
2659 2140
2668 5460
2676 5340
2678 7460
2689 12920
2692 3660
2694 9320
2699 6780
2708 5360
2716 6400
2718 5040
2729 138300
2732 25840
2734 13320
2739 3220
2748 3560
2756 3460
2758 9180
2769 32720
2772 5340
2774 27180
2779 3660
2788 19800
2796 21220
2798 5140
2809 12200
2812 6400
2814 10280
2819 85500
2828 4620
2836 4820
2838 49620
2849 12960
2852 3460
2854 91700
2859 28540
2868 6020
2876 4340
2878 131240
2889 35000
2892 21220
2894 32420
2899 6020
2908 4440
2916 2680
2918 30140
2929 29840
2932 4820
2934 35160
2939 8580
2948 24200
2956 23880
2958 10860
2969 14760
2972 4340
