0 0
311 43240
351 16900
391 4040
431 4860
471 3960
511 9480
551 3640
591 3340
631 2500
671 14200
711 2680
751 4400
791 3660
831 25840
871 5340
911 6400
941 43240
951 3460
981 16900
984 43240
991 21220
1021 4040
1024 16900
1031 4820
1061 4860
1064 4040
1071 4340
1101 3960
1104 4860
1111 2680
1141 9480
1144 3960
1151 23880
1181 3640
1184 9480
1191 3760
1221 3340
1224 3640
1231 4520
1261 2500
1264 3340
1271 4560
1301 14200
1304 2500
1311 22420
1341 2680
1344 14200
1351 4260
1381 4400
1384 2680
1391 2900
1421 3660
1424 4400
1431 2140
1461 25840
1464 3660
1471 6780
1501 5340
1504 25840
1511 3220
1541 6400
1544 5340
1551 3660
1581 3460
1582 43240
1584 6400
1591 85500
1621 21220
1622 16900
1624 3460
1631 28540
1661 4820
1662 4040
1664 21220
1671 6020
1701 4340
1702 4860
1704 4820
1711 8580
1741 2680
1742 3960
1744 4340
1751 5100
1767 43240
1780 43240
1781 23880
1782 9480
1784 2680
1791 16740
1806 43240
1807 16900
1820 16900
1821 3760
1822 3640
1824 23880
1831 5460
1846 16900
1847 4040
1860 4040
1861 4520
1862 3340
1864 3760
1871 5360
1886 4040
1887 4860
1900 4860
1901 4560
1902 2500
1904 4520
1911 3560
1926 4860
1927 3960
1940 3960
1941 22420
1942 14200
1944 4560
1951 19800
1966 3960
1967 9480
1980 9480
1981 4260
1982 2680
1984 22420
1991 4620
2006 9480
2007 3640
2016 43240
2020 3640
2021 2900
2022 4400
2024 4260
2031 6020
2046 3640
2047 3340
2056 16900
2060 3340
2061 2140
2062 3660
2064 2900
2071 4440
2086 3340
2087 2500
2096 4040
2100 2500
2101 6780
2102 25840
2104 2140
2111 24200
2126 2500
2127 14200
2136 4860
2140 14200
2141 3220
2142 5340
2144 6780
2151 4460
2166 14200
2167 2680
2176 3960
2180 2680
2181 3660
2182 6400
2184 3220
2191 7180
2206 2680
2207 4400
2216 9480
2220 4400
2221 85500
2222 3460
2224 46900
2231 6540
2246 4400
2247 3660
2256 3640
2260 3660
2261 28540
2262 21220
2264 102400
2271 23960
2286 3660
2287 25840
2296 3340
2300 25840
2301 6020
2302 4820
2304 32580
2311 6620
2326 25840
2327 5340
2336 2500
2340 5340
2341 8580
2342 4340
2344 10880
2351 6200
2366 5340
2367 6400
2376 14200
2380 6400
2381 5100
2382 2680
2384 12540
2391 3880
2406 6400
2407 3460
2416 2680
2420 3460
2421 16740
2422 23880
2424 14580
2431 29140
2446 3460
2447 21220
2456 4400
2460 21220
2461 5460
2462 3760
2464 20380
2471 6260
2486 21220
2487 4820
2496 3660
2500 4820
2501 5360
2502 4520
2504 8800
2511 8280
2526 4820
2527 4340
2536 25840
2540 4340
2541 3560
2542 4560
2544 7860
2551 5580
2566 4340
2567 2680
2576 5340
2580 2680
2581 19800
2582 22420
2584 17760
2591 24420
2606 2680
2607 23880
2616 6400
2620 23880
2621 4620
2622 4260
2624 22480
2631 5740
2646 23880
2647 3760
2656 3460
2660 3760
2661 6020
2662 2900
2664 9020
2671 7460
2686 3760
2687 4520
2696 21220
2700 4520
2701 4440
2702 2140
2704 9680
2711 5040
2726 4520
2727 4560
2736 4820
2740 4560
2741 24200
2742 6780
2744 30280
2751 9180
2753 43240
2766 4560
2767 22420
2776 4340
2780 22420
2781 4460
2782 3220
2784 29540
2791 5140
2793 16900
2806 22420
2807 4260
2816 2680
2820 4260
2821 7180
2822 3660
2824 10860
2831 6380
2833 4040
2846 4260
2847 2900
2856 23880
2860 2900
2861 6540
2862 85500
2864 10640
2871 114340
2873 4860
2886 2900
2887 2140
2896 3760
2900 2140
2901 23960
2902 28540
2904 27760
2911 26100
2913 3960
2926 2140
2927 6780
2936 4520
2940 6780
2941 6620
2942 6020
2944 28780
2951 6000
2953 9480
2966 6780
2967 3220
2976 4560
2980 3220
2981 6200
