0 0
180 43240
220 16900
260 4040
293 43240
300 4860
333 16900
340 3960
373 4040
380 9480
413 4860
420 3640
453 3960
460 3340
493 9480
500 2500
533 3640
540 14200
573 3340
580 2680
613 2500
620 4400
653 14200
660 3660
693 2680
700 25840
733 4400
740 5340
762 43240
773 3660
780 6400
802 16900
813 25840
820 3460
842 4040
853 5340
860 21220
882 4860
893 6400
900 4820
922 3960
933 3460
940 4340
962 9480
973 21220
980 2680
1002 3640
1013 4820
1020 23880
1042 3340
1053 4340
1060 3760
1082 2500
1093 2680
1100 4520
1122 14200
1133 23880
1140 4560
1162 2680
1173 3760
1180 22420
1202 4400
1213 4520
1220 4260
1242 3660
1253 4560
1260 2900
1282 25840
1293 22420
1300 2140
1322 5340
1333 4260
1340 6780
1362 6400
1373 2900
1380 3220
1402 3460
1413 2140
1420 3660
1442 21220
1453 6780
1460 85500
1482 4820
1493 3220
1500 28540
1522 4340
1533 3660
1540 6020
1562 2680
1573 85500
1580 8580
1602 23880
1613 28540
1620 5100
1642 3760
1653 6020
1660 16740
1677 43240
1682 4520
1693 8580
1700 5460
1717 16900
1722 4560
1733 5100
1740 5360
1757 4040
1762 22420
1773 16740
1780 3560
1788 43240
1797 4860
1802 4260
1813 5460
1820 19800
1828 16900
1837 3960
1842 2900
1853 5360
1860 4620
1868 4040
1877 9480
1882 2140
1893 3560
1900 6020
1908 4860
1917 3640
1922 6780
1933 19800
1940 4440
1948 3960
1957 3340
1962 3220
1973 4620
1980 24200
1988 9480
1997 2500
2002 3660
2013 6020
2020 4460
2028 3640
2037 14200
2042 85500
2053 4440
2060 7180
2068 3340
2077 2680
2082 28540
2093 24200
2100 6540
2108 2500
2117 4400
2122 6020
2133 4460
2140 23960
2148 14200
2157 3660
2162 8580
2165 43240
2173 7180
2180 6620
2188 2680
2197 25840
2202 5100
2205 16900
2213 6540
2220 6200
2228 4400
2237 5340
2242 16740
2245 4040
2253 23960
2260 3880
2268 3660
2277 6400
2282 5460
2285 4860
2293 6620
2300 29140
2308 25840
2317 3460
2322 5360
2325 3960
2333 6200
2340 6260
2348 5340
2357 21220
2362 3560
2365 9480
2373 3880
2380 8280
2388 6400
2397 4820
2402 19800
2405 3640
2413 29140
2415 43240
2420 5580
2428 3460
2437 4340
2442 4620
2445 3340
2453 6260
2455 16900
2460 24420
2468 21220
2477 2680
2482 6020
2485 2500
2493 8280
2495 4040
2500 5740
2508 4820
2517 23880
2522 4440
2525 14200
2533 5580
2535 4860
2540 7460
2548 4340
2557 3760
2562 24200
2565 2680
2573 24420
2575 3960
2580 5040
2588 2680
2591 43240
2597 4520
2602 4460
2605 4400
2613 5740
2615 9480
2620 9180
2628 23880
2631 16900
2637 4560
2642 7180
2645 3660
2653 7460
2655 3640
2660 5140
2668 3760
2671 4040
2677 22420
2682 6540
2685 25840
2693 5040
2695 3340
2700 6380
2708 4520
2711 4860
2717 4260
2722 23960
2725 5340
2733 9180
2735 2500
2740 114340
2748 4560
2751 3960
2757 2900
2762 6620
2765 6400
2773 5140
2775 57440
2780 26100
2788 22420
2791 9480
2797 2140
2802 6200
2805 3460
2810 43240
2813 6380
2815 19580
2820 6000
2828 4260
2831 3640
2837 6780
2842 3880
2845 21220
2850 16900
2853 114340
2855 8440
2860 9080
2868 2900
2871 3340
2877 3220
2882 29140
2885 4820
2890 4040
2893 26100
2895 8520
2900 5860
2901 43240
2908 2140
2911 2500
2917 3660
2922 6260
2925 4340
2930 4860
2933 6000
2935 29800
2940 23580
2941 16900
2948 6780
2951 14200
2957 85500
2962 8280
2965 2680
2970 3960
2973 9080
2975 12417
