0 0
665 43240
705 16900
745 4040
785 4860
825 3960
865 9480
899 43240
905 3640
939 16900
945 3340
979 4040
985 2500
1019 4860
1025 14200
1059 3960
1065 2680
1099 9480
1105 4400
1139 3640
1145 3660
1179 3340
1185 25840
1219 2500
1225 5340
1259 14200
1265 6400
1299 2680
1305 3460
1317 43240
1339 4400
1345 21220
1357 16900
1379 3660
1385 4820
1397 4040
1419 25840
1425 4340
1437 4860
1459 5340
1465 2680
1477 3960
1499 6400
1505 23880
1517 9480
1539 3460
1545 3760
1557 3640
1579 21220
1585 4520
1597 3340
1619 4820
1625 4560
1637 2500
1659 4340
1665 22420
1677 14200
1685 43240
1699 2680
1705 4260
1717 2680
1725 16900
1739 23880
1745 2900
1757 4400
1765 4040
1779 3760
1785 2140
1797 3660
1805 48100
1819 4520
1825 6780
1837 25840
1845 20860
1859 4560
1865 3220
1877 5340
1885 13520
1899 22420
1905 3660
1917 6400
1925 8500
1939 4260
1945 85500
1957 3460
1965 7300
1979 2900
1985 28540
1997 21220
2005 11980
2019 2140
2025 6020
2037 4820
2045 17840
2059 6780
2065 8580
2077 4340
2085 6020
2099 3220
2105 5100
2117 2680
2125 6900
2139 3660
2145 16740
2157 23880
2165 17860
2179 85500
2185 5460
2197 3760
2205 28520
2219 28540
2225 5360
2237 4520
2245 9740
2259 6020
2265 3560
2277 4560
2285 10060
2299 8580
2305 19800
2317 22420
2325 29300
2339 5100
2345 4620
2357 4260
2365 26560
2379 16740
2385 6020
2397 2900
2405 11220
2419 5460
2425 4440
2437 2140
2445 7800
2448 43240
2459 5360
2465 24200
2477 6780
2485 23900
2488 16900
2499 3560
2505 4460
2517 3220
2525 28700
2528 4040
2539 19800
2545 7180
2557 3660
2565 8100
2568 4860
2579 4620
2585 6540
2597 85500
2605 7200
2608 3960
2619 6020
2624 43240
2625 23960
2637 28540
2645 28440
2648 9480
2659 4440
2664 16900
2665 6620
2677 6020
2685 26180
2688 3640
2699 24200
2704 4040
2705 6200
2717 8580
2725 8780
2728 3340
2739 4460
2744 4860
2745 3880
2757 5100
2765 7460
2768 2500
2779 7180
2784 3960
2785 29140
2797 16740
2805 24560
2808 14200
2819 6540
2824 9480
2825 6260
2837 5460
2845 11040
2848 2680
2859 23960
2864 3640
2865 8280
2877 5360
2885 6120
2888 4400
2899 6620
2904 3340
2905 5580
2917 3560
2925 5800
2928 3660
2939 6200
2944 2500
2945 24420
2957 19800
