0 0
206 43240
246 16900
286 4040
307 43240
326 4860
347 16900
361 43240
366 3960
387 4040
401 16900
406 9480
427 4860
441 4040
446 3640
467 3960
481 4860
486 3340
507 9480
521 3960
526 2500
547 3640
561 9480
566 14200
587 3340
601 3640
606 2680
627 2500
641 3340
646 4400
667 14200
675 43240
681 2500
686 3660
707 2680
715 16900
721 14200
726 25840
747 4400
755 4040
761 2680
766 5340
787 3660
795 4860
801 4400
806 6400
807 43240
827 25840
835 3960
841 3660
846 3460
847 16900
867 48580
875 9480
881 25840
886 21220
887 4040
907 23300
915 3640
921 5340
926 4820
927 4860
947 7500
955 3340
961 6400
966 4340
967 3960
987 26080
995 2500
1001 3460
1006 2680
1007 9480
1027 8780
1035 14200
1041 21220
1046 23880
1047 3640
1067 13820
1075 2680
1081 4820
1086 3760
1087 3340
1107 6320
1115 4400
1121 4340
1126 4520
1127 2500
1147 27220
1155 3660
1161 2680
1166 4560
1167 14200
1187 6260
1195 25840
1201 23880
1206 22420
1207 2680
1227 18720
1235 5340
1241 3760
1246 4260
1247 4400
1267 7240
1275 6400
1281 4520
1286 2900
1287 3660
1307 26820
1315 3460
1321 4560
1326 2140
1327 25840
1347 7920
1355 21220
1361 22420
1366 6780
1367 5340
1387 28740
1395 4820
1401 4260
1406 3220
1407 6400
1427 7480
1435 4340
1441 2900
1446 3660
1447 3460
1467 13180
1475 2680
1481 2140
1486 85500
1487 21220
1507 6680
1513 43240
1515 23880
1521 6780
1526 28540
1527 4820
1547 24880
1553 16900
1555 3760
1561 3220
1566 6020
1567 4340
1587 90320
1593 4040
1595 4520
1601 3660
1606 8580
1607 2680
1616 43240
1627 32880
1633 4860
1635 4560
1641 85500
1646 5100
1647 23880
1656 16900
1667 8700
1673 3960
1675 22420
1681 28540
1686 16740
1687 3760
1696 4040
1704 43240
1707 32460
1713 9480
1715 4260
1721 6020
1726 5460
1727 4520
1736 4860
1744 16900
1747 8860
1753 3640
1755 2900
1761 8580
1766 5360
1767 4560
1776 3960
1784 4040
1787 21260
1793 3340
1795 2140
1801 5100
1806 3560
1807 22420
1816 9480
1824 4860
1827 10020
1833 2500
1835 6780
1841 16740
1846 63040
1847 4260
1856 3640
1864 3960
1867 27780
1873 14200
1875 3220
1881 5460
1882 43240
1886 21520
1887 2900
1896 3340
1904 9480
1907 7820
1913 2680
1915 3660
1921 5360
1922 16900
1926 10060
1927 2140
1936 2500
1944 3640
1947 22700
1953 4400
1955 85500
1961 3560
1962 4040
1966 9300
1967 6780
1976 14200
1984 3340
1987 6760
1993 3660
1995 28540
2001 19800
2002 4860
2006 28160
2007 3220
2016 2680
2024 2500
2027 12800
2033 25840
2035 6020
2041 4620
2042 3960
2046 13940
2047 3660
2056 4400
2064 14200
2067 7660
2073 5340
2075 8580
2081 6020
2082 9480
2086 10820
2087 85500
2096 3660
2104 2680
2107 27860
2113 6400
2115 5100
2121 4440
2122 3640
2126 9880
2127 28540
2136 25840
2144 4400
2147 89960
2153 3460
2155 16740
2161 24200
2162 3340
2166 26460
2167 6020
2176 5340
2184 3660
2187 35720
2193 21220
2195 5460
2201 4460
2202 2500
2206 20820
2207 8580
2216 6400
2224 25840
2227 12560
2233 4820
2235 5360
2241 7180
2242 14200
2246 8880
2247 5100
2256 3460
2264 5340
2267 32540
2273 4340
2275 3560
2281 6540
2282 2680
2286 8280
2287 16740
2291 43240
2296 21220
2304 6400
2307 11720
2313 2680
2315 19800
2321 23960
2322 4400
2326 32800
2327 5460
2331 16900
2336 4820
2344 3460
2347 22940
2353 23880
2355 4620
2361 6620
2362 3660
2366 32100
2367 5360
2371 4040
2376 4340
2384 21220
2387 9340
2393 3760
2395 6020
2401 6200
2402 25840
2406 13620
2407 3560
2411 4860
2416 2680
2424 4820
2427 34500
2433 4520
2435 4440
2441 3880
2442 5340
2446 11980
2447 19800
2451 3960
2456 23880
2464 4340
2467 9820
2473 4560
2475 24200
2481 29140
2482 6400
2486 27880
2487 4620
2491 9480
2496 3760
2504 2680
2507 28080
2513 22420
2515 4460
2521 6260
2522 3460
2526 26960
2527 6020
2531 3640
2536 4520
2544 23880
2547 10200
2553 4260
2555 7180
2561 8280
2562 21220
2566 12280
2567 4440
2571 3340
2576 4560
2584 3760
2587 30440
2593 2900
2595 6540
2601 5580
2602 4820
2606 9380
2607 24200
2611 2500
2616 22420
2624 4520
2627 10180
2633 2140
2635 23960
2641 24420
2642 4340
2646 11860
2647 4460
2651 14200
2656 4260
2664 4560
2667 31660
2673 6780
2675 6620
2681 5740
2682 2680
2686 29020
2687 7180
2691 2680
2696 2900
2704 22420
2707 9500
2713 3220
2715 6200
2721 7460
2722 23880
2726 10140
2727 6540
2731 4400
2736 2140
2744 4260
2747 16360
2753 3660
2755 3880
2761 5040
2762 3760
2766 118860
2767 23960
2771 3660
2776 6780
2784 2900
2787 11680
2793 85500
2795 29140
2801 9180
2802 4520
2806 30660
2807 6620
2811 25840
2816 3220
2824 2140
2827 30340
2833 28540
2835 6260
2836 43240
2841 5140
2842 4560
2846 28420
2847 6200
2851 5340
2856 3660
2864 6780
2867 120960
2873 6020
2875 8280
2876 16900
2881 6380
2882 22420
2886 13340
2887 3880
2891 6400
2896 85500
2904 3220
2907 32300
2913 8580
2915 5580
2916 4040
2921 114340
2922 4260
2926 8760
2927 29140
2931 3460
2934 43240
2936 28540
2944 3660
2947 9880
2953 5100
2955 24420
2956 4860
2961 26100
2962 2900
2966 25720
2967 6260
2971 21220
2974 16900
2976 6020
2984 85500
2987 38220
