0 0
201 43240
241 16900
281 4040
321 4860
361 3960
401 9480
438 43240
441 3640
478 16900
481 3340
518 4040
521 2500
558 4860
561 14200
598 3960
601 2680
638 9480
641 4400
678 3640
681 3660
718 3340
721 25840
758 2500
761 5340
798 14200
801 6400
812 43240
838 2680
841 3460
852 16900
878 4400
881 21220
892 4040
918 3660
921 4820
932 4860
958 25840
961 4340
972 3960
998 5340
1001 2680
1012 9480
1038 6400
1041 23880
1052 3640
1078 3460
1081 3760
1092 3340
1118 21220
1121 4520
1132 2500
1158 4820
1161 4560
1172 14200
1198 4340
1201 22420
1212 2680
1231 43240
1238 2680
1241 4260
1252 4400
1271 16900
1278 23880
1281 2900
1292 3660
1311 4040
1318 3760
1321 2140
1332 25840
1351 4860
1358 4520
1361 6780
1372 5340
1391 3960
1398 4560
1401 3220
1412 6400
1431 9480
1438 22420
1441 3660
1452 3460
1471 3640
1478 4260
1481 85500
1492 21220
1511 3340
1518 2900
1521 28540
1532 4820
1545 43240
1551 2500
1558 2140
1561 6020
1572 4340
1585 16900
1591 14200
1598 6780
1601 8580
1612 2680
1625 4040
1631 2680
1638 3220
1641 5100
1652 23880
1665 4860
1671 4400
1678 3660
1681 16740
1692 3760
1705 3960
1711 3660
1718 85500
1721 5460
1732 4520
1745 9480
1751 25840
1758 28540
1761 5360
1772 4560
1785 3640
1791 5340
1798 6020
1801 3560
1803 43240
1812 22420
1825 3340
1831 6400
1838 8580
1841 19800
1843 16900
1852 4260
1865 2500
1871 3460
1878 5100
1881 4620
1883 4040
1892 2900
1905 14200
1911 21220
1918 16740
1921 6020
1923 4860
1932 2140
1945 2680
1951 4820
1958 5460
1961 4440
1963 3960
1972 6780
1985 4400
1991 4340
1998 5360
2001 24200
2003 9480
2010 43240
2012 3220
2025 3660
2031 2680
2038 3560
2041 4460
2043 3640
2050 16900
2052 3660
2065 25840
2071 23880
2078 19800
2081 7180
2083 3340
2090 4040
2092 85500
2094 43240
2105 5340
2111 3760
2118 4620
2121 6540
2123 2500
2130 4860
2132 28540
2134 16900
2145 6400
2151 4520
2158 6020
2161 23960
2163 14200
2170 3960
2172 6020
2174 4040
2185 3460
2191 4560
2198 4440
2201 6620
2203 2680
2210 9480
2212 8580
2214 4860
2225 21220
2231 22420
2238 24200
2241 6200
2243 4400
2250 3640
2252 5100
2254 3960
2265 4820
2271 4260
2278 4460
2281 3880
2283 3660
2290 3340
2292 16740
2294 9480
2305 4340
2311 2900
2318 7180
2321 29140
2323 25840
2330 2500
2332 5460
2334 3640
2345 2680
2351 2140
2358 6540
2361 6260
2363 5340
2370 14200
2372 5360
2374 3340
2385 23880
2391 6780
2398 23960
2401 8280
2403 6400
2409 43240
2410 2680
2412 46800
2414 2500
2425 3760
2431 3220
2438 6620
2441 5580
2443 3460
2449 16900
2450 4400
2452 36700
2454 14200
2465 4520
2471 3660
2478 6200
2481 24420
2483 21220
2489 4040
2490 3660
2492 8660
2494 2680
2505 4560
2511 85500
2518 3880
2521 5740
2523 4820
2529 4860
2530 25840
2532 10880
2534 4400
2545 22420
2551 28540
2558 29140
2561 7460
2563 4340
2569 3960
2570 5340
2572 8400
2574 3660
2585 4260
2591 6020
2598 6260
2601 5040
2603 2680
2609 9480
2610 6400
2612 33680
2614 25840
2625 2900
2631 8580
2638 8280
2641 9180
2643 23880
2649 3640
2650 3460
2652 8100
2654 5340
2665 2140
2670 43240
2671 5100
2678 5580
2681 5140
2683 3760
2689 3340
2690 21220
2692 10520
2694 6400
2705 6780
2710 16900
2711 16740
2718 24420
2721 6380
2723 4520
2729 2500
2730 4820
2732 52280
2734 3460
2745 3220
2750 4040
2751 5460
2758 5740
2761 114340
2763 4560
2769 14200
2770 4340
2772 55060
2774 21220
2785 3660
2790 4860
2791 5360
2798 7460
2801 26100
2803 22420
2809 2680
2810 2680
2812 13340
2814 4820
2825 85500
2830 3960
2831 3560
2838 5040
2841 6000
2843 4260
2849 4400
2850 23880
2852 15460
2854 4340
2865 28540
2870 9480
2871 19800
2878 9180
2881 9080
2883 2900
2889 3660
2890 3760
2892 11500
2894 2680
2905 6020
2910 3640
2911 4620
2918 5140
2921 5860
2923 2140
2929 25840
2930 4520
2932 64460
2934 23880
2945 8580
2950 3340
2951 6020
2958 6380
2961 23580
2963 6780
2969 5340
2970 4560
2972 15240
2974 3760
2985 5100
2990 2500
2991 4440
2998 54433
