0 0
196 43240
236 16900
276 4040
301 43240
316 4860
341 16900
356 3960
381 4040
396 9480
421 4860
436 3640
461 3960
476 3340
501 9480
516 2500
541 3640
556 14200
581 3340
596 2680
621 2500
633 43240
636 4400
661 14200
673 16900
676 3660
690 43240
701 2680
713 4040
716 25840
730 16900
741 4400
753 4860
756 5340
770 4040
781 3660
793 3960
796 6400
810 4860
821 25840
833 9480
836 3460
850 3960
861 5340
873 3640
876 21220
890 9480
901 6400
913 3340
916 4820
930 3640
941 3460
953 2500
956 4340
970 3340
981 21220
993 14200
996 2680
1010 2500
1021 4820
1033 2680
1036 23880
1050 14200
1061 4340
1073 4400
1076 3760
1090 2680
1101 2680
1113 3660
1116 4520
1130 4400
1141 23880
1153 25840
1156 4560
1170 3660
1181 3760
1193 5340
1196 22420
1209 43240
1210 25840
1221 4520
1233 6400
1236 4260
1249 16900
1250 5340
1261 4560
1273 3460
1276 2900
1289 4040
1290 6400
1301 22420
1313 21220
1316 2140
1329 4860
1330 3460
1341 4260
1353 4820
1356 6780
1369 3960
1370 21220
1381 2900
1393 4340
1396 3220
1409 9480
1410 4820
1421 2140
1433 2680
1436 3660
1449 3640
1450 4340
1453 43240
1461 6780
1473 23880
1476 85500
1489 3340
1490 2680
1493 16900
1501 3220
1513 3760
1516 28540
1529 2500
1530 23880
1533 4040
1541 3660
1543 43240
1553 4520
1556 6020
1569 14200
1570 3760
1573 4860
1581 85500
1583 16900
1593 4560
1596 8580
1609 2680
1610 4520
1613 3960
1621 28540
1623 4040
1633 22420
1636 5100
1649 4400
1650 4560
1653 9480
1661 6020
1663 4860
1673 4260
1675 43240
1676 16740
1689 3660
1690 22420
1693 3640
1701 8580
1703 3960
1713 2900
1715 16900
1716 5460
1729 25840
1730 4260
1733 3340
1741 5100
1743 9480
1753 2140
1755 4040
1756 5360
1769 5340
1770 2900
1773 2500
1781 16740
1783 3640
1793 6780
1795 4860
1796 3560
1809 6400
1810 2140
1813 14200
1821 5460
1823 3340
1833 3220
1835 3960
1836 19800
1849 3460
1850 6780
1853 2680
1861 5360
1863 2500
1873 3660
1874 43240
1875 9480
1876 4620
1889 21220
1890 3220
1893 4400
1901 3560
1903 14200
1913 85500
1914 16900
1915 3640
1916 6020
1929 4820
1930 3660
1933 3660
1941 19800
1943 2680
1953 28540
1954 4040
1955 3340
1956 4440
1969 4340
1970 85500
1973 25840
1981 4620
1983 4400
1993 6020
1994 4860
1995 2500
1996 24200
2009 2680
2010 28540
2013 5340
2021 6020
2023 3660
2033 8580
2034 3960
2035 14200
2036 4460
2049 23880
2050 6020
2053 6400
2061 4440
2063 25840
2073 5100
2074 9480
2075 2680
2076 7180
2089 3760
2090 8580
2093 3460
2101 24200
2103 5340
2113 16740
2114 3640
2115 4400
2116 6540
2129 4520
2130 5100
2133 21220
2141 4460
2143 6400
2153 5460
2154 3340
2155 3660
2156 23960
2169 4560
2170 16740
2173 4820
2181 7180
2183 3460
2193 5360
2194 2500
2195 25840
2196 6620
2208 43240
2209 22420
2210 5460
2213 4340
2221 6540
2223 21220
2233 3560
2234 14200
2235 5340
2236 6200
2248 16900
2249 4260
2250 5360
2253 2680
2261 23960
2263 4820
2273 19800
2274 2680
2275 6400
2276 3880
2288 4040
2289 2900
2290 3560
2293 23880
2301 6620
2303 4340
2313 4620
2314 4400
2315 3460
2316 29140
2328 4860
2329 2140
2330 19800
2333 3760
2341 6200
2343 2680
2353 6020
2354 3660
2355 21220
2356 6260
2368 3960
2369 6780
2370 4620
2373 4520
2381 3880
2383 23880
2393 4440
2394 25840
2395 4820
2396 8280
2408 9480
2409 3220
2410 6020
2413 4560
2421 29140
2423 3760
2433 24200
2434 5340
2435 4340
2436 5580
2448 3640
2449 3660
2450 4440
2453 22420
2461 6260
2463 4520
2473 4460
2474 6400
2475 2680
2476 24420
2488 3340
2489 85500
2490 24200
2493 4260
2501 8280
2503 4560
2513 7180
2514 3460
2515 23880
2516 5740
2528 2500
2529 28540
2530 4460
2533 2900
2541 5580
2543 22420
2553 6540
2554 21220
2555 3760
2556 7460
2568 14200
2569 6020
2570 7180
2573 2140
2581 24420
2583 4260
2593 23960
2594 4820
2595 4520
2596 5040
2608 2680
2609 8580
2610 6540
2613 6780
2621 5740
2623 2900
2633 6620
2634 4340
2635 4560
2636 9180
2648 4400
2649 5100
2650 23960
2653 3220
2655 43240
2661 7460
2663 2140
2673 6200
2674 2680
2675 22420
2676 5140
2677 43240
2688 3660
2689 16740
2690 6620
2693 3660
2695 16900
2701 5040
2703 6780
2713 3880
2714 23880
2715 4260
2716 6380
2717 16900
2728 25840
2729 5460
2730 6200
2733 85500
2735 4040
2741 9180
2743 3220
2753 29140
2754 3760
2755 2900
2756 114340
2757 4040
2768 5340
2769 5360
2770 3880
2773 28540
2775 4860
2781 5140
2783 3660
2793 6260
2794 4520
2795 2140
2796 26100
2797 4860
2798 43240
2808 6400
2809 3560
2810 29140
2813 6020
2815 3960
2821 6380
2823 85500
2833 8280
2834 4560
2835 6780
2836 6000
2837 3960
2838 16900
2848 3460
2849 19800
2850 6260
2853 8580
2855 9480
2861 114340
2863 28540
2873 5580
2874 22420
2875 3220
2876 9080
2877 9480
2878 4040
2888 21220
2889 4620
2890 8280
2893 5100
2895 3640
2901 26100
2903 6020
2913 24420
2914 4260
2915 3660
2916 5860
2917 3640
2918 4860
2928 4820
2929 6020
2930 5580
2933 16740
2935 3340
2941 6000
2943 8580
2953 5740
2954 2900
2955 85500
2956 23580
2957 3340
2958 3960
2968 4340
2969 4440
2970 24420
2973 5460
2975 2500
2981 9080
2983 5100
2993 7460
2994 2140
2995 28540
