0 0
230 43240
270 16900
310 4040
350 4860
390 3960
430 9480
470 3640
510 3340
550 2500
590 14200
630 2680
670 4400
675 43240
710 3660
715 16900
750 25840
755 4040
790 5340
795 4860
830 6400
835 3960
870 3460
875 9480
910 21220
915 3640
950 4820
955 3340
990 4340
995 2500
1030 2680
1035 14200
1070 23880
1075 2680
1110 3760
1115 4400
1150 4520
1155 3660
1190 4560
1195 25840
1230 22420
1235 5340
1270 4260
1275 6400
1310 2900
1315 3460
1350 2140
1355 21220
1390 6780
1395 4820
1430 3220
1435 4340
1470 3660
1475 2680
1510 85500
1515 23880
1540 43240
1550 28540
1555 3760
1580 16900
1590 6020
1592 43240
1595 4520
1620 4040
1630 8580
1632 16900
1635 4560
1660 4860
1670 5100
1672 4040
1675 22420
1700 3960
1710 16740
1712 4860
1715 4260
1740 9480
1750 5460
1752 3960
1755 2900
1780 3640
1790 5360
1792 9480
1795 2140
1809 43240
1820 3340
1830 3560
1832 3640
1835 6780
1849 16900
1860 2500
1870 19800
1872 3340
1875 3220
1887 43240
1889 4040
1900 14200
1910 4620
1912 2500
1915 3660
1927 16900
1929 4860
1940 2680
1950 6020
1952 14200
1955 85500
1967 4040
1969 3960
1980 4400
1990 4440
1992 2680
1995 28540
2007 4860
2009 9480
2020 3660
2030 24200
2032 4400
2035 6020
2047 3960
2049 3640
2056 43240
2060 25840
2070 4460
2072 3660
2075 8580
2087 9480
2089 3340
2096 16900
2100 5340
2110 7180
2112 25840
2115 5100
2127 3640
2129 2500
2136 4040
2140 6400
2150 6540
2152 5340
2155 16740
2167 3340
2169 14200
2176 4860
2180 3460
2190 23960
2192 6400
2195 5460
2207 2500
2209 2680
2216 3960
2220 21220
2230 6620
2232 3460
2235 5360
2247 14200
2249 4400
2256 9480
2260 4820
2270 6200
2272 21220
2275 3560
2287 2680
2289 3660
2296 3640
2300 4340
2310 3880
2312 4820
2315 19800
2327 4400
2329 25840
2336 3340
2340 2680
2350 29140
2352 4340
2355 4620
2367 3660
2369 5340
2376 2500
2380 23880
2390 6260
2392 2680
2395 6020
2407 25840
2409 6400
2416 14200
2420 3760
2430 8280
2432 23880
2435 4440
2447 5340
2449 3460
2456 2680
2460 4520
2470 5580
2472 3760
2475 24200
2487 6400
2488 43240
2489 21220
2496 4400
2500 4560
2510 24420
2512 4520
2515 4460
2527 3460
2528 16900
2529 4820
2536 3660
2540 22420
2550 5740
2552 4560
2555 7180
2567 64460
2568 4040
2569 4340
2576 25840
2580 4260
2590 7460
2592 22420
2595 6540
2607 21720
2608 4860
2609 2680
2616 5340
2620 2900
2630 5040
2632 4260
2635 23960
2647 8380
2648 3960
2649 23880
2656 6400
2660 2140
2670 9180
2672 2900
2675 6620
2687 7540
2688 9480
2689 3760
2696 3460
2700 6780
2710 5140
2712 2140
2715 6200
2727 27840
2728 3640
2729 4520
2736 21220
2740 3220
2750 6380
2752 6780
2755 3880
2767 13240
2768 3340
2769 4560
2776 4820
2780 3660
2790 114340
2792 3220
2795 29140
2807 8160
2808 2500
2809 22420
2816 4340
2820 85500
2830 26100
2832 3660
2835 6260
2847 7900
2848 14200
2849 4260
2856 2680
2860 28540
2870 6000
2872 85500
2875 8280
2887 24920
2888 2680
2889 2900
2896 23880
2900 6020
2910 9080
2912 28540
2915 5580
2927 18460
2928 4400
2929 2140
2936 3760
2940 8580
2950 5860
2952 6020
2955 24420
2967 5580
2968 3660
2969 6780
2976 4520
2980 5100
2990 23580
