0 0
163 43240
203 16900
243 4040
283 4860
318 43240
323 3960
358 16900
363 9480
398 4040
403 3640
406 43240
438 4860
443 3340
446 16900
478 3960
483 2500
486 4040
518 9480
523 14200
526 4860
558 3640
563 2680
566 3960
598 3340
603 4400
606 9480
638 2500
643 3660
646 3640
678 14200
683 25840
686 3340
718 2680
723 5340
726 2500
758 4400
763 6400
766 14200
798 3660
803 3460
806 2680
838 25840
843 21220
846 4400
878 5340
883 4820
886 3660
918 6400
923 4340
926 25840
958 3460
963 2680
966 5340
998 21220
1003 23880
1006 6400
1038 4820
1043 3760
1046 3460
1078 4340
1083 4520
1086 21220
1118 2680
1123 4560
1126 4820
1158 23880
1163 22420
1166 4340
1198 3760
1203 4260
1206 2680
1238 4520
1243 2900
1246 23880
1278 4560
1283 2140
1286 3760
1318 22420
1323 6780
1326 4520
1358 4260
1363 3220
1366 4560
1398 2900
1403 3660
1406 22420
1438 2140
1443 85500
1446 4260
1478 6780
1483 28540
1486 2900
1518 3220
1523 6020
1526 2140
1558 3660
1563 8580
1566 6780
1598 85500
1603 5100
1606 3220
1638 28540
1643 16740
1646 3660
1678 6020
1683 5460
1686 85500
1708 43240
1718 8580
1723 5360
1726 28540
1748 16900
1758 5100
1763 3560
1766 6020
1788 4040
1798 16740
1803 19800
1806 8580
1828 4860
1838 5460
1843 4620
1846 5100
1868 3960
1878 5360
1883 6020
1886 16740
1908 9480
1918 3560
1923 4440
1926 5460
1948 3640
1958 19800
1963 24200
1966 5360
1988 3340
1998 4620
2003 4460
2006 3560
2028 2500
2038 6020
2043 7180
2046 19800
2068 14200
2078 4440
2083 6540
2086 4620
2108 2680
2118 24200
2123 23960
2126 6020
2148 4400
2152 43240
2158 4460
2163 6620
2166 4440
2188 3660
2192 16900
2198 7180
2203 6200
2206 24200
2228 25840
2232 4040
2238 6540
2243 3880
2246 4460
2268 5340
2272 4860
2278 23960
2283 72380
2286 7180
2308 6400
2312 3960
2318 6620
2323 23160
2326 6540
2348 3460
2352 9480
2358 6200
2363 12320
2366 23960
2388 21220
2392 3640
2398 3880
2403 53680
2406 6620
2428 4820
2432 3340
2438 29140
2443 45280
2446 6200
2468 4340
2472 2500
2478 6260
2483 19260
2486 3880
2508 2680
2512 14200
2518 8280
2523 15960
2526 29140
2548 23880
2552 2680
2558 5580
2563 12340
2566 6260
2580 43240
2588 3760
2592 4400
2598 24420
2603 21160
2606 8280
2620 16900
2628 4520
2632 3660
2638 5740
2643 22980
2646 5580
2660 4040
2668 4560
2672 25840
2678 7460
2683 12400
2686 24420
2700 4860
2708 22420
2712 5340
2718 5040
2723 121240
2726 5740
2740 3960
2748 4260
2752 6400
2758 9180
2763 43960
2766 7460
2780 9480
2788 2900
2792 3460
2798 5140
2803 34520
2806 5040
2820 3640
2828 2140
2832 21220
2838 6380
2843 18820
2846 9180
2854 43240
2860 3340
2868 6780
2872 4820
2878 114340
2883 15920
2886 5140
2894 16900
2900 2500
2908 3220
2912 4340
2918 26100
2923 52880
2926 6380
2934 4040
2940 14200
2948 3660
2952 2680
2958 6000
2963 33040
2966 114340
2974 4860
2980 670
