0 0
345 43240
375 43240
385 16900
415 16900
425 4040
455 4040
465 4860
495 4860
505 3960
535 3960
545 9480
575 9480
585 3640
615 3640
625 3340
655 3340
665 2500
695 2500
705 14200
735 14200
745 2680
775 2680
785 4400
815 4400
825 3660
855 3660
865 25840
895 25840
905 5340
935 5340
945 6400
975 6400
985 3460
1015 3460
1025 21220
1055 21220
1065 4820
1095 4820
1105 4340
1117 43240
1135 4340
1145 2680
1157 16900
1175 2680
1185 23880
1197 4040
1215 23880
1225 3760
1237 4860
1255 3760
1265 4520
1277 3960
1295 4520
1305 4560
1317 9480
1335 4560
1345 22420
1357 3640
1375 22420
1385 4260
1397 3340
1415 4260
1425 2900
1437 2500
1455 2900
1465 2140
1477 14200
1495 2140
1505 6780
1517 2680
1535 6780
1545 3220
1557 4400
1575 3220
1585 3660
1597 3660
1615 3660
1625 85500
1637 25840
1655 85500
1665 28540
1677 5340
1695 28540
1705 6020
1717 6400
1735 6020
1745 8580
1757 3460
1775 8580
1785 5100
1797 21220
1815 5100
1825 16740
1837 4820
1855 16740
1865 5460
1877 4340
1895 5460
1905 5360
1917 2680
1935 5360
1945 3560
1957 23880
1975 3560
1985 19800
1997 3760
2015 19800
2025 4620
2037 4520
2055 4620
2065 6020
2077 4560
2095 6020
2105 4440
2117 22420
2135 4440
2145 24200
2157 4260
2175 24200
2183 43240
2185 4460
2197 2900
2215 4460
2223 16900
2225 7180
2237 2140
2255 7180
2263 4040
2265 6540
2277 6780
2295 6540
2303 4860
2305 23960
2317 3220
2335 23960
2343 3960
2345 6620
2357 3660
2375 6620
2383 9480
2385 6200
2397 85500
2415 6200
2423 3640
2425 3880
2437 28540
2455 3880
2463 3340
2465 29140
2477 6020
2495 29140
2503 2500
2505 6260
2517 8580
2535 6260
2543 14200
2545 8280
2557 5100
2575 8280
2580 43240
2583 2680
2585 5580
2597 16740
2615 5580
2620 16900
2623 4400
2625 24420
2637 5460
2655 24420
2660 4040
2663 3660
2665 5740
2677 5360
2695 5740
2700 4860
2703 25840
2705 7460
2717 3560
2728 43240
2735 7460
2740 3960
2743 5340
2745 5040
2757 19800
2768 16900
2775 5040
2780 9480
2783 6400
2785 9180
2797 4620
2808 4040
2815 9180
2820 3640
2823 3460
2825 5140
2837 6020
2848 4860
2855 5140
2860 3340
2863 21220
2865 6380
2877 4440
2888 3960
2895 6380
2900 2500
2903 4820
2905 114340
2917 24200
2928 9480
2935 114340
2940 14200
2943 4340
2945 26100
2957 4460
2968 3640
2975 26100
2980 2680
2981 43240
2983 2680
2985 2100
