0 0
128 43240
168 16900
208 4040
212 43240
248 4860
252 16900
288 3960
292 4040
328 9480
332 4860
368 3640
372 3960
408 3340
412 9480
448 2500
452 3640
468 43240
488 14200
492 3340
508 16900
528 2680
532 2500
538 43240
548 4040
568 4400
572 14200
574 43240
578 16900
588 4860
608 3660
612 2680
614 16900
618 4040
622 43240
628 3960
648 25840
652 4400
654 4040
658 4860
662 16900
668 9480
688 5340
692 3660
694 4860
698 3960
702 4040
708 3640
728 6400
732 25840
734 3960
738 9480
742 4860
748 3340
768 3460
772 5340
774 9480
778 3640
782 3960
788 2500
808 21220
812 6400
814 3640
818 3340
822 9480
828 14200
848 4820
852 3460
854 3340
858 2500
862 3640
868 2680
888 4340
892 21220
894 2500
898 14200
902 3340
908 4400
928 2680
932 4820
934 14200
938 2680
942 2500
948 3660
968 23880
972 4340
974 2680
978 4400
982 14200
988 25840
1008 3760
1012 2680
1014 4400
1018 3660
1022 2680
1028 5340
1048 4520
1052 23880
1054 3660
1058 25840
1062 4400
1068 6400
1088 4560
1092 3760
1094 25840
1098 5340
1102 3660
1108 3460
1128 22420
1132 4520
1134 5340
1138 6400
1142 25840
1148 21220
1168 4260
1172 4560
1174 6400
1178 3460
1182 5340
1188 4820
1208 2900
1212 22420
1214 3460
1218 21220
1222 6400
1228 4340
1242 43240
1248 2140
1252 4260
1254 21220
1258 4820
1262 3460
1268 2680
1282 16900
1288 6780
1292 2900
1294 4820
1298 4340
1302 21220
1308 23880
1322 4040
1328 3220
1332 2140
1334 4340
1338 2680
1342 4820
1348 3760
1362 4860
1368 3660
1372 6780
1374 2680
1378 23880
1382 4340
1388 4520
1402 3960
1408 85500
1412 3220
1414 23880
1418 3760
1422 2680
1428 4560
1442 9480
1448 28540
1452 3660
1454 3760
1458 4520
1462 23880
1468 22420
1482 3640
1488 6020
1492 85500
1494 4520
1498 4560
1502 3760
1508 4260
1522 3340
1528 8580
1532 28540
1534 4560
1538 22420
1542 4520
1548 2900
1562 2500
1568 5100
1572 6020
1574 22420
1578 4260
1582 4560
1588 2140
1602 14200
1608 16740
1612 8580
1614 4260
1618 2900
1622 22420
1628 6780
1642 2680
1648 5460
1652 5100
1654 2900
1658 2140
1662 4260
1665 43240
1668 3220
1682 4400
1688 5360
1692 16740
1694 2140
1698 6780
1701 43240
1702 2900
1705 16900
1708 3660
1722 3660
1728 3560
1732 5460
1734 6780
1738 3220
1741 16900
1742 2140
1745 4040
1748 85500
1762 25840
1768 19800
1772 5360
1774 3220
1778 3660
1781 4040
1782 6780
1785 4860
1788 28540
1802 5340
1808 4620
1812 3560
1814 3660
1818 85500
1821 4860
1822 3220
1825 3960
1828 6020
1842 6400
1848 6020
1852 19800
1854 85500
1858 28540
1861 3960
1862 3660
1865 9480
1868 51820
1882 3460
1888 47680
1892 4620
1894 28540
1898 6020
1900 43240
1901 9480
1902 85500
1905 3640
1908 22000
1922 21220
1928 41100
1932 6020
1934 6020
1938 8580
1940 16900
1941 3640
1942 28540
1945 3340
1948 20780
1962 4820
1968 8500
1972 4440
1974 8580
1978 5100
1980 4040
1981 3340
1982 6020
1985 2500
1988 10320
2002 4340
2008 12040
2012 24200
2014 5100
2018 16740
2020 4860
2021 2500
2022 8580
2025 14200
2028 9320
2042 2680
2048 10500
2052 4460
2054 16740
2058 5460
2060 3960
2061 14200
2062 5100
2065 2680
2068 13040
2082 23880
2088 33440
2092 7180
2094 5460
2098 5360
2100 9480
2101 2680
2102 16740
2105 4400
2108 23440
2122 3760
2128 10260
2132 6540
2134 5360
2138 3560
2140 3640
2141 4400
2142 5460
2145 3660
2148 7960
2162 4520
2168 9540
2172 23960
2174 3560
2178 19800
2180 3340
2181 3660
2182 5360
2185 25840
2188 8520
2202 4560
2208 6380
2212 6620
2214 19800
2218 4620
2220 2500
2221 25840
2222 3560
2225 5340
2228 18640
2242 22420
2248 43340
2252 6200
2254 4620
2258 6020
2260 14200
2261 5340
2262 19800
2265 6400
2268 26880
2282 4260
2288 8940
2292 3880
2294 6020
2298 4440
2300 2680
2301 6400
2302 4620
2305 3460
2308 8860
2322 2900
2328 12680
2332 29140
2334 4440
2338 24200
2340 4400
2341 3460
2342 6020
2345 21220
2348 10840
2362 2140
2368 9240
2372 6260
2374 24200
2378 4460
2380 3660
2381 21220
2382 4440
2385 4820
2388 32380
2402 6780
2408 50260
2412 8280
2414 4460
2418 7180
2420 25840
2421 4820
2422 24200
2425 4340
2428 29300
2442 3220
2448 11080
2452 5580
2454 50420
2458 6540
2460 5340
2461 4340
2462 4460
2465 2680
2468 13020
2482 3660
2488 13860
2492 24420
2494 23440
2498 23960
2500 6400
2501 2680
2502 7180
2505 23880
2508 9660
2522 85500
2528 8500
2532 5740
2534 28000
2538 6620
2540 3460
2541 23880
2542 6540
2545 3760
2548 25100
2562 28540
2568 30400
2572 7460
2574 11480
2578 6200
2580 21220
2581 3760
2582 23960
2585 4520
2588 33960
2602 6020
2608 9960
2612 5040
2614 10160
2618 3880
2620 4820
2621 4520
2622 6620
2625 4560
2628 10600
2642 8580
2648 10720
2652 9180
2654 13360
2658 29140
2660 4340
2661 4560
2662 6200
2665 22420
2668 10960
2682 5100
2688 117020
2692 5140
2694 32780
2698 6260
2700 2680
2701 22420
2702 3880
2705 4260
2708 29460
2722 16740
2728 49980
2732 6380
2734 9600
2738 8280
2740 23880
2741 4260
2742 29140
2745 2900
2748 28180
2762 5460
2768 9760
2772 114340
2774 10780
2778 5580
2780 3760
2781 2900
2782 6260
2785 2140
2788 10260
2802 5360
2808 13600
2812 26100
2814 19780
2818 24420
2820 4520
2821 2140
2822 8280
2825 6780
2828 12020
2842 3560
2848 10420
2852 6000
2854 27100
2858 5740
2860 4560
2861 6780
2862 5580
2864 43240
2865 3220
2868 27460
2882 19800
2888 46000
2892 9080
2894 10140
2898 7460
2900 22420
2901 3220
2902 24420
2904 16900
2905 3660
2908 13440
2922 4620
2928 10740
2932 5860
2934 11120
2938 5040
2940 4260
2941 3660
2942 5740
2944 4040
2945 85500
2948 8040
2962 6020
2968 12300
2972 23580
2974 30880
2978 9180
2980 2900
2981 85500
2982 7460
2984 4860
2985 28540
