0 0
204 43240
244 16900
284 4040
323 43240
324 4860
363 16900
364 3960
403 4040
404 9480
443 4860
444 3640
483 3960
484 3340
523 9480
524 2500
563 3640
564 14200
599 43240
603 3340
604 2680
639 16900
643 45740
644 4400
679 4040
683 31100
684 3660
719 4860
723 6720
724 25840
725 43240
759 3960
763 9260
764 5340
765 16900
799 9480
803 7620
804 6400
805 4040
839 3640
840 43240
843 35320
844 3460
845 4860
879 3340
880 16900
883 8980
884 21220
885 3960
919 2500
920 4040
923 9740
924 4820
925 9480
959 14200
960 4860
963 5960
964 4340
965 3640
999 2680
1000 3960
1003 35420
1004 2680
1005 3340
1039 4400
1040 9480
1043 7500
1044 23880
1045 2500
1079 3660
1080 3640
1083 8740
1084 3760
1085 14200
1119 25840
1120 3340
1123 6340
1124 4520
1125 2680
1159 5340
1160 2500
1163 49720
1164 4560
1165 4400
1199 6400
1200 14200
1203 9100
1204 22420
1205 3660
1239 3460
1240 2680
1243 10920
1244 4260
1245 25840
1279 21220
1280 47640
1283 8020
1284 2900
1285 5340
1319 4820
1320 20560
1323 43640
1324 2140
1325 6400
1359 4340
1360 29880
1363 9080
1364 6780
1365 3460
1399 2680
1400 10200
1403 7240
1404 3220
1405 21220
1439 23880
1440 10360
1443 4820
1444 3660
1445 4820
1479 3760
1480 12940
1483 30660
1484 85500
1485 4340
1519 4520
1520 24860
1522 43240
1523 6980
1524 28540
1525 2680
1559 4560
1560 8160
1562 16900
1563 8180
1564 6020
1565 23880
1599 22420
1600 6840
1602 4040
1603 90060
1604 8580
1605 3760
1639 4260
1640 16880
1642 4860
1643 50960
1644 5100
1645 4520
1679 2900
1680 26560
1682 3960
1683 10280
1684 16740
1685 4560
1719 2140
1720 8160
1722 9480
1723 11480
1724 5460
1725 22420
1759 6780
1760 8180
1762 3640
1763 7240
1764 5360
1765 4260
1799 3220
1800 30400
1802 3340
1803 23520
1804 3560
1805 2900
1839 3660
1840 27760
1842 2500
1843 8680
1844 19800
1845 2140
1879 85500
1880 10660
1882 14200
1883 9020
1884 4620
1885 6780
1919 28540
1920 6360
1922 2680
1923 89060
1924 6020
1925 3220
1959 6020
1960 23360
1962 4400
1963 48340
1964 4440
1965 3660
1999 8580
2000 11600
2002 3660
2003 10640
2004 24200
2005 85500
2039 5100
2040 7560
2042 25840
2043 14600
2044 4460
2045 28540
2079 16740
2080 6340
2082 5340
2083 9540
2084 7180
2085 6020
2086 43240
2119 5460
2120 109380
2122 6400
2123 40940
2124 6540
2125 8580
2126 16900
2159 5360
2160 32300
2162 3460
2163 9920
2164 23960
2165 5100
2166 4040
2199 3560
2200 10540
2202 21220
2203 12540
2204 6620
2205 16740
2206 4860
2239 19800
2240 13140
2242 4820
2243 10100
2244 6200
2245 5460
2246 3960
2279 4620
2280 27520
2282 4340
2283 43760
2284 3880
2285 5360
2286 9480
2319 6020
2320 21000
2322 2680
2323 11240
2324 29140
2325 3560
2326 3640
2333 43240
2359 4440
2360 8360
2362 23880
2363 12220
2364 6260
2365 19800
2366 3340
2373 16900
2374 43240
2399 24200
2400 7500
2402 3760
2403 8320
2404 8280
2405 4620
2406 2500
2413 4040
2414 16900
2439 4460
2440 10340
2442 4520
2443 53340
2444 5580
2445 6020
2446 14200
2453 4860
2454 4040
2479 7180
2480 23020
2482 4560
2483 10720
2484 24420
2485 4440
2486 2680
2493 3960
2494 4860
2519 6540
2520 8280
2522 22420
2523 15460
2524 5740
2525 24200
2526 4400
2533 9480
2534 3960
2559 23960
2560 91520
2562 4260
2563 12120
2564 7460
2565 4460
2566 3660
2573 3640
2574 9480
2599 6620
2600 32980
2602 2900
2603 48380
2604 5040
2605 7180
2606 25840
2613 3340
2614 3640
2639 6200
2640 30220
2642 2140
2643 12360
2644 9180
2645 6540
2646 5340
2653 2500
2654 3340
2679 3880
2680 13040
2682 6780
2683 13660
2684 5140
2685 23960
2686 6400
2693 14200
2694 2500
2719 29140
2720 12280
2722 3220
2723 8920
2724 6380
2725 6620
2726 3460
2733 2680
2734 14200
2759 6260
2760 23280
2762 3660
2763 38320
2764 114340
2765 6200
2766 21220
2773 4400
2774 2680
2799 8280
2800 29420
2802 85500
2803 11400
2804 26100
2805 3880
2806 4820
2813 3660
2814 4400
2839 5580
2840 11980
2842 28540
2843 14660
2844 6000
2845 29140
2846 4340
2853 25840
2854 3660
2879 24420
2880 9760
2882 6020
2883 119920
2884 9080
2885 6260
2886 2680
2893 5340
2894 25840
2902 43240
2919 5740
2920 23680
2922 8580
2923 50520
2924 5860
2925 8280
2926 23880
2933 6400
2934 5340
2942 16900
2959 7460
2960 33760
2962 5100
2963 11740
2964 23580
2965 5580
2966 3760
2973 3287
