0 0
116 43240
156 16900
196 4040
236 4860
276 3960
316 9480
356 3640
368 43240
396 3340
408 16900
436 2500
448 4040
476 14200
488 4860
516 2680
528 3960
556 4400
568 9480
596 3660
608 3640
636 25840
648 3340
676 5340
688 2500
716 6400
728 14200
746 43240
756 3460
768 2680
786 16900
796 21220
808 4400
826 4040
836 4820
848 3660
866 4860
876 4340
888 25840
906 47200
916 2680
928 5340
946 26380
956 23880
968 6400
986 7680
993 43240
996 3760
1008 3460
1026 8200
1033 16900
1036 4520
1048 21220
1064 43240
1066 49700
1073 4040
1076 4560
1088 4820
1104 16900
1106 40580
1113 4860
1116 22420
1128 4340
1144 4040
1146 10360
1153 3960
1156 4260
1168 2680
1184 4860
1186 12600
1193 9480
1196 2900
1208 23880
1224 3960
1226 10120
1233 3640
1236 2140
1248 3760
1264 9480
1266 49520
1273 3340
1276 6780
1288 4520
1304 3640
1306 11660
1313 2500
1316 3220
1328 4560
1344 3340
1346 14140
1353 14200
1356 3660
1368 22420
1384 45740
1386 9620
1393 2680
1396 85500
1408 4260
1424 31100
1426 61260
1433 4400
1436 28540
1448 2900
1464 6720
1466 12840
1473 3660
1476 6020
1488 2140
1504 9260
1506 15140
1513 25840
1516 8580
1528 6780
1544 7620
1546 9800
1553 5340
1556 5100
1568 3220
1584 35320
1586 70940
1593 6400
1596 16740
1608 3660
1624 8980
1626 13920
1633 3460
1636 5460
1648 85500
1664 9740
1666 15260
1673 21220
1676 5360
1688 28540
1704 5960
1706 10700
1713 4820
1716 3560
1728 6020
1732 43240
1744 35420
1746 67520
1753 4340
1756 19800
1768 8580
1772 16900
1784 7500
1786 12840
1793 2680
1796 4620
1808 5100
1812 4040
1824 8740
1826 11760
1833 23880
1836 6020
1848 16740
1852 4860
1864 6340
1866 9380
1873 3760
1876 4440
1888 5460
1892 3960
1904 49720
1906 53080
1913 4520
1916 24200
1928 5360
1932 9480
1944 9100
1946 11240
1953 4560
1956 4460
1968 3560
1972 46880
1984 10920
1986 11080
1993 22420
1996 7180
2008 19800
2012 20240
2024 8020
2026 92200
2033 4260
2036 6540
2048 4620
2052 6540
2064 43640
2066 57740
2073 2900
2076 23960
2088 6020
2092 19060
2104 9080
2106 13500
2113 2140
2116 6620
2128 4440
2132 6640
2144 7240
2146 15140
2153 6780
2156 6200
2168 24200
2172 13880
2173 43240
2184 4820
2186 92740
2193 3220
2196 3880
2208 4460
2212 7300
2213 16900
2224 30660
2226 52060
2233 3660
2236 29140
2248 7180
2252 29180
2253 4040
2264 6980
2266 14700
2273 85500
2276 6260
2288 6540
2292 7840
2293 4860
2304 8180
2306 17600
2313 28540
2316 8280
2328 23960
2332 20600
2333 3960
2344 90060
2346 94160
2353 6020
2356 5580
2368 6620
2372 6140
2373 9480
2384 50960
2386 65080
2393 8580
2396 24420
2408 6200
2412 25620
2413 3640
2422 43240
2424 10280
2426 16100
2433 5100
2436 5740
2448 3880
2452 8480
2453 3340
2462 16900
2464 11480
2466 19960
2473 16740
2476 7460
2488 29140
2492 30180
2493 45740
2502 4040
2504 7240
2506 13100
2513 5460
2516 5040
2528 6260
2532 8020
2533 31100
2542 4860
2544 23520
2546 60740
2553 5360
2556 9180
2568 8280
2571 43240
2572 30280
2573 6720
2582 3960
2584 8680
2586 14540
2591 43240
2593 3560
2596 5140
2608 5580
2611 16900
2612 7220
2613 9260
2622 9480
2624 9020
2626 18560
2631 16900
2633 19800
2636 6380
2648 24420
2651 4040
2652 25740
2653 7620
2662 3640
2664 89060
2666 14540
2671 4040
2673 4620
2676 114340
2688 5740
2691 4860
2692 9380
2693 35320
2702 3340
2704 48340
2706 67960
2711 4860
2713 6020
2716 26100
2728 7460
2731 3960
2732 26760
2733 8980
2742 2500
2744 10640
2746 15700
2751 3960
2753 4440
2756 6000
2768 5040
2771 9480
2772 6940
2773 9740
2782 14200
2784 14600
2786 19400
2791 9480
2793 24200
2796 9080
2808 9180
2811 3640
2812 26780
2813 5960
2822 2680
2824 9540
2826 14860
2831 3640
2833 4460
2836 5860
2848 5140
2851 3340
2852 5900
2853 35420
2862 4400
2864 40940
2866 77300
2871 3340
2873 7180
2876 23580
2888 6380
2891 2500
2892 11300
2893 7500
2902 3660
2904 9920
2906 17340
2911 2500
2913 6540
2916 6480
2928 114340
2931 14200
2932 7780
2933 8740
2942 25840
2944 12540
2946 21660
2951 14200
2953 23960
2956 9400
2968 26100
2971 2680
2972 26080
2973 6340
2982 5340
