0 0
225 43240
248 43240
265 16900
288 16900
305 4040
328 4040
345 4860
368 4860
385 3960
408 3960
425 9480
448 9480
465 3640
488 3640
505 3340
528 3340
545 2500
568 2500
585 14200
608 14200
625 2680
648 2680
665 4400
688 4400
705 3660
728 3660
745 25840
768 25840
785 5340
808 5340
825 6400
848 6400
865 3460
888 3460
905 21220
928 21220
945 4820
968 4820
985 4340
1008 4340
1025 2680
1030 43240
1048 2680
1065 23880
1070 16900
1088 23880
1105 3760
1110 4040
1128 3760
1145 4520
1150 4860
1168 4520
1185 4560
1190 3960
1208 4560
1221 43240
1225 22420
1230 9480
1248 22420
1261 16900
1265 4260
1270 3640
1288 4260
1301 4040
1305 2900
1310 3340
1328 2900
1341 4860
1345 2140
1350 2500
1368 2140
1381 3960
1385 6780
1390 14200
1408 6780
1421 9480
1425 3220
1430 2680
1448 3220
1461 3640
1465 3660
1470 4400
1488 3660
1501 3340
1505 85500
1510 3660
1528 85500
1541 2500
1545 28540
1550 25840
1568 28540
1581 14200
1585 6020
1590 5340
1608 6020
1621 2680
1625 8580
1630 6400
1648 8580
1661 4400
1665 5100
1670 3460
1682 43240
1688 5100
1701 3660
1705 16740
1710 21220
1722 16900
1728 16740
1741 25840
1745 5460
1750 4820
1762 4040
1768 5460
1781 5340
1785 5360
1790 4340
1802 4860
1808 5360
1821 6400
1825 3560
1830 2680
1842 3960
1848 3560
1861 3460
1865 19800
1870 23880
1882 9480
1885 43240
1888 19800
1901 21220
1905 4620
1910 3760
1922 3640
1925 16900
1928 4620
1941 4820
1945 6020
1950 4520
1962 3340
1965 4040
1968 6020
1981 4340
1985 4440
1990 4560
2002 2500
2005 4860
2008 4440
2021 2680
2025 24200
2030 22420
2042 14200
2045 3960
2048 24200
2061 23880
2065 4460
2070 4260
2082 2680
2085 9480
2088 4460
2101 3760
2105 7180
2110 2900
2122 4400
2125 3640
2128 7180
2141 4520
2145 6540
2150 2140
2162 3660
2165 3340
2168 6540
2181 4560
2185 23960
2190 6780
2202 25840
2205 2500
2208 67200
2221 22420
2225 6620
2230 3220
2242 5340
2245 14200
2248 23520
2261 4260
2265 6200
2270 3660
2282 6400
2285 2680
2288 10240
2301 2900
2305 3880
2310 85500
2322 3460
2325 4400
2328 8740
2341 2140
2345 29140
2350 28540
2362 21220
2365 3660
2368 33100
2381 6780
2385 6260
2390 6020
2402 4820
2405 25840
2408 15740
2421 3220
2425 8280
2430 8580
2442 4340
2445 5340
2448 11920
2461 3660
2465 5580
2470 5100
2482 2680
2485 6400
2488 8920
2501 85500
2505 24420
2510 16740
2522 23880
2525 3460
2528 26920
2541 28540
2545 5740
2550 5460
2562 3760
2565 21220
2568 19940
2581 6020
2585 7460
2590 5360
2602 4520
2605 4820
2608 10140
2621 8580
2625 5040
2630 3560
2642 4560
2645 4340
2648 9440
2661 5100
2665 9180
2670 19800
2682 22420
2685 2680
2688 12840
2701 16740
2705 5140
2710 4620
2722 4260
2725 23880
2728 30980
2741 5460
2745 6380
2750 6020
2762 2900
2765 3760
2768 11720
2781 5360
2785 114340
2790 4440
2802 2140
2805 4520
2808 120740
2821 3560
2825 26100
2830 24200
2832 43240
2842 6780
2845 4560
2848 29560
2861 19800
2865 6000
2867 43240
2870 4460
2872 16900
2882 3220
2885 22420
2888 27220
2901 4620
2905 9080
2907 16900
2910 7180
2912 4040
2922 3660
2925 4260
2928 13900
2941 6020
2945 5860
2947 4040
2950 6540
2952 4860
2962 85500
2965 2900
2968 10200
2981 4440
2985 23580
2987 4860
