0 0
158 43240
198 16900
202 43240
238 4040
242 16900
246 43240
278 4860
282 4040
286 16900
318 3960
322 4860
326 4040
352 43240
358 9480
362 3960
366 4860
392 16900
398 3640
402 9480
406 3960
432 4040
438 3340
442 3640
446 9480
472 4860
478 2500
482 3340
486 3640
512 3960
518 14200
522 2500
526 3340
552 9480
558 2680
562 14200
566 2500
592 3640
598 4400
602 2680
606 14200
632 3340
638 3660
642 4400
646 2680
672 2500
678 25840
682 3660
686 4400
712 14200
718 5340
719 43240
722 25840
726 3660
752 2680
758 6400
759 16900
762 5340
766 25840
792 4400
798 3460
799 4040
802 6400
806 5340
832 3660
838 21220
839 4860
842 3460
846 6400
866 43240
872 25840
878 4820
879 3960
882 21220
886 3460
906 16900
908 43240
912 5340
918 4340
919 9480
922 4820
926 21220
946 4040
948 16900
952 6400
958 2680
959 3640
962 4340
966 4820
986 4860
988 4040
992 3460
998 23880
999 3340
1002 2680
1006 4340
1026 3960
1028 48100
1032 21220
1038 3760
1039 2500
1042 23880
1046 2680
1066 9480
1068 20860
1072 4820
1078 4520
1079 14200
1082 3760
1086 23880
1106 3640
1108 13520
1112 4340
1118 4560
1119 2680
1122 4520
1126 3760
1146 3340
1148 8500
1152 2680
1158 22420
1159 4400
1162 4560
1166 4520
1186 2500
1188 7300
1192 23880
1198 4260
1199 3660
1202 22420
1206 4560
1226 14200
1228 11980
1232 3760
1238 2900
1239 25840
1242 4260
1246 22420
1266 2680
1268 17840
1272 4520
1278 2140
1279 5340
1282 2900
1286 4260
1306 4400
1308 6020
1312 4560
1318 6780
1319 6400
1322 2140
1326 2900
1346 3660
1348 6900
1352 22420
1358 3220
1359 3460
1362 6780
1366 2140
1386 25840
1388 17860
1392 4260
1398 3660
1399 21220
1402 3220
1405 43240
1406 6780
1426 5340
1428 28520
1432 2900
1438 85500
1439 4820
1442 3660
1445 16900
1446 3220
1466 6400
1468 9740
1472 2140
1478 28540
1479 4340
1482 85500
1485 4040
1486 3660
1498 43240
1506 3460
1508 10060
1512 6780
1518 6020
1519 2680
1522 28540
1525 4860
1526 85500
1538 16900
1546 21220
1548 29300
1552 3220
1558 8580
1559 23880
1562 6020
1565 3960
1566 28540
1578 4040
1586 4820
1588 26560
1592 3660
1598 5100
1599 3760
1602 8580
1605 9480
1606 6020
1618 4860
1626 4340
1628 11220
1632 85500
1638 16740
1639 4520
1642 5100
1645 3640
1646 8580
1658 3960
1666 2680
1668 7800
1672 28540
1678 5460
1679 4560
1682 16740
1685 3340
1686 5100
1698 9480
1706 23880
1708 23900
1712 6020
1718 5360
1719 22420
1722 5460
1725 2500
1726 16740
1738 3640
1746 3760
1748 28700
1752 8580
1758 3560
1759 4260
1762 5360
1765 14200
1766 5460
1778 3340
1786 4520
1788 8100
1792 5100
1798 19800
1799 2900
1802 3560
1805 2680
1806 5360
1818 2500
1826 4560
1828 7200
1832 16740
1838 4620
1839 2140
1842 19800
1845 4400
1846 3560
1858 14200
1866 22420
1868 28440
1872 5460
1878 6020
1879 6780
1882 4620
1885 3660
1886 19800
1898 2680
1906 4260
1908 26180
1912 5360
1918 4440
1919 3220
1922 6020
1925 25840
1926 4620
1938 4400
1946 2900
1948 8780
1952 3560
1958 24200
1959 3660
1962 4440
1965 5340
1966 6020
1978 3660
1986 2140
1988 7460
1992 19800
1998 4460
1999 85500
2002 24200
2005 6400
2006 4440
2018 25840
2026 6780
2028 24560
2032 4620
2038 7180
2039 28540
2042 4460
2045 3460
2046 24200
2058 5340
2066 3220
2068 11040
2072 6020
2078 6540
2079 6020
2082 7180
2085 21220
2086 4460
2098 6400
2106 3660
2108 6120
2112 4440
2118 23960
2119 8580
2122 6540
2125 4820
2126 7180
2138 3460
2146 85500
2148 49040
2152 24200
2158 6620
2159 5100
2162 23960
2165 4340
2166 6540
2178 21220
2186 28540
2188 109180
2192 4460
2198 6200
2199 16740
2202 6620
2205 2680
2206 23960
2218 4820
2226 6020
2228 35800
2232 7180
2238 3880
2239 5460
2242 6200
2245 23880
2246 6620
2258 4340
2266 8580
2268 14540
2272 6540
2278 29140
2279 5360
2282 3880
2285 3760
2286 6200
2298 2680
2306 5100
2308 98040
2312 23960
2318 6260
2319 3560
2322 29140
2325 4520
2326 3880
2338 23880
2346 16740
2348 43120
2352 6620
2358 8280
2359 19800
2362 6260
2365 4560
2366 29140
2378 3760
2386 5460
2388 26400
2392 6200
2398 5580
2399 4620
2402 8280
2405 22420
2406 6260
2418 4520
2426 5360
2428 17380
2432 3880
2438 24420
2439 6020
2442 5580
2445 4260
2446 8280
2458 4560
2466 3560
2468 12960
2472 29140
2478 5740
2479 4440
2482 24420
2485 2900
2486 5580
2498 22420
2506 19800
2508 34500
2512 6260
2518 7460
2519 24200
2522 5740
2525 2140
2526 24420
2538 4260
2546 4620
2548 27940
2552 8280
2558 5040
2559 4460
2562 7460
2565 6780
2566 5740
2578 2900
2586 6020
2588 14380
2592 5580
2598 9180
2599 7180
2602 5040
2605 3220
2606 7460
2618 2140
2626 4440
2628 13240
2632 24420
2638 5140
2639 6540
2642 9180
2645 3660
2646 5040
2658 6780
2666 24200
2668 50080
2672 5740
2678 6380
2679 23960
2682 5140
2685 85500
2686 9180
2698 3220
2706 4460
2708 34160
2712 7460
2718 114340
2719 6620
2722 6380
2725 28540
2726 5140
2738 3660
2746 7180
2748 16880
2752 5040
2758 26100
2759 6200
2762 114340
2765 6020
2766 6380
2778 85500
2786 6540
2788 15080
2792 9180
2798 6000
2799 3880
2802 26100
2805 8580
2806 114340
2818 28540
2826 23960
2828 51960
2832 5140
2838 9080
2839 29140
2842 6000
2845 5100
2846 26100
2858 6020
2866 6620
2868 33240
2872 6380
2878 5860
2879 6260
2882 9080
2885 16740
2886 6000
2898 8580
2906 6200
2908 18140
2912 114340
2918 23580
2919 8280
2922 5860
2925 5460
2926 9080
2938 5100
2946 3880
2948 15420
2952 26100
2958 6480
2959 5580
2962 23580
2965 5360
2966 5860
2978 16740
2986 29140
2988 51720
2992 2700
