0 0
128 43240
168 16900
208 4040
248 4860
275 43240
288 3960
315 16900
328 9480
355 4040
368 3640
395 4860
408 3340
428 43240
431 43240
435 3960
448 2500
468 16900
471 16900
475 9480
488 14200
508 4040
511 4040
515 3640
528 2680
548 4860
551 4860
555 3340
568 4400
588 3960
591 3960
595 2500
608 3660
628 9480
631 9480
635 14200
648 25840
668 3640
671 3640
675 2680
688 5340
708 3340
711 3340
715 4400
728 6400
748 2500
751 2500
755 3660
768 3460
788 14200
791 14200
795 25840
808 21220
818 43240
828 2680
831 2680
835 5340
848 4820
858 16900
868 4400
871 4400
875 6400
888 47580
898 4040
908 3660
911 3660
915 3460
928 19580
938 4860
948 25840
951 25840
955 21220
968 27920
978 3960
988 5340
991 5340
995 4820
1008 8620
1018 9480
1028 6400
1031 6400
1035 4340
1048 8480
1058 3640
1068 3460
1071 3460
1075 2680
1086 43240
1088 14040
1098 3340
1108 21220
1111 21220
1115 23880
1126 16900
1128 26060
1138 2500
1148 4820
1151 4820
1155 3760
1166 4040
1168 7600
1178 14200
1188 4340
1191 4340
1195 4520
1206 4860
1208 5400
1218 2680
1228 2680
1231 2680
1235 4560
1246 3960
1248 16340
1258 4400
1265 43240
1268 23880
1271 23880
1275 22420
1286 9480
1288 9460
1298 3660
1305 16900
1308 3760
1311 3760
1315 4260
1326 3640
1328 7620
1338 25840
1345 4040
1348 4520
1351 4520
1355 2900
1366 3340
1368 7320
1378 5340
1385 4860
1388 4560
1391 4560
1395 2140
1406 2500
1408 111340
1418 6400
1425 3960
1428 22420
1431 22420
1433 43240
1435 6780
1446 14200
1448 33880
1458 3460
1465 9480
1468 4260
1471 4260
1473 16900
1475 3220
1486 2680
1488 12420
1498 21220
1505 3640
1508 2900
1511 2900
1513 4040
1515 3660
1526 4400
1528 12040
1538 4820
1545 3340
1548 2140
1551 2140
1553 4860
1555 85500
1566 3660
1568 26320
1578 4340
1585 2500
1588 6780
1591 6780
1593 3960
1595 28540
1606 25840
1608 21560
1618 2680
1625 14200
1628 3220
1631 3220
1633 9480
1635 6020
1646 5340
1648 9800
1658 23880
1665 2680
1668 3660
1671 3660
1673 3640
1675 8580
1686 6400
1688 8040
1698 3760
1705 4400
1708 85500
1711 85500
1713 3340
1715 5100
1726 3460
1728 27440
1732 43240
1738 4520
1745 3660
1748 28540
1751 28540
1753 2500
1755 16740
1766 21220
1768 23560
1772 16900
1778 4560
1785 25840
1788 6020
1791 6020
1793 14200
1795 5460
1806 4820
1808 9140
1812 4040
1818 22420
1825 5340
1828 8580
1831 8580
1833 2680
1835 5360
1846 4340
1848 10580
1852 4860
1858 4260
1865 6400
1868 5100
1871 5100
1873 4400
1874 43240
1875 3560
1886 2680
1888 26860
1892 3960
1898 2900
1905 3460
1908 16740
1911 16740
1913 3660
1914 16900
1915 19800
1926 23880
1928 28460
1932 9480
1938 2140
1945 21220
1948 5460
1951 5460
1953 25840
1954 4040
1955 4620
1966 3760
1968 7360
1972 3640
1978 6780
1985 4820
1988 5360
1991 5360
1993 5340
1994 4860
1995 6020
2006 4520
2008 9320
2012 3340
2018 3220
2025 4340
2028 3560
2031 3560
2033 6400
2034 3960
2035 4440
2046 4560
2048 13320
2052 2500
2058 3660
2065 2680
2068 19800
2071 19800
2073 3460
2074 9480
2075 24200
2086 22420
2088 27180
2092 14200
2098 85500
2105 23880
2108 4620
2111 4620
2113 21220
2114 3640
2115 4460
2126 4260
2128 10280
2132 2680
2138 28540
2145 3760
2148 6020
2151 6020
2153 4820
2154 3340
2155 7180
2166 2900
2168 91700
2172 4400
2178 6020
2185 4520
2188 4440
2191 4440
2193 4340
2194 2500
2195 6540
2206 2140
2208 32420
2212 3660
2218 8580
2225 4560
2228 24200
2231 24200
2233 2680
2234 14200
2235 23960
2246 6780
2248 35160
2252 25840
2258 5100
2265 22420
2268 4460
2271 4460
2273 23880
2274 2680
2275 6620
2286 3220
2288 14840
2292 5340
2298 16740
2305 4260
2308 7180
2311 7180
2313 3760
2314 4400
2315 6200
2326 3660
2328 13380
2332 6400
2338 5460
2345 2900
2348 6540
2351 6540
2353 4520
2354 3660
2355 3880
2366 85500
2368 22320
2372 3460
2378 5360
2385 2140
2388 23960
2391 23960
2393 4560
2394 25840
2395 29140
2406 28540
2408 29880
2412 21220
2418 3560
2425 6780
2428 6620
2431 6620
2433 22420
2434 5340
2435 6260
2446 6020
2448 11100
2452 4820
2458 19800
2465 46460
2468 6200
2471 6200
2473 4260
2474 6400
2475 8280
2486 8580
2488 11020
2492 4340
2498 4620
2505 20560
2508 3880
2511 3880
2513 2900
2514 3460
2515 5580
2526 5100
2528 24840
2532 2680
2538 6020
2545 89540
2548 29140
2551 29140
2553 2140
2554 21220
2555 24420
2566 16740
2568 13800
2572 23880
2578 4440
2585 33400
2588 6260
2591 6260
2593 6780
2594 4820
2595 5740
2606 5460
2608 11160
2612 3760
2618 24200
2625 9980
2628 8280
2631 8280
2633 3220
2634 4340
2635 7460
2646 5360
2648 10820
2652 4520
2658 4460
2665 18060
2668 5580
2671 5580
2673 3660
2674 2680
2675 5040
2686 3560
2688 138540
2692 4560
2698 7180
2705 8740
2708 24420
2711 24420
2713 85500
2714 23880
2715 9180
2726 19800
2728 30560
2732 22420
2738 6540
2745 20080
2748 5740
2751 5740
2753 28540
2754 3760
2755 5140
2766 4620
2768 13180
2772 4260
2778 23960
2785 7960
2788 7460
2791 7460
2793 6020
2794 4520
2795 6380
2806 6020
2808 15620
2812 2900
2818 6620
2825 19560
2828 5040
2831 5040
2833 8580
2834 4560
2835 114340
2846 4440
2848 29820
2852 2140
2858 6200
2865 6240
2868 9180
2871 9180
2873 5100
2874 22420
2875 26100
2886 24200
2888 30200
2892 6780
2898 3880
2905 24200
2908 5140
2911 5140
2913 16740
2914 4260
2915 6000
2926 4460
2928 12680
2932 3220
2938 29140
2945 8280
2948 6380
2951 6380
2953 5460
2954 2900
2955 9080
2966 7180
2968 13280
2972 3660
2978 6260
2985 31860
2988 114340
2991 114340
2993 5360
2994 856
