0 0
151 43240
191 16900
231 4040
271 4860
311 3960
351 9480
391 3640
431 3340
471 2500
511 14200
526 43240
551 2680
566 16900
591 4400
606 4040
631 3660
646 4860
671 25840
686 3960
711 5340
726 9480
751 6400
766 3640
791 3460
806 3340
831 21220
846 2500
871 4820
886 14200
911 4340
926 2680
951 2680
966 4400
991 23880
1006 3660
1031 3760
1046 25840
1071 4520
1086 5340
1111 4560
1126 6400
1151 22420
1166 3460
1191 4260
1206 21220
1218 43240
1231 2900
1246 4820
1258 16900
1271 2140
1286 4340
1298 4040
1311 6780
1326 2680
1338 4860
1351 3220
1366 23880
1378 3960
1391 3660
1406 3760
1418 9480
1431 85500
1446 4520
1458 3640
1471 28540
1486 4560
1498 3340
1505 43240
1511 6020
1526 22420
1538 2500
1545 16900
1551 8580
1566 4260
1569 43240
1578 14200
1585 4040
1591 5100
1606 2900
1609 16900
1618 2680
1625 4860
1631 16740
1646 2140
1649 4040
1658 4400
1665 3960
1671 5460
1686 6780
1689 4860
1698 3660
1705 9480
1711 5360
1726 3220
1729 3960
1738 25840
1745 3640
1751 3560
1766 3660
1769 9480
1778 5340
1785 3340
1791 19800
1806 85500
1809 3640
1818 6400
1825 2500
1831 4620
1846 28540
1849 3340
1858 3460
1865 14200
1871 6020
1886 6020
1889 2500
1898 21220
1905 45920
1911 4440
1926 8580
1929 14200
1938 4820
1945 21300
1951 24200
1966 5100
1969 2680
1978 4340
1985 7700
1991 4460
2006 16740
2009 4400
2018 2680
2025 30700
2031 7180
2046 5460
2049 3660
2058 23880
2065 9300
2071 6540
2072 43240
2086 5360
2089 25840
2098 3760
2105 15880
2111 23960
2112 16900
2126 3560
2129 5340
2138 4520
2145 7100
2151 6620
2152 4040
2166 19800
2169 6400
2178 4560
2185 24560
2191 6200
2192 4860
2206 4620
2209 3460
2218 22420
2225 7320
2231 3880
2232 3960
2246 6020
2249 21220
2258 4260
2265 18540
2271 29140
2272 9480
2286 4440
2289 4820
2298 2900
2305 48600
2311 6260
2312 3640
2326 24200
2329 4340
2338 2140
2345 45180
2351 8280
2352 3340
2366 4460
2369 2680
2378 6780
2385 11460
2391 5580
2392 2500
2406 7180
2409 23880
2418 3220
2425 35220
2431 24420
2432 14200
2446 6540
2449 3760
2458 3660
2465 13860
2471 5740
2472 2680
2486 23960
2489 4520
2498 85500
2505 38300
2511 7460
2512 4400
2526 6620
2529 4560
2538 28540
2545 11360
2551 5040
2552 3660
2566 6200
2569 22420
2578 6020
2585 27460
2591 9180
2592 25840
2606 3880
2609 4260
2618 8580
2624 43240
2625 9460
2631 5140
2632 5340
2646 29140
2649 2900
2658 5100
2664 16900
2665 25320
2671 6380
2672 6400
2686 6260
2689 2140
2698 16740
2704 4040
2705 8580
2711 114340
2712 3460
2726 8280
2729 6780
2738 5460
2744 4860
2745 31940
2751 26100
2752 21220
2766 5580
2769 3220
2778 5360
2784 3960
2785 92920
2791 6000
2792 4820
2806 24420
2809 3660
2818 3560
2824 9480
2825 58900
2831 9080
2832 4340
2846 5740
2849 85500
2858 19800
2864 3640
2865 15920
2871 5860
2872 2680
2886 7460
2889 28540
2898 4620
2904 3340
2905 37400
2911 23580
2912 23880
2926 5040
2929 6020
2938 6020
2944 2500
2945 12820
2951 6480
2952 3760
2966 9180
2969 8580
2978 4440
2984 14200
2985 40860
2986 16624
