0 0
824 43240
864 16900
879 43240
887 43240
904 4040
919 16900
927 16900
944 4860
959 4040
967 4040
984 3960
999 4860
1007 4860
1024 9480
1039 3960
1047 3960
1064 3640
1079 9480
1087 9480
1104 3340
1119 3640
1127 3640
1144 2500
1159 3340
1167 3340
1184 14200
1199 2500
1207 2500
1224 2680
1239 14200
1247 14200
1264 4400
1279 2680
1287 2680
1304 3660
1319 4400
1327 4400
1344 25840
1359 3660
1367 3660
1384 5340
1399 25840
1407 25840
1424 6400
1439 5340
1447 5340
1464 3460
1479 6400
1487 6400
1504 21220
1519 3460
1527 3460
1544 4820
1559 21220
1567 21220
1584 4340
1599 4820
1607 4820
1624 2680
1639 4340
1647 4340
1664 23880
1679 2680
1687 2680
1704 3760
1719 23880
1727 23880
1744 4520
1759 3760
1767 3760
1784 4560
1797 43240
1799 4520
1807 4520
1824 22420
1837 16900
1839 4560
1847 4560
1864 4260
1877 4040
1879 22420
1887 22420
1904 2900
1915 43240
1917 4860
1919 4260
1927 4260
1944 2140
1955 16900
1957 3960
1959 2900
1967 2900
1972 43240
1984 6780
1995 4040
1997 9480
1999 2140
2007 2140
2012 16900
2024 3220
2035 4860
2037 3640
2039 6780
2047 6780
2052 4040
2064 3660
2075 3960
2077 3340
2079 3220
2087 3220
2092 4860
2103 43240
2104 85500
2115 9480
2117 2500
2119 3660
2127 3660
2132 3960
2143 16900
2144 28540
2155 3640
2157 14200
2159 85500
2167 85500
2172 9480
2183 4040
2184 6020
2195 3340
2197 2680
2199 28540
2207 28540
2212 3640
2223 4860
2224 8580
2235 2500
2237 4400
2239 6020
2247 6020
2252 3340
2263 3960
2264 5100
2275 14200
2277 3660
2279 8580
2287 8580
2292 2500
2303 9480
2304 16740
2315 2680
2317 25840
2319 5100
2327 5100
2332 14200
2343 3640
2344 5460
2355 4400
2357 5340
2359 16740
2367 16740
2372 2680
2383 3340
2384 5360
2395 3660
2397 6400
2399 5460
2400 43240
2407 5460
2412 4400
2423 2500
2424 3560
2435 25840
2437 3460
2439 5360
2440 16900
2447 5360
2452 3660
2463 14200
2464 19800
2472 43240
2475 5340
2477 21220
2479 3560
2480 4040
2487 3560
2492 25840
2500 43240
2503 2680
2504 4620
2512 16900
2515 6400
2517 4820
2519 19800
2520 4860
2527 19800
2532 5340
2540 16900
2543 4400
2544 6020
2552 4040
2555 3460
2557 4340
2559 4620
2560 3960
2567 4620
2572 6400
2580 4040
2583 3660
2584 4440
2592 4860
2595 21220
2597 2680
2599 6020
2600 9480
2607 6020
2612 3460
2620 4860
2623 25840
2624 24200
2632 3960
2635 4820
2637 23880
2639 4440
2640 3640
2647 4440
2652 21220
2660 47200
2663 5340
2664 4460
2672 9480
2675 4340
2677 3760
2679 24200
2680 3340
2687 24200
2692 4820
2700 26380
2703 6400
2704 7180
2712 3640
2715 2680
2717 4520
2719 4460
2720 2500
2727 4460
2732 4340
2740 7680
2743 3460
2744 6540
2752 3340
2755 23880
2757 4560
2759 7180
2760 14200
2767 7180
2772 2680
2780 8200
2783 21220
2784 23960
2792 2500
2795 3760
2797 22420
2799 6540
2800 2680
2807 6540
2812 23880
2818 43240
2820 6460
2823 4820
2824 6620
2832 14200
2835 4520
2837 4260
2839 23960
2840 4400
2847 23960
2852 3760
2858 16900
2860 23680
2863 4340
2864 6200
2872 2680
2875 4560
2877 2900
2879 6620
2880 3660
2887 6620
2892 4520
2898 4040
2900 6320
2903 2680
2904 3880
2912 4400
2915 22420
2917 2140
2919 6200
2920 25840
2927 6200
2932 4560
2938 4860
2940 7740
2943 23880
2944 29140
2952 3660
2955 4260
2957 6780
2959 3880
2960 5340
2967 3880
2972 22420
2978 3960
2980 6160
2983 3760
2984 5321
