0 0
427 43240
467 16900
481 43240
500 43240
507 4040
515 43240
521 16900
540 16900
547 4860
549 43240
555 16900
561 4040
580 4040
587 3960
589 16900
595 4040
601 4860
620 4860
627 9480
629 4040
635 4860
641 3960
660 3960
667 3640
669 4860
675 3960
681 9480
682 43240
700 9480
707 3340
709 3960
715 9480
721 3640
722 16900
740 3640
747 2500
749 9480
755 3640
761 3340
762 4040
780 3340
787 14200
789 3640
795 3340
801 2500
802 4860
820 2500
827 2680
829 3340
835 2500
841 14200
842 3960
860 14200
867 4400
869 2500
875 14200
881 2680
882 9480
900 2680
907 3660
909 14200
915 2680
921 4400
922 3640
940 4400
947 25840
949 2680
955 4400
961 3660
962 3340
980 3660
987 5340
989 4400
995 3660
1001 25840
1002 2500
1020 25840
1027 6400
1029 3660
1035 25840
1041 5340
1042 14200
1060 5340
1067 3460
1069 25840
1075 5340
1081 6400
1082 2680
1100 6400
1107 21220
1109 5340
1115 6400
1121 3460
1122 4400
1140 3460
1147 4820
1149 6400
1155 3460
1161 21220
1162 3660
1180 21220
1187 4340
1189 3460
1195 21220
1201 4820
1202 25840
1220 4820
1227 2680
1229 21220
1235 4820
1241 4340
1242 5340
1260 4340
1267 23880
1269 4820
1275 4340
1281 2680
1282 6400
1300 2680
1307 3760
1309 4340
1315 2680
1321 23880
1322 3460
1340 23880
1347 4520
1349 2680
1355 23880
1361 3760
1362 21220
1380 3760
1387 4560
1389 23880
1395 3760
1401 4520
1402 4820
1420 4520
1427 22420
1429 3760
1435 4520
1441 4560
1442 4340
1460 4560
1467 4260
1468 43240
1469 4520
1475 4560
1481 22420
1482 2680
1500 22420
1507 2900
1508 16900
1509 4560
1515 22420
1521 4260
1522 23880
1540 4260
1547 2140
1548 4040
1549 22420
1555 4260
1561 2900
1562 3760
1580 2900
1587 6780
1588 4860
1589 4260
1595 2900
1601 2140
1602 4520
1620 2140
1627 3220
1628 3960
1629 2900
1635 2140
1641 6780
1642 4560
1660 6780
1667 3660
1668 9480
1669 2140
1675 6780
1681 3220
1682 22420
1700 3220
1707 85500
1708 3640
1709 6780
1715 3220
1721 3660
1722 4260
1740 3660
1747 28540
1748 3340
1749 3220
1755 3660
1759 43240
1761 85500
1762 2900
1780 85500
1787 6020
1788 2500
1789 3660
1795 85500
1799 16900
1801 28540
1802 2140
1820 28540
1827 8580
1828 14200
1829 85500
1835 28540
1839 4040
1841 6020
1842 6780
1860 6020
1867 5100
1868 2680
1869 28540
1875 6020
1879 4860
1881 8580
1882 3220
1900 8580
1907 16740
1908 4400
1909 6020
1915 8580
1919 3960
1921 5100
1922 3660
1940 5100
1947 5460
1948 3660
1949 8580
1955 5100
1959 9480
1961 16740
1962 85500
1980 16740
1987 5360
1988 25840
1989 5100
1995 16740
1999 3640
2001 5460
2002 28540
2020 5460
2025 43240
2027 3560
2028 5340
2029 16740
2035 5460
2039 3340
2041 5360
2042 6020
2060 5360
2065 16900
2067 19800
2068 6400
2069 5460
2075 5360
2079 2500
2081 3560
2082 8580
2100 3560
2105 4040
2107 4620
2108 3460
2109 5360
2115 3560
2119 14200
2121 19800
2122 5100
2140 19800
2145 4860
2147 6020
2148 21220
2149 3560
2155 19800
2159 2680
2161 4620
2162 16740
2180 4620
2185 3960
2187 4440
2188 4820
2189 19800
2195 4620
2199 4400
2201 6020
2202 5460
2220 6020
2225 9480
2227 24200
2228 4340
2229 4620
2235 6020
2239 3660
2241 4440
2242 5360
2260 4440
2265 3640
2267 4460
2268 2680
2269 6020
2275 4440
2279 25840
2281 24200
2282 3560
2300 24200
2305 3340
2307 7180
2308 23880
2309 4440
2315 24200
2319 5340
2321 4460
2322 19800
2340 4460
2345 2500
2347 49780
2348 3760
2349 24200
2355 4460
2358 43240
2359 6400
2361 7180
2362 4620
2380 7180
2385 14200
2387 40860
2388 4520
2389 4460
2395 7180
2398 16900
2399 3460
2401 6540
2402 6020
2420 6540
2425 2680
2427 10660
2428 4560
2429 7180
2435 6540
2438 4040
2439 21220
2441 23960
2442 4440
2457 43240
2460 23960
2465 4400
2467 11060
2468 22420
2469 6540
2475 23960
2478 4860
2479 4820
2481 6620
2482 24200
2497 16900
2500 6620
2505 3660
2507 7840
2508 4260
2509 23960
2515 6620
2518 3960
2519 4340
2521 6200
2522 4460
2537 4040
2540 6200
2545 25840
2547 38620
2548 2900
2549 6620
2555 6200
2558 9480
2559 2680
2561 3880
2562 7180
2573 43240
2577 4860
2580 3880
2585 5340
2587 9900
2588 2140
2589 6200
2595 3880
2598 3640
2599 23880
2601 29140
2602 6540
2613 16900
2617 3960
2620 29140
2625 6400
2627 11620
2628 6780
2629 3880
2635 29140
2638 3340
2639 3760
2641 6260
2642 23960
2653 4040
2657 9480
2660 6260
2665 3460
2667 8080
2668 3220
2669 29140
2675 6260
2678 2500
2679 4520
2681 8280
2682 6620
2693 4860
2697 3640
2700 8280
2705 21220
2707 38620
2708 3660
2709 6260
2715 8280
2718 14200
2719 4560
2721 5580
2722 6200
2733 3960
2737 3340
2740 5580
2745 4820
2747 8420
2748 85500
2749 8280
2755 5580
2758 2680
2759 22420
2761 24420
2762 3880
2773 9480
2777 2500
2780 24420
2785 4340
2787 11860
2788 71780
2789 5580
2795 24420
2798 4400
2799 4260
2801 5740
2802 29140
2813 3640
2817 14200
2820 5740
2825 2680
2827 8700
2828 22920
2829 24420
2835 5740
2838 3660
2839 2900
2841 7460
2842 6260
2853 3340
2857 2680
2860 7460
2865 23880
2867 35020
2868 12620
2869 5740
2875 7460
2878 25840
2879 2140
2881 5040
2882 8280
2893 2500
2897 4400
2900 5040
2905 3760
2907 10480
2908 9960
2909 7460
2915 5040
2918 5340
2919 6780
2921 9180
2922 5580
2933 14200
2937 3660
2940 9180
2945 4520
2947 12780
2948 20700
2949 5040
2955 9180
2958 6400
2959 3220
2961 5140
2962 24420
2973 2680
2977 25840
2980 5140
2985 4560
2987 117800
2988 14940
2989 9180
2995 5140
2998 3460
2999 2379
