0 0
250 43240
290 16900
330 4040
370 4860
410 3960
411 43240
450 9480
451 16900
490 3640
491 4040
530 3340
531 4860
570 2500
571 3960
610 14200
611 9480
650 2680
651 3640
690 4400
691 3340
730 3660
731 2500
770 25840
771 14200
810 5340
811 2680
850 6400
851 4400
890 3460
891 3660
930 21220
931 25840
970 4820
971 5340
1010 4340
1011 6400
1050 2680
1051 3460
1090 23880
1091 21220
1130 3760
1131 4820
1170 4520
1171 4340
1210 4560
1211 2680
1250 22420
1251 23880
1256 43240
1290 4260
1291 3760
1296 16900
1330 2900
1331 4520
1336 4040
1370 2140
1371 4560
1376 4860
1410 6780
1411 22420
1416 3960
1435 43240
1450 3220
1451 4260
1456 9480
1475 16900
1490 3660
1491 2900
1496 3640
1515 4040
1530 85500
1531 2140
1536 3340
1555 4860
1570 28540
1571 6780
1576 2500
1595 3960
1610 6020
1611 3220
1616 14200
1635 9480
1642 43240
1650 8580
1651 3660
1656 2680
1675 3640
1682 16900
1690 5100
1691 85500
1696 4400
1715 3340
1722 4040
1730 16740
1731 28540
1736 3660
1755 2500
1762 4860
1770 5460
1771 6020
1776 25840
1795 14200
1802 3960
1810 5360
1811 8580
1816 5340
1835 2680
1842 9480
1850 3560
1851 5100
1856 6400
1875 4400
1882 3640
1890 19800
1891 16740
1896 3460
1915 3660
1922 3340
1930 4620
1931 5460
1936 21220
1955 25840
1962 2500
1970 6020
1971 5360
1976 4820
1995 5340
2002 14200
2010 4440
2011 3560
2016 4340
2035 6400
2042 2680
2050 24200
2051 19800
2056 2680
2075 3460
2082 4400
2090 4460
2091 4620
2096 23880
2115 21220
2122 3660
2130 7180
2131 6020
2136 3760
2155 4820
2162 25840
2170 6540
2171 4440
2176 4520
2195 4340
2202 5340
2210 23960
2211 24200
2216 4560
2235 2680
2242 6400
2250 6620
2251 4460
2256 22420
2275 23880
2282 3460
2289 43240
2290 6200
2291 7180
2296 4260
2315 3760
2322 64460
2329 16900
2330 3880
2331 6540
2336 2900
2355 4520
2362 21720
2369 4040
2370 29140
2371 23960
2376 2140
2395 4560
2402 8380
2409 4860
2410 6260
2411 6620
2416 6780
2435 22420
2442 7540
2449 3960
2450 8280
2451 6200
2456 3220
2475 4260
2482 27840
2489 9480
2490 5580
2491 3880
2496 3660
2515 2900
2522 13240
2529 3640
2530 24420
2531 29140
2536 85500
2555 2140
2562 8160
2569 3340
2570 5740
2571 6260
2576 28540
2595 6780
2602 7900
2609 2500
2610 7460
2611 8280
2616 6020
2635 3220
2642 24920
2649 14200
2650 5040
2651 5580
2656 8580
2675 3660
2682 18460
2689 2680
2690 9180
2691 24420
2696 5100
2715 85500
2722 5580
2727 43240
2729 4400
2730 5140
2731 5740
2736 16740
2747 43240
2755 28540
2762 6540
2767 16900
2769 3660
2770 6380
2771 7460
2776 5460
2787 16900
2795 6020
2802 10440
2807 4040
2809 25840
2810 114340
2811 5040
2816 5360
2827 4040
2835 8580
2842 29060
2847 4860
2849 5340
2850 26100
2851 9180
2856 3560
2867 4860
2875 5100
2882 9000
2887 3960
2889 6400
2890 6000
2891 5140
2896 19800
2907 3960
2915 16740
2922 91900
2927 9480
2929 3460
2930 9080
2931 6380
2936 4620
2947 9480
2955 5460
2962 32000
2967 3640
2969 21220
2970 5860
