0 0
501 43240
541 16900
581 4040
621 4860
661 3960
701 9480
741 3640
781 3340
821 2500
861 14200
901 2680
941 4400
981 3660
1021 25840
1061 5340
1101 6400
1141 3460
1147 43240
1159 43240
1181 21220
1187 16900
1199 16900
1221 4820
1226 43240
1227 4040
1239 4040
1261 4340
1266 16900
1267 4860
1279 4860
1301 2680
1306 4040
1307 3960
1319 3960
1341 23880
1346 4860
1347 9480
1359 9480
1381 3760
1386 3960
1387 3640
1399 3640
1413 43240
1421 4520
1426 9480
1427 3340
1439 3340
1453 16900
1461 4560
1466 3640
1467 2500
1479 2500
1493 4040
1501 22420
1506 3340
1507 14200
1519 14200
1533 4860
1541 4260
1546 2500
1547 2680
1559 2680
1573 3960
1581 2900
1586 14200
1587 4400
1599 4400
1613 9480
1621 2140
1626 2680
1627 3660
1639 3660
1653 3640
1661 6780
1666 4400
1667 25840
1679 25840
1693 3340
1701 3220
1706 3660
1707 5340
1719 5340
1733 2500
1741 3660
1746 25840
1747 6400
1759 6400
1773 14200
1781 85500
1786 5340
1787 3460
1799 3460
1813 2680
1821 28540
1826 6400
1827 21220
1839 21220
1853 4400
1861 6020
1866 3460
1867 4820
1879 4820
1893 3660
1901 8580
1906 21220
1907 4340
1919 4340
1933 25840
1941 5100
1946 4820
1947 2680
1959 2680
1973 5340
1981 16740
1986 4340
1987 23880
1999 23880
2013 6400
2021 5460
2025 43240
2026 2680
2027 3760
2039 3760
2053 3460
2061 5360
2065 16900
2066 23880
2067 4520
2079 4520
2093 21220
2101 3560
2105 4040
2106 3760
2107 4560
2119 4560
2133 4820
2141 19800
2145 4860
2146 4520
2147 22420
2159 22420
2173 4340
2181 4620
2185 3960
2186 4560
2187 4260
2199 4260
2213 2680
2221 6020
2225 9480
2226 22420
2227 2900
2239 2900
2253 23880
2261 4440
2265 3640
2266 4260
2267 2140
2279 2140
2289 43240
2293 3760
2301 24200
2305 3340
2306 2900
2307 6780
2319 6780
2329 16900
2333 4520
2340 43240
2341 4460
2345 2500
2346 2140
2347 3220
2359 3220
2369 4040
2373 4560
2375 43240
2380 16900
2381 7180
2385 14200
2386 6780
2387 3660
2399 3660
2409 4860
2413 22420
2415 16900
2420 4040
2421 6540
2425 2680
2426 3220
2427 85500
2439 85500
2449 3960
2453 4260
2455 4040
2460 4860
2461 23960
2465 4400
2466 3660
2467 28540
2479 28540
2489 9480
2493 2900
2495 4860
2500 3960
2501 6620
2505 3660
2506 85500
2507 6020
2519 6020
2529 3640
2533 2140
2535 3960
2540 9480
2541 6200
2542 43240
2545 25840
2546 28540
2547 8580
2559 8580
2569 3340
2573 6780
2575 9480
2580 3640
2581 3880
2582 16900
2585 5340
2586 6020
2587 5100
2599 5100
2609 2500
2613 3220
2615 3640
2620 3340
2621 29140
2622 4040
2625 6400
2626 8580
2627 16740
2639 16740
2649 14200
2653 3660
2655 3340
2660 2500
2661 6260
2662 4860
2665 3460
2666 5100
2667 5460
2679 5460
2689 2680
2693 85500
2695 2500
2700 14200
2701 8280
2702 3960
2705 21220
2706 16740
2707 5360
2719 5360
2729 4400
2733 28540
2735 14200
2740 2680
2741 5580
2742 9480
2745 4820
2746 5460
2747 3560
2759 3560
2769 3660
2773 6020
2775 2680
2780 4400
2781 24420
2782 3640
2785 4340
2786 5360
2787 19800
2799 19800
2809 25840
2813 8580
2815 4400
2820 3660
2821 5740
2822 3340
2825 2680
2826 3560
2827 4620
2839 4620
2849 5340
2853 5100
2855 3660
2860 25840
2861 7460
2862 2500
2865 23880
2866 19800
2867 6020
2879 6020
2889 6400
2893 16740
2895 25840
2900 5340
2901 5040
2902 14200
2905 3760
2906 4620
2907 4440
2919 4440
2929 3460
2933 5460
2935 5340
2940 6400
2941 9180
2942 2680
2945 4520
2946 6020
2947 24200
2959 24200
2969 21220
2973 5360
2975 6400
2980 3460
2981 5140
2982 4400
2985 2280
