0 0
274 43240
314 16900
354 4040
394 4860
434 3960
474 9480
487 43240
497 43240
514 3640
527 16900
537 16900
545 43240
554 3340
567 4040
577 4040
585 16900
594 2500
607 4860
614 43240
617 4860
625 4040
634 14200
647 3960
654 16900
657 3960
665 4860
674 2680
687 9480
694 4040
697 9480
705 3960
714 4400
727 3640
734 4860
737 3640
745 9480
754 3660
767 3340
774 3960
777 3340
785 3640
794 25840
807 2500
814 9480
817 2500
825 3340
834 5340
847 14200
854 3640
857 14200
865 2500
874 6400
887 2680
894 3340
897 2680
905 14200
914 3460
927 4400
934 2500
937 4400
945 2680
954 21220
967 3660
974 14200
977 3660
985 4400
994 4820
1007 25840
1014 2680
1017 25840
1025 3660
1034 4340
1047 5340
1054 4400
1057 5340
1065 25840
1074 2680
1087 6400
1094 3660
1097 6400
1105 5340
1114 23880
1127 3460
1134 25840
1137 3460
1145 6400
1154 3760
1165 43240
1167 21220
1174 5340
1177 21220
1185 3460
1194 4520
1205 16900
1207 4820
1214 6400
1217 4820
1225 21220
1234 4560
1245 4040
1247 4340
1254 3460
1257 4340
1265 4820
1274 22420
1285 4860
1287 2680
1294 21220
1297 2680
1305 4340
1314 4260
1325 3960
1327 23880
1334 4820
1337 23880
1345 2680
1354 2900
1365 9480
1367 3760
1374 4340
1377 3760
1385 23880
1394 2140
1405 3640
1407 4520
1414 2680
1417 4520
1425 3760
1434 6780
1445 3340
1447 4560
1454 23880
1457 4560
1465 4520
1474 3220
1485 2500
1487 22420
1494 3760
1497 22420
1505 4560
1514 3660
1525 14200
1527 4260
1534 4520
1537 4260
1545 22420
1554 85500
1565 2680
1567 2900
1574 4560
1577 2900
1585 4260
1594 28540
1605 4400
1607 2140
1614 22420
1617 2140
1625 2900
1634 6020
1645 3660
1647 6780
1654 4260
1657 6780
1665 2140
1674 8580
1685 25840
1687 3220
1694 2900
1697 3220
1705 6780
1714 5100
1725 5340
1727 3660
1734 2140
1737 3660
1745 3220
1754 16740
1765 6400
1767 85500
1774 6780
1777 85500
1785 3660
1794 5460
1805 3460
1807 28540
1814 3220
1817 28540
1825 85500
1834 5360
1845 21220
1847 6020
1854 3660
1857 6020
1865 28540
1874 3560
1885 4820
1887 8580
1894 85500
1897 8580
1905 6020
1914 19800
1925 4340
1927 5100
1934 28540
1937 5100
1945 8580
1954 4620
1965 2680
1967 16740
1974 6020
1977 16740
1985 5100
1991 43240
1994 6020
1997 43240
2005 23880
2007 5460
2014 8580
2017 5460
2025 16740
2031 16900
2034 4440
2037 16900
2045 3760
2047 5360
2054 5100
2057 5360
2065 5460
2071 4040
2074 24200
2077 4040
2085 4520
2087 3560
2094 16740
2097 3560
2105 5360
2111 4860
2114 4460
2117 4860
2125 4560
2127 19800
2134 5460
2137 19800
2145 3560
2151 3960
2154 7180
2157 3960
2165 22420
2167 4620
2174 5360
2177 4620
2185 19800
2191 9480
2194 6540
2197 9480
2205 4260
2207 6020
2214 3560
2217 6020
2225 4620
2231 3640
2234 23960
2237 3640
2245 2900
2247 4440
2254 19800
2257 4440
2265 6020
2271 3340
2274 6620
2277 3340
2285 2140
2287 24200
2294 4620
2297 24200
2305 4440
2311 2500
2314 6200
2317 2500
2325 6780
2327 4460
2334 6020
2337 4460
2345 24200
2351 14200
2354 3880
2357 14200
2365 3220
2367 7180
2374 4440
2377 7180
2385 4460
2391 2680
2394 29140
2397 2680
2405 3660
2407 6540
2414 24200
2417 6540
2425 7180
2431 4400
2434 6260
2437 4400
2445 85500
2447 23960
2454 4460
2457 23960
2465 6540
2471 3660
2474 8280
2477 3660
2485 28540
2487 6620
2494 7180
2497 6620
2505 23960
2511 25840
2514 5580
2517 25840
2525 6020
2527 6200
2534 6540
2537 6200
2545 6620
2551 5340
2554 24420
2557 5340
2565 8580
2567 3880
2574 23960
2577 3880
2585 6200
2591 6400
2594 5740
2597 6400
2605 5100
2607 29140
2614 6620
2617 29140
2625 3880
2631 3460
2634 7460
2637 3460
2645 16740
2647 6260
2654 6200
2657 6260
2665 29140
2671 21220
2674 5040
2677 21220
2685 5460
2687 8280
2694 3880
2697 8280
2705 6260
2711 4820
2714 9180
2717 4820
2725 5360
2727 5580
2734 29140
2737 5580
2745 8280
2751 4340
2754 5140
2757 4340
2765 3560
2767 24420
2774 6260
2777 24420
2785 5580
2791 2680
2794 6380
2797 2680
2805 19800
2807 5740
2814 8280
2817 5740
2825 24420
2831 23880
2834 114340
2837 23880
2845 4620
2847 7460
2854 5580
2857 7460
2865 5740
2871 3760
2874 26100
2877 3760
2885 6020
2887 5040
2894 24420
2897 5040
2905 7460
2911 4520
2914 6000
2917 4520
2925 4440
2927 9180
2934 5740
2937 9180
2945 5040
2951 4560
2954 9080
2957 4560
2965 24200
2967 5140
2974 7460
2977 5140
2985 9180
2991 22420
2994 1758
