0 0
130 43240
170 16900
210 4040
250 4860
290 3960
330 9480
370 3640
410 3340
450 2500
490 14200
530 2680
570 4400
610 3660
650 25840
690 5340
730 6400
770 3460
810 21220
850 4820
890 4340
898 43240
930 2680
938 16900
970 23880
978 4040
1010 3760
1018 4860
1050 4520
1058 3960
1090 47800
1098 9480
1130 39320
1138 3640
1170 8300
1178 3340
1210 7760
1218 2500
1250 6100
1258 14200
1290 16260
1295 43240
1298 2680
1330 6860
1335 16900
1338 4400
1370 7000
1375 4040
1378 3660
1410 88000
1415 4860
1418 25840
1450 42740
1455 3960
1458 5340
1490 8700
1495 9480
1498 6400
1530 12980
1535 3640
1538 3460
1570 8760
1575 3340
1578 21220
1610 42580
1615 2500
1617 43240
1618 4820
1650 10800
1655 14200
1657 16900
1658 4340
1690 11760
1695 2680
1697 4040
1698 2680
1730 7020
1735 4400
1737 4860
1738 23880
1770 41020
1775 3660
1777 3960
1778 3760
1810 9440
1815 25840
1817 9480
1818 4520
1850 10360
1855 5340
1857 3640
1858 4560
1890 7120
1895 6400
1897 3340
1898 22420
1930 48080
1935 3460
1937 2500
1938 4260
1970 8220
1975 21220
1977 14200
1978 2900
2010 11700
2015 4820
2017 2680
2018 2140
2050 11100
2051 43240
2055 4340
2057 4400
2058 6780
2090 46380
2091 16900
2095 2680
2097 3660
2098 3220
2130 10880
2131 4040
2135 23880
2137 25840
2138 3660
2163 43240
2170 9100
2171 4860
2175 3760
2177 5340
2178 85500
2203 16900
2210 6020
2211 3960
2215 4520
2217 6400
2218 28540
2243 4040
2250 35920
2251 9480
2255 4560
2257 3460
2258 6020
2283 4860
2290 9480
2291 3640
2295 22420
2297 21220
2298 8580
2323 3960
2330 11940
2331 3340
2335 4260
2337 4820
2338 5100
2363 9480
2370 91080
2371 2500
2375 2900
2377 4340
2378 16740
2403 3640
2410 52960
2411 14200
2415 2140
2417 2680
2418 5460
2443 3340
2450 11760
2451 2680
2455 6780
2457 23880
2458 5360
2483 2500
2490 16040
2491 4400
2495 3220
2497 3760
2498 3560
2523 14200
2530 10140
2531 3660
2535 3660
2537 4520
2538 19800
2563 2680
2570 25920
2571 25840
2575 85500
2577 4560
2578 4620
2603 4400
2610 10600
2611 5340
2615 28540
2617 22420
2618 6020
2643 3660
2650 11740
2651 6400
2655 6020
2657 4260
2658 4440
2683 25840
2690 117900
2691 3460
2695 8580
2697 2900
2698 24200
2723 5340
2730 45900
2731 21220
2735 5100
2737 2140
2738 4460
2763 6400
2770 10620
2771 4820
2775 16740
2777 6780
2778 7180
2803 3460
2810 15100
2811 4340
2815 5460
2817 3220
2818 6540
2843 21220
2850 10300
2851 2680
2855 5360
2857 3660
2858 23960
2883 4820
2890 47780
2891 23880
2895 3560
2897 85500
2898 6620
2923 4340
2930 10940
2931 3760
2935 19800
2937 28540
2938 6200
2959 43240
2963 2680
2970 5026
