0 0
440 43240
458 43240
480 16900
498 16900
520 4040
538 4040
560 4860
578 4860
583 43240
600 3960
618 3960
623 16900
640 9480
658 9480
663 4040
680 3640
698 3640
703 4860
720 3340
738 3340
743 3960
749 43240
760 2500
778 2500
783 9480
789 16900
800 14200
818 14200
823 3640
829 4040
840 2680
858 2680
863 3340
869 4860
880 4400
898 4400
903 2500
909 3960
920 3660
934 43240
938 3660
943 14200
949 9480
960 25840
974 16900
978 25840
983 2680
989 3640
1000 5340
1014 4040
1018 5340
1023 4400
1029 3340
1040 6400
1054 4860
1058 6400
1063 3660
1069 2500
1080 3460
1094 3960
1098 3460
1103 25840
1109 14200
1120 21220
1134 9480
1138 21220
1143 5340
1149 2680
1160 4820
1174 3640
1178 4820
1183 6400
1189 4400
1200 4340
1214 3340
1218 4340
1223 3460
1229 3660
1240 2680
1254 2500
1258 2680
1263 21220
1269 25840
1280 23880
1294 14200
1298 23880
1303 4820
1309 5340
1320 3760
1334 2680
1338 3760
1343 4340
1349 6400
1360 4520
1374 4400
1378 4520
1383 2680
1389 3460
1400 4560
1414 3660
1418 4560
1423 23880
1429 21220
1440 22420
1454 25840
1458 22420
1463 3760
1469 4820
1480 4260
1494 5340
1498 4260
1503 4520
1509 4340
1520 2900
1534 6400
1538 2900
1543 4560
1549 2680
1560 2140
1574 3460
1578 2140
1583 22420
1589 23880
1600 6780
1614 21220
1618 6780
1623 4260
1629 3760
1640 3220
1654 4820
1658 3220
1663 2900
1669 4520
1680 3660
1694 4340
1698 3660
1703 2140
1709 4560
1720 85500
1734 2680
1738 85500
1743 6780
1749 22420
1750 43240
1760 28540
1774 23880
1778 28540
1783 3220
1789 4260
1790 16900
1800 6020
1814 3760
1818 6020
1823 3660
1829 2900
1830 4040
1840 8580
1854 4520
1858 8580
1863 85500
1869 2140
1870 4860
1880 5100
1894 4560
1898 5100
1903 28540
1909 6780
1910 3960
1920 16740
1934 22420
1938 16740
1943 6020
1949 3220
1950 9480
1960 5460
1961 43240
1974 4260
1978 5460
1983 8580
1989 3660
1990 3640
2000 5360
2001 16900
2014 2900
2018 5360
2023 5100
2029 85500
2030 3340
2040 3560
2041 4040
2054 2140
2058 3560
2063 16740
2069 28540
2070 2500
2080 19800
2081 4860
2094 6780
2098 19800
2103 48700
2109 6020
2110 14200
2120 4620
2121 3960
2134 3220
2138 4620
2143 22260
2149 8580
2150 2680
2160 6020
2161 9480
2174 3660
2178 6020
2183 7600
2189 5100
2190 4400
2200 4440
2201 3640
2210 43240
2214 85500
2218 4440
2223 24660
2229 16740
2230 3660
2240 24200
2241 3340
2250 16900
2254 28540
2258 24200
2263 8580
2269 5460
2270 25840
2280 4460
2281 2500
2290 4040
2294 6020
2298 4460
2303 15500
2309 5360
2310 5340
2320 7180
2321 14200
2330 4860
2334 8580
2338 7180
2343 8080
2349 3560
2350 6400
2360 6540
2361 2680
2370 3960
2374 5100
2378 6540
2383 27540
2389 19800
2390 3460
2400 23960
2401 4400
2410 9480
2414 16740
2418 23960
2423 6960
2429 4620
2430 21220
2440 6620
2441 3660
2450 3640
2454 5460
2458 6620
2463 21380
2469 6020
2470 4820
2480 6200
2481 25840
2490 3340
2494 5360
2498 6200
2503 9220
2509 4440
2510 4340
2520 3880
2521 5340
2530 2500
2534 3560
2538 3880
2543 28360
2549 24200
2550 2680
2560 29140
2561 6400
2570 14200
2574 19800
2578 29140
2583 10280
2589 4460
2590 23880
2600 6260
2601 3460
2610 2680
2614 4620
2618 6260
2623 32040
2629 7180
2630 3760
2640 8280
2641 21220
2650 4400
2654 6020
2658 8280
2663 9220
2669 6540
2670 4520
2680 5580
2681 4820
2690 3660
2694 4440
2698 5580
2703 35540
2709 23960
2710 4560
2720 24420
2721 4340
2730 25840
2734 24200
2738 24420
2743 9720
2745 43240
2749 6620
2750 22420
2760 5740
2761 2680
2770 5340
2774 4460
2778 5740
2783 29500
2785 16900
2789 6200
2790 4260
2800 7460
2801 23880
2810 6400
2814 7180
2818 7460
2823 10400
2825 4040
2829 3880
2830 2900
2840 5040
2841 3760
2850 3460
2854 6540
2858 5040
2863 28760
2865 4860
2869 29140
2870 2140
2871 43240
2880 9180
2881 4520
2890 21220
2894 23960
2898 9180
2903 8420
2905 3960
2909 6260
2910 6780
2911 16900
2920 5140
2921 4560
2930 4820
2934 6620
2938 5140
2943 31340
2945 9480
2949 8280
2950 3220
2951 4040
2960 6380
2961 22420
2970 4340
2974 6200
2978 6380
2983 8800
2985 3640
2989 5580
