0 0
118 43240
158 16900
198 4040
238 4860
278 3960
318 9480
358 3640
398 3340
438 2500
478 14200
518 2680
558 4400
577 43240
598 3660
617 16900
638 25840
657 4040
678 5340
697 4860
718 6400
737 3960
758 3460
777 9480
798 21220
817 3640
838 4820
857 3340
878 4340
897 2500
918 2680
937 14200
958 23880
977 2680
998 3760
1017 4400
1038 4520
1057 3660
1078 4560
1093 43240
1097 25840
1118 22420
1133 16900
1137 5340
1158 4260
1173 4040
1177 6400
1198 2900
1213 4860
1217 3460
1238 2140
1253 3960
1257 21220
1278 6780
1293 9480
1297 4820
1318 3220
1333 3640
1337 4340
1358 3660
1373 3340
1377 2680
1398 85500
1413 2500
1417 23880
1438 28540
1453 14200
1457 3760
1478 6020
1493 2680
1497 4520
1518 8580
1533 4400
1537 4560
1558 5100
1573 3660
1577 22420
1598 16740
1613 25840
1617 4260
1638 48700
1653 5340
1657 2900
1672 43240
1678 22260
1693 6400
1697 2140
1712 16900
1718 7600
1733 3460
1737 6780
1752 4040
1758 24660
1773 21220
1777 3220
1792 4860
1798 8580
1813 4820
1817 3660
1832 3960
1838 15500
1853 4340
1857 128740
1872 9480
1878 8080
1893 2680
1897 45440
1912 3640
1918 27540
1933 23880
1937 10060
1952 3340
1958 6960
1973 3760
1977 13440
1987 43240
1992 2500
1998 21380
2005 43240
2013 4520
2017 52300
2027 16900
2032 14200
2038 9220
2045 16900
2053 4560
2057 43120
2067 4040
2072 2680
2078 28360
2085 4040
2093 22420
2097 13140
2107 4860
2112 4400
2118 10280
2125 4860
2133 4260
2137 13560
2147 3960
2148 43240
2152 3660
2158 32040
2165 3960
2173 2900
2177 10020
2187 9480
2188 16900
2192 25840
2198 9220
2205 9480
2213 2140
2217 43480
2227 3640
2228 4040
2230 43240
2232 5340
2238 35540
2245 3640
2253 6780
2257 10940
2267 3340
2268 4860
2270 16900
2272 6400
2278 9720
2285 3340
2293 3220
2297 13760
2307 2500
2308 3960
2310 4040
2312 3460
2318 29500
2325 2500
2333 3660
2337 10600
2347 14200
2348 9480
2350 4860
2352 21220
2358 10400
2365 14200
2373 85500
2377 64240
2387 2680
2388 3640
2390 3960
2392 4820
2398 28760
2405 2680
2413 28540
2417 12480
2427 4400
2428 3340
2430 9480
2432 4340
2438 8420
2445 4400
2453 6020
2457 17980
2467 3660
2468 2500
2470 3640
2472 2680
2478 31340
2485 3660
2493 8580
2497 13660
2507 25840
2508 14200
2510 3340
2512 23880
2518 8800
2525 25840
2533 5100
2537 71020
2547 5340
2548 2680
2550 2500
2552 3760
2558 13700
2565 5340
2573 16740
2577 16780
2587 6400
2588 4400
2590 14200
2592 4520
2598 9700
2605 6400
2613 5460
2617 16940
2627 3460
2628 3660
2630 2680
2632 4560
2638 28800
2645 3460
2653 5360
2657 53260
2667 21220
2668 25840
2670 4400
2672 22420
2678 118600
2685 21220
2693 3560
2697 91140
2707 4820
2708 5340
2710 3660
2712 4260
2718 29000
2725 4820
2733 19800
2737 18880
2747 4340
2748 6400
2750 25840
2752 2900
2758 8140
2765 4340
2773 4620
2777 22000
2787 2680
2788 3460
2790 5340
2792 2140
2798 15860
2805 2680
2813 6020
2817 16780
2827 23880
2828 21220
2830 6400
2832 6780
2838 9080
2845 23880
2853 4440
2857 80200
2867 3760
2868 4820
2870 3460
2872 3220
2878 27240
2885 3760
2893 24200
2897 17400
2907 4520
2908 4340
2910 21220
2912 3660
2918 91980
2925 4520
2933 4460
2937 18220
2947 4560
2948 2680
2950 4820
2952 85500
2958 37940
2965 4560
2973 7180
2977 14240
2987 22420
2988 23880
