0 0
147 43240
187 16900
227 4040
267 4860
307 3960
347 9480
387 3640
427 3340
450 43240
467 2500
490 16900
507 14200
530 4040
547 2680
570 4860
587 4400
610 3960
611 43240
627 3660
650 9480
651 16900
667 25840
690 3640
691 4040
707 5340
730 3340
731 4860
747 6400
770 2500
771 3960
787 3460
810 14200
811 9480
827 21220
850 2680
851 3640
867 4820
890 4400
891 3340
907 4340
930 3660
931 2500
947 2680
970 25840
971 14200
987 23880
1010 5340
1011 2680
1027 3760
1037 43240
1050 6400
1051 4400
1067 4520
1077 16900
1084 43240
1090 3460
1091 3660
1107 4560
1117 4040
1124 16900
1130 21220
1131 25840
1139 43240
1147 22420
1157 4860
1164 4040
1170 4820
1171 5340
1179 16900
1187 4260
1197 3960
1204 4860
1210 4340
1211 6400
1219 4040
1227 2900
1237 9480
1244 3960
1250 2680
1251 3460
1259 4860
1267 2140
1277 3640
1284 9480
1290 23880
1291 21220
1299 3960
1307 6780
1317 3340
1324 3640
1330 3760
1331 4820
1339 9480
1347 3220
1357 2500
1364 3340
1370 4520
1371 4340
1379 3640
1387 3660
1397 14200
1404 2500
1410 4560
1411 2680
1419 3340
1426 43240
1427 85500
1437 2680
1444 14200
1449 43240
1450 22420
1451 23880
1459 2500
1466 16900
1467 28540
1477 4400
1484 2680
1489 16900
1490 4260
1491 3760
1492 43240
1499 14200
1506 4040
1507 6020
1517 3660
1524 4400
1529 4040
1530 2900
1531 4520
1532 16900
1539 2680
1546 4860
1547 8580
1557 25840
1564 3660
1569 4860
1570 2140
1571 4560
1572 4040
1579 4400
1586 3960
1587 5100
1597 5340
1604 25840
1609 3960
1610 6780
1611 22420
1612 4860
1619 3660
1626 9480
1627 16740
1637 6400
1644 5340
1649 9480
1650 3220
1651 4260
1652 3960
1659 25840
1666 3640
1667 5460
1677 3460
1684 6400
1689 3640
1690 3660
1691 2900
1692 9480
1699 5340
1706 3340
1707 5360
1717 21220
1724 3460
1729 3340
1730 85500
1731 2140
1732 3640
1739 6400
1746 2500
1747 3560
1757 4820
1764 21220
1769 2500
1770 28540
1771 6780
1772 3340
1779 3460
1786 14200
1787 19800
1797 4340
1804 4820
1805 43240
1809 14200
1810 6020
1811 3220
1812 2500
1819 21220
1826 2680
1827 4620
1837 2680
1844 4340
1845 16900
1849 2680
1850 8580
1851 3660
1852 14200
1859 4820
1866 4400
1867 6020
1877 23880
1884 2680
1885 4040
1889 4400
1890 5100
1891 85500
1892 2680
1899 4340
1906 3660
1907 4440
1917 3760
1924 23880
1925 4860
1929 3660
1930 16740
1931 28540
1932 4400
1939 2680
1946 25840
1947 24200
1957 4520
1964 3760
1965 3960
1969 25840
1970 5460
1971 6020
1972 3660
1979 23880
1986 5340
1987 4460
1997 4560
2004 4520
2005 9480
2009 5340
2010 5360
2011 8580
2012 25840
2019 3760
2026 6400
2027 7180
2037 22420
2044 4560
2045 3640
2049 6400
2050 3560
2051 5100
2052 5340
2059 4520
2066 3460
2067 6540
2077 4260
2084 22420
2085 3340
2089 3460
2090 19800
2091 16740
2092 6400
2099 4560
2106 21220
2107 23960
2117 2900
2124 4260
2125 2500
2129 21220
2130 4620
2131 5460
2132 3460
2139 22420
2146 4820
2147 6620
2157 2140
2164 2900
2165 14200
2169 4820
2170 6020
2171 5360
2172 21220
2179 4260
2186 4340
2187 6200
2197 6780
2204 2140
2205 2680
2209 4340
2210 4440
2211 3560
2212 4820
2219 2900
2226 2680
2227 3880
2237 3220
2244 6780
2245 4400
2249 2680
2250 24200
2251 19800
2252 4340
2259 2140
2266 23880
2267 29140
2277 3660
2284 3220
2285 3660
2289 23880
2290 4460
2291 4620
2292 2680
2299 6780
2302 43240
2306 3760
2307 6260
2317 85500
2324 3660
2325 25840
2329 3760
2330 7180
2331 6020
2332 23880
2339 3220
2342 16900
2346 4520
2347 8280
2357 28540
2364 85500
2365 5340
2369 4520
2370 6540
2371 4440
2372 3760
2379 3660
2382 4040
2386 4560
2387 5580
2397 6020
2404 28540
2405 6400
2409 4560
2410 23960
2411 24200
2412 4520
2419 85500
2422 4860
2426 22420
2427 24420
2437 8580
2444 6020
2445 3460
2449 22420
2450 49860
2451 4460
2452 4560
2459 28540
2462 3960
2466 4260
2467 5740
2477 5100
2484 8580
2485 21220
2489 4260
2490 23100
2491 7180
2492 22420
2499 6020
2502 9480
2506 2900
2507 7460
2517 16740
2524 5100
2525 4820
2529 2900
2530 7920
2531 6540
2532 4260
2539 8580
2542 3640
2546 2140
2547 5040
2557 5460
2564 16740
2565 4340
2569 2140
2570 34000
2571 23960
2572 2900
2579 5100
2582 3340
2586 6780
2587 9180
2597 5360
2604 5460
2605 2680
2609 6780
2610 10220
2611 6620
2612 2140
2619 16740
2622 2500
2626 3220
2627 5140
2637 3560
2644 5360
2645 23880
2649 3220
2650 17760
2651 6200
2652 6780
2659 5460
2662 14200
2666 3660
2667 6380
2677 19800
2684 3560
2685 3760
2689 3660
2690 9220
2691 3880
2692 3220
2699 5360
2702 2680
2706 85500
2707 114340
2717 4620
2724 19800
2725 4520
2729 85500
2730 27760
2731 29140
2732 3660
2739 3560
2742 4400
2746 28540
2747 26100
2757 6020
2764 4620
2765 4560
2769 28540
2770 8240
2771 6260
2772 85500
2779 19800
2782 3660
2786 6020
2787 6000
2797 4440
2804 6020
2805 22420
2809 6020
2810 21660
2811 8280
2812 28540
2819 4620
2822 25840
2826 8580
2827 9080
2837 24200
2844 4440
2845 4260
2849 8580
2850 7720
2851 5580
2852 6020
2859 6020
2862 5340
2866 5100
2867 5860
2877 4460
2884 24200
2885 2900
2889 5100
2890 13580
2891 24420
2892 8580
2899 4440
2902 6400
2906 16740
2907 23580
2917 7180
2924 4460
2925 2140
2929 16740
2930 8800
2931 5740
2932 5100
2939 24200
2942 3460
2946 5460
2947 6480
2957 6540
2964 7180
2965 6780
2969 5460
2970 32220
2971 7460
2972 16740
2979 4460
2982 21220
