0 0
224 43240
264 16900
304 4040
344 4860
384 3960
424 9480
453 43240
464 3640
493 16900
504 3340
533 4040
544 2500
573 4860
584 14200
613 3960
624 2680
653 9480
664 4400
693 3640
704 3660
733 3340
744 25840
773 2500
784 5340
813 14200
824 6400
853 2680
864 3460
893 4400
904 21220
928 43240
933 3660
944 4820
968 16900
973 25840
984 4340
1008 4040
1013 5340
1024 2680
1048 4860
1053 6400
1054 43240
1064 23880
1088 3960
1093 3460
1094 16900
1104 3760
1128 9480
1133 21220
1134 4040
1144 4520
1168 3640
1173 4820
1174 4860
1184 4560
1208 3340
1213 4340
1214 3960
1224 22420
1226 43240
1248 2500
1253 2680
1254 9480
1264 4260
1266 16900
1288 14200
1293 23880
1294 3640
1304 2900
1306 4040
1328 2680
1333 3760
1334 3340
1344 2140
1346 4860
1368 4400
1373 4520
1374 2500
1384 6780
1386 3960
1408 3660
1413 4560
1414 14200
1417 43240
1424 3220
1426 9480
1448 25840
1453 22420
1454 2680
1457 16900
1464 3660
1466 3640
1488 5340
1493 4260
1494 4400
1497 4040
1504 85500
1506 3340
1528 6400
1533 2900
1534 3660
1537 4860
1544 28540
1546 2500
1568 3460
1573 2140
1574 25840
1577 3960
1579 43240
1584 6020
1586 14200
1608 21220
1613 6780
1614 5340
1617 9480
1619 16900
1624 8580
1626 2680
1648 4820
1653 3220
1654 6400
1657 3640
1659 4040
1664 5100
1666 4400
1672 43240
1679 43240
1688 4340
1693 46900
1694 3460
1697 3340
1699 4860
1704 16740
1706 3660
1712 16900
1719 16900
1728 2680
1733 102400
1734 21220
1737 2500
1739 3960
1744 5460
1746 25840
1752 4040
1759 4040
1768 23880
1773 32580
1774 4820
1777 14200
1779 9480
1784 5360
1786 48580
1792 4860
1799 4860
1808 3760
1813 10880
1814 4340
1817 2680
1819 3640
1824 3560
1826 23300
1832 3960
1839 3960
1848 4520
1853 12540
1854 2680
1857 4400
1859 3340
1864 19800
1866 7500
1872 9480
1879 9480
1888 4560
1893 14580
1894 23880
1897 3660
1899 2500
1904 4620
1906 26080
1912 3640
1919 3640
1928 22420
1933 20380
1934 3760
1937 25840
1939 14200
1944 6020
1946 8780
1952 3340
1959 3340
1968 4260
1973 8800
1974 4520
1977 5340
1979 2680
1984 47680
1986 13820
1992 2500
1999 2500
2008 2900
2013 7860
2014 4560
2017 6400
2019 4400
2024 41100
2026 6320
2032 14200
2039 14200
2048 2140
2053 17760
2054 22420
2057 3460
2059 3660
2064 8500
2066 27220
2072 2680
2079 2680
2088 6780
2093 22480
2094 4260
2097 21220
2099 25840
2104 12040
2106 6260
2109 43240
2112 4400
2119 4400
2128 3220
2133 9020
2134 2900
2137 4820
2139 5340
2144 10500
2146 18720
2149 16900
2152 3660
2159 3660
2168 3660
2173 9680
2174 2140
2177 4340
2179 6400
2184 33440
2186 7240
2189 4040
2192 25840
2199 25840
2208 85500
2213 30280
2214 6780
2217 2680
2219 3460
2224 10260
2226 26820
2229 4860
2232 5340
2239 5340
2248 28540
2253 29540
2254 3220
2257 23880
2259 21220
2264 9540
2266 7920
2269 3960
2272 6400
2279 6400
2288 6020
2293 10860
2294 3660
2297 3760
2299 4820
2304 6380
2306 28740
2309 9480
2312 3460
2319 3460
2328 8580
2333 10640
2334 85500
2337 4520
2339 4340
2344 43340
2346 7480
2349 3640
2352 21220
2359 21220
2368 5100
2373 27760
2374 28540
2377 4560
2379 2680
2384 8940
2386 13180
2389 3340
2392 4820
2399 4820
2408 16740
2413 28780
2414 6020
2417 22420
2419 23880
2424 12680
2426 6680
2429 2500
2432 4340
2439 4340
2448 5460
2453 10960
2454 8580
2457 4260
2459 3760
2464 9240
2466 24880
2469 14200
2472 2680
2479 2680
2488 5360
2493 8880
2494 5100
2497 2900
2499 4520
2504 50260
2506 90320
2509 2680
2512 23880
2518 43240
2519 23880
2528 3560
2530 43240
2533 27760
2534 16740
2537 2140
2539 4560
2544 11080
2546 32880
2549 4400
2552 3760
2558 16900
2559 3760
2568 19800
2570 16900
2573 32900
2574 5460
2577 6780
2579 22420
2584 13860
2586 8700
2589 3660
2592 4520
2598 4040
2599 4520
2608 4620
2610 4040
2613 10780
2614 5360
2617 3220
2619 4260
2624 8500
2626 32460
2629 25840
2632 4560
2638 4860
2639 4560
2648 6020
2650 4860
2653 12840
2654 3560
2657 3660
2659 2900
2664 30400
2666 8860
2669 5340
2672 22420
2678 3960
2679 22420
2688 4440
2690 3960
2693 28000
2694 19800
2697 85500
2699 2140
2704 9960
2706 21260
2709 6400
2712 4260
2718 9480
2719 4260
2728 24200
2730 9480
2733 28680
2734 4620
2737 28540
2739 6780
2744 10720
2746 10020
2749 3460
2752 2900
2758 3640
2759 2900
2763 43240
2768 4460
2770 3640
2773 8640
2774 6020
2777 6020
2779 3220
2784 117020
2786 27780
2789 21220
2792 2140
2798 3340
2799 2140
2803 16900
2808 7180
2810 3340
2813 9600
2814 4440
2817 8580
2819 3660
2824 49980
2826 7820
2829 4820
2832 6780
2838 2500
2839 6780
2840 43240
2843 4040
2848 6540
2850 2500
2853 11820
2854 24200
2857 5100
2859 85500
2864 9760
2866 22700
2869 4340
2872 3220
2878 14200
2879 3220
2880 16900
2883 4860
2888 23960
2890 14200
2893 12400
2894 4460
2897 16740
2899 28540
2904 13600
2906 6760
2909 2680
2912 3660
2918 2680
2919 3660
2920 4040
2923 3960
2928 6620
2930 2680
2933 8800
2934 7180
2937 5460
2939 6020
2944 10420
2946 12800
2949 23880
2952 85500
2958 4400
2959 85500
2960 4860
2963 9480
2968 6200
2970 4400
2973 91880
2974 6540
2977 5360
2979 8580
2984 46000
2986 7660
2989 3760
2992 28540
2998 3660
2999 15697
