0 0
555 43240
595 16900
635 4040
675 4860
715 3960
755 9480
795 3640
804 43240
835 3340
844 16900
875 2500
884 4040
915 14200
924 4860
955 2680
964 3960
995 4400
1004 9480
1035 3660
1044 3640
1075 25840
1084 3340
1115 5340
1124 2500
1155 6400
1164 14200
1178 43240
1195 3460
1204 2680
1218 16900
1235 21220
1244 4400
1258 4040
1275 4820
1284 3660
1298 4860
1315 4340
1324 25840
1338 3960
1355 2680
1364 5340
1378 9480
1395 23880
1404 6400
1418 3640
1435 3760
1444 3460
1458 3340
1475 4520
1484 21220
1498 2500
1515 4560
1524 4820
1538 14200
1540 43240
1555 22420
1564 4340
1578 2680
1580 16900
1595 4260
1604 2680
1618 4400
1620 4040
1635 2900
1644 23880
1658 3660
1660 4860
1675 2140
1684 3760
1698 25840
1700 3960
1715 6780
1724 4520
1738 5340
1740 9480
1755 3220
1764 4560
1778 6400
1780 3640
1795 3660
1804 22420
1818 3460
1820 3340
1835 85500
1844 4260
1858 21220
1860 2500
1875 28540
1884 2900
1898 4820
1900 14200
1915 6020
1924 2140
1938 4340
1940 2680
1955 8580
1964 6780
1978 2680
1980 4400
1995 5100
2004 3220
2018 23880
2020 3660
2035 16740
2044 3660
2058 3760
2060 25840
2075 5460
2084 85500
2098 4520
2100 5340
2115 5360
2124 28540
2138 4560
2140 6400
2149 43240
2155 3560
2164 6020
2178 22420
2180 3460
2189 16900
2195 19800
2204 8580
2218 4260
2220 21220
2229 4040
2235 4620
2244 5100
2258 2900
2260 4820
2269 4860
2275 6020
2284 16740
2298 2140
2300 4340
2309 3960
2315 4440
2324 5460
2338 6780
2340 2680
2349 9480
2355 24200
2364 5360
2378 3220
2380 23880
2389 3640
2395 4460
2397 43240
2404 3560
2418 3660
2420 3760
2429 3340
2435 7180
2437 16900
2444 19800
2458 85500
2460 4520
2469 2500
2475 6540
2477 4040
2484 4620
2485 43240
2498 28540
2500 4560
2509 14200
2515 23960
2517 4860
2524 6020
2525 16900
2538 6020
2540 22420
2549 2680
2555 6620
2557 3960
2564 4440
2565 4040
2578 8580
2580 4260
2589 4400
2595 6200
2597 9480
2604 24200
2605 4860
2618 5100
2620 2900
2629 3660
2635 3880
2637 3640
2644 4460
2645 3960
2658 16740
2660 2140
2669 25840
2675 29140
2677 3340
2684 7180
2685 9480
2698 5460
2700 6780
2709 5340
2715 6260
2717 2500
2724 6540
2725 3640
2727 43240
2738 5360
2740 3220
2749 6400
2755 8280
2757 14200
2764 23960
2765 3340
2767 16900
2774 43240
2778 3560
2780 3660
2789 3460
2795 5580
2797 2680
2804 6620
2805 2500
2807 4040
2808 43240
2814 16900
2818 19800
2820 85500
2829 21220
2835 24420
2837 4400
2844 6200
2845 14200
2847 4860
2848 16900
2854 4040
2858 4620
2860 28540
2869 4820
2875 5740
2877 3660
2884 3880
2885 2680
2887 3960
2888 4040
2894 4860
2898 6020
2900 6020
2909 4340
2915 7460
2917 25840
2924 29140
2925 4400
2927 9480
2928 4860
2934 3960
2938 4440
2940 8580
2949 2680
2955 5040
2957 5340
2964 6260
2965 3660
2967 3640
2968 3960
2974 9480
2978 24200
2980 5100
2989 23880
