0 0
471 43240
511 16900
551 4040
591 4860
631 3960
640 43240
671 9480
680 16900
711 3640
720 4040
751 3340
760 4860
791 2500
800 3960
831 14200
840 9480
871 2680
880 3640
901 43240
911 4400
920 3340
941 16900
951 3660
960 45740
981 4040
991 25840
1000 31100
1021 4860
1031 5340
1040 6720
1061 3960
1071 6400
1080 9260
1101 9480
1111 3460
1120 7620
1141 3640
1151 21220
1160 35320
1181 3340
1191 4820
1200 8980
1205 43240
1221 2500
1231 4340
1240 9740
1245 16900
1261 14200
1271 2680
1280 5960
1285 4040
1301 2680
1311 23880
1320 35420
1325 4860
1341 4400
1351 3760
1360 7500
1365 3960
1381 3660
1391 4520
1400 8740
1405 9480
1421 25840
1431 4560
1440 6340
1445 3640
1461 5340
1471 22420
1480 49720
1485 3340
1501 6400
1511 4260
1520 9100
1525 2500
1541 3460
1551 2900
1560 10920
1565 14200
1581 21220
1591 2140
1600 8020
1605 2680
1621 4820
1631 6780
1640 43640
1645 4400
1661 4340
1671 3220
1680 9080
1685 3660
1701 2680
1711 3660
1720 7240
1725 25840
1741 23880
1751 85500
1760 4820
1765 5340
1781 3760
1791 28540
1800 30660
1805 6400
1811 43240
1818 43240
1821 4520
1831 6020
1840 6980
1845 3460
1851 16900
1858 16900
1861 4560
1871 8580
1880 8180
1882 43240
1885 21220
1891 4040
1898 4040
1901 22420
1911 5100
1920 90060
1922 16900
1925 4820
1931 4860
1938 4860
1941 4260
1951 16740
1960 50960
1962 4040
1965 4340
1971 3960
1978 3960
1981 46140
1991 5460
2000 10280
2002 4860
2005 2680
2011 9480
2018 9480
2021 19040
2031 5360
2040 11480
2042 3960
2045 23880
2051 3640
2058 3640
2061 10820
2071 3560
2080 7240
2082 9480
2085 3760
2091 3340
2098 3340
2101 8080
2111 19800
2120 23520
2122 3640
2125 4520
2131 2500
2138 2500
2141 7620
2151 4620
2160 8680
2162 3340
2165 4560
2171 14200
2178 14200
2181 94980
2191 6020
2200 9020
2202 2500
2205 22420
2211 2680
2218 2680
2221 32180
2231 4440
2240 89060
2242 14200
2245 4260
2251 4400
2258 4400
2261 9360
2271 24200
2280 48340
2282 2680
2285 2900
2291 3660
2298 3660
2301 11080
2311 4460
2320 10640
2322 4400
2325 2140
2331 25840
2338 25840
2341 19300
2351 7180
2360 14600
2362 3660
2365 6780
2371 5340
2378 5340
2381 19420
2391 6540
2400 9540
2402 25840
2405 3220
2411 6400
2418 6400
2421 9860
2431 23960
2440 40940
2442 5340
2445 3660
2451 3460
2458 3460
2461 9020
2471 6620
2480 9920
2482 6400
2485 85500
2491 21220
2498 21220
2501 29400
2511 6200
2520 12540
2522 3460
2525 28540
2531 4820
2538 4820
2541 25140
2551 3880
2556 43240
2560 10100
2562 21220
2565 6020
2571 4340
2578 4340
2581 11020
2591 29140
2596 16900
2600 43760
2602 4820
2605 8580
2611 2680
2618 2680
2621 9480
2631 6260
2636 4040
2640 11240
2642 4340
2645 5100
2651 23880
2658 23880
2661 25660
2671 8280
2676 4860
2680 12220
2682 2680
2685 16740
2691 3760
2698 3760
2701 29020
2711 5580
2716 3960
2720 8320
2722 23880
2725 5460
2731 4520
2738 4520
2741 8800
2751 24420
2756 9480
2760 53340
2762 3760
2765 5360
2771 4560
2778 4560
2780 43240
2781 9860
2791 5740
2796 3640
2800 10720
2802 4520
2805 3560
2811 22420
2818 22420
2820 16900
2821 30420
2831 7460
2836 3340
2840 15460
2842 4560
2845 19800
2851 4260
2858 4260
2860 4040
2861 27720
2871 5040
2876 2500
2880 12120
2882 22420
2885 4620
2891 2900
2898 2900
2900 4860
2901 11140
2911 9180
2916 14200
2920 48380
2922 4260
2925 6020
2931 2140
2938 2140
2940 3960
2941 10760
2951 5140
2956 2680
2960 12360
2962 2900
2965 4440
2971 6780
2978 6780
2980 9480
2981 2522
