0 0
267 43240
307 16900
347 4040
362 43240
387 4860
402 16900
427 3960
442 4040
467 9480
482 4860
507 3640
522 3960
547 3340
562 9480
587 2500
602 3640
627 14200
642 3340
667 2680
682 2500
707 4400
722 14200
747 3660
762 2680
787 25840
802 47640
827 5340
842 20560
867 6400
882 29880
885 43240
907 3460
922 10200
925 16900
947 21220
962 10360
965 4040
987 4820
1002 12940
1005 4860
1027 4340
1042 24860
1045 3960
1067 2680
1082 8160
1085 9480
1107 23880
1122 6840
1125 3640
1147 3760
1162 16880
1165 3340
1187 4520
1202 26560
1205 2500
1227 4560
1242 8160
1245 14200
1267 22420
1282 8180
1285 45920
1307 4260
1322 30400
1325 21300
1347 2900
1362 27760
1365 7700
1387 2140
1402 10660
1405 30700
1427 6780
1442 6360
1445 9300
1467 3220
1482 23360
1485 15880
1507 3660
1522 11600
1525 7100
1547 85500
1562 7560
1565 24560
1587 28540
1602 6340
1605 7320
1627 6020
1637 43240
1642 109380
1645 18540
1667 8580
1677 16900
1682 32300
1685 5360
1707 5100
1717 4040
1722 10540
1725 28280
1747 16740
1757 4860
1762 13140
1765 7420
1787 5460
1797 3960
1802 27520
1805 30360
1827 5360
1837 9480
1842 21000
1845 9900
1867 3560
1877 3640
1882 8360
1885 28820
1907 19800
1917 3340
1922 7500
1925 7720
1947 4620
1957 2500
1962 10340
1965 24120
1987 6020
1997 14200
2002 23020
2005 6960
2027 4440
2037 2680
2042 8280
2045 11120
2067 24200
2077 4400
2082 91520
2085 5900
2107 4460
2117 3660
2122 32980
2125 27540
2147 7180
2157 25840
2162 30220
2165 89260
2187 6540
2197 5340
2202 13040
2205 33060
2227 23960
2237 6400
2242 12280
2245 10580
2267 6620
2277 3460
2282 23280
2285 31000
2307 6200
2308 43240
2317 21220
2322 29420
2325 9360
2347 3880
2348 16900
2357 4820
2362 11980
2365 19640
2387 29140
2388 4040
2397 4340
2402 9760
2405 7600
2427 6260
2428 4860
2437 2680
2442 23680
2445 12140
2467 8280
2468 3960
2477 23880
2482 33760
2485 6780
2507 5580
2508 9480
2517 3760
2522 12280
2525 23460
2547 24420
2548 3640
2557 4520
2562 12720
2565 90120
2587 5740
2588 3340
2597 4560
2602 29780
2605 34560
2627 7460
2628 2500
2637 22420
2642 28880
2645 10460
2667 5040
2668 14200
2677 4260
2682 12920
2685 32780
2707 9180
2708 2680
2717 2900
2722 14000
2725 9560
2747 5140
2748 4400
2757 2140
2762 29000
2765 23920
2787 6380
2788 3660
2797 6780
2802 15800
2805 12000
2809 43240
2827 114340
2828 25840
2837 3220
2842 11340
2845 29320
2849 16900
2867 26100
2868 5340
2877 3660
2882 10260
2885 10180
2889 4040
2907 6000
2908 6400
2917 85500
2922 143480
2925 26000
2929 4860
2947 9080
2948 3460
2957 28540
2962 32360
2965 8500
2969 3960
2987 2930
