0 0
257 43240
297 16900
337 4040
377 4860
395 43240
417 3960
435 16900
457 9480
475 4040
497 3640
515 4860
537 3340
544 43240
555 3960
564 43240
577 2500
584 16900
595 9480
604 16900
617 14200
624 4040
635 3640
644 4040
647 43240
657 2680
664 4860
675 3340
684 4860
687 16900
697 4400
704 3960
715 2500
724 3960
727 4040
737 3660
744 9480
755 14200
764 9480
767 4860
777 25840
784 3640
795 2680
804 3640
807 3960
817 5340
824 3340
835 4400
844 3340
847 9480
857 6400
864 2500
875 3660
884 2500
887 3640
897 3460
904 14200
915 25840
924 14200
927 3340
937 21220
944 2680
955 5340
964 2680
967 2500
977 4820
984 4400
995 6400
1004 4400
1007 14200
1017 4340
1024 3660
1035 3460
1044 3660
1047 2680
1057 2680
1064 25840
1075 21220
1084 25840
1087 4400
1097 23880
1104 5340
1115 4820
1124 5340
1127 3660
1137 3760
1141 43240
1144 6400
1155 4340
1164 6400
1167 25840
1177 4520
1181 16900
1184 3460
1195 2680
1204 3460
1207 5340
1217 4560
1221 4040
1224 21220
1235 23880
1244 21220
1247 6400
1257 22420
1261 4860
1264 4820
1275 3760
1284 4820
1287 3460
1297 4260
1301 3960
1304 4340
1315 4520
1324 4340
1327 21220
1337 2900
1341 9480
1344 2680
1355 4560
1364 2680
1367 4820
1377 2140
1381 3640
1384 23880
1395 22420
1404 23880
1407 4340
1417 6780
1421 3340
1424 3760
1435 4260
1444 3760
1447 2680
1457 3220
1461 2500
1464 4520
1475 2900
1484 4520
1487 23880
1497 3660
1501 14200
1504 4560
1515 2140
1524 4560
1527 3760
1537 85500
1541 2680
1544 22420
1555 6780
1564 22420
1567 4520
1577 28540
1581 4400
1584 4260
1595 3220
1604 4260
1607 4560
1617 6020
1621 3660
1624 2900
1635 3660
1644 2900
1647 22420
1657 8580
1661 25840
1664 2140
1675 85500
1684 2140
1687 4260
1697 5100
1701 5340
1704 6780
1715 28540
1724 6780
1727 2900
1737 16740
1741 6400
1744 3220
1755 6020
1764 3220
1767 2140
1777 5460
1781 3460
1784 3660
1795 8580
1804 3660
1807 6780
1817 5360
1821 21220
1824 85500
1835 5100
1844 85500
1847 3220
1857 3560
1861 4820
1864 28540
1875 16740
1884 28540
1887 3660
1897 19800
1901 4340
1904 6020
1915 5460
1924 6020
1927 85500
1937 4620
1941 2680
1944 8580
1955 5360
1964 8580
1967 28540
1977 6020
1981 23880
1984 5100
1995 3560
2004 5100
2007 6020
2017 4440
2021 3760
2024 16740
2035 19800
2044 16740
2047 8580
2057 24200
2061 4520
2064 5460
2075 4620
2084 5460
2087 5100
2097 4460
2101 4560
2104 5360
2115 6020
2124 5360
2127 16740
2137 7180
2141 22420
2144 3560
2155 4440
2164 3560
2167 5460
2177 6540
2181 4260
2184 19800
2195 24200
2204 19800
2207 5360
2217 23960
2221 2900
2224 4620
2235 4460
2244 4620
2247 3560
2257 6620
2261 2140
2264 6020
2275 7180
2284 6020
2287 19800
2297 6200
2301 6780
2304 4440
2315 6540
2324 4440
2327 4620
2337 3880
2341 3220
2344 24200
2355 23960
2364 24200
2367 6020
2377 29140
2381 3660
2384 4460
2395 6620
2404 4460
2407 4440
2417 6260
2421 85500
2424 7180
2435 6200
2444 7180
2447 24200
2457 8280
2461 28540
2464 6540
2475 3880
2484 6540
2487 4460
2497 5580
2501 6020
2504 23960
2515 29140
2524 23960
2527 7180
2537 24420
2541 8580
2544 6620
2555 6260
2564 6620
2567 6540
2577 5740
2581 5100
2583 43240
2584 6200
2595 8280
2604 6200
2607 23960
2617 7460
2621 16740
2623 16900
2624 3880
2635 5580
2644 3880
2647 6620
2657 5040
2661 5460
2663 4040
2664 29140
2675 24420
2684 29140
2687 6200
2697 9180
2701 5360
2703 4860
2704 6260
2715 5740
2724 6260
2727 3880
2737 5140
2741 3560
2743 3960
2744 8280
2755 7460
2764 8280
2767 29140
2777 6380
2781 19800
2783 9480
2784 5580
2785 43240
2795 5040
2804 5580
2807 6260
2811 43240
2817 114340
2821 4620
2823 3640
2824 24420
2825 16900
2835 9180
2844 24420
2847 8280
2851 16900
2857 26100
2861 6020
2863 3340
2864 5740
2865 4040
2875 5140
2884 5740
2887 5580
2891 4040
2895 43240
2897 6000
2901 4440
2903 2500
2904 7460
2905 4860
2915 6380
2924 7460
2927 24420
2931 4860
2935 16900
2937 9080
2941 24200
2943 14200
2944 5040
2945 3960
2955 114340
2964 5040
2967 5740
2971 3960
2975 4040
2977 5860
2981 4460
2983 2680
2984 9180
