0 0
291 43240
331 16900
351 43240
356 43240
371 4040
391 16900
396 16900
411 4860
431 47280
436 4040
451 3960
471 21760
476 4860
487 43240
491 9480
511 8000
516 3960
527 16900
531 3640
551 14340
556 9480
567 4040
571 3340
591 7600
596 3640
607 4860
611 2500
631 12820
636 3340
647 3960
651 14200
671 6140
676 2500
687 9480
691 2680
711 17540
716 14200
727 3640
731 4400
751 5180
756 2680
767 3340
771 3660
791 18600
794 43240
796 4400
807 2500
811 25840
831 6340
834 16900
836 3660
847 14200
851 5340
871 30240
874 4040
876 25840
887 2680
891 6400
911 9000
914 4860
916 5340
927 4400
931 3460
934 43240
951 32240
954 3960
956 6400
967 3660
971 21220
974 16900
991 8800
994 9480
996 3460
1007 25840
1011 4820
1014 4040
1031 27620
1034 3640
1036 21220
1047 5340
1051 4340
1054 4860
1071 8280
1074 3340
1076 4820
1087 6400
1091 2680
1094 3960
1111 25560
1114 2500
1116 4340
1127 3460
1131 23880
1134 9480
1151 7500
1154 14200
1156 2680
1167 21220
1171 3760
1174 3640
1188 43240
1191 28220
1194 2680
1196 23880
1207 4820
1211 4520
1214 3340
1228 16900
1231 6440
1234 4400
1236 3760
1241 43240
1247 4340
1251 4560
1254 2500
1268 4040
1271 28400
1274 3660
1276 4520
1281 16900
1287 2680
1291 22420
1294 14200
1308 4860
1311 8320
1314 25840
1316 4560
1321 4040
1327 23880
1331 4260
1334 2680
1348 3960
1351 26940
1354 5340
1356 22420
1361 4860
1367 3760
1371 2900
1374 4400
1388 9480
1391 8820
1394 6400
1396 4260
1401 3960
1407 4520
1411 2140
1414 3660
1428 3640
1431 25320
1434 3460
1436 2900
1441 9480
1447 4560
1451 6780
1454 25840
1468 3340
1471 6400
1474 21220
1476 2140
1481 3640
1487 22420
1491 3220
1494 5340
1508 2500
1511 9680
1514 4820
1516 6780
1521 3340
1527 4260
1531 3660
1534 6400
1548 14200
1551 5360
1554 4340
1556 3220
1561 2500
1567 2900
1571 85500
1574 3460
1588 2680
1591 10440
1594 2680
1596 3660
1601 14200
1607 2140
1611 28540
1614 21220
1628 4400
1631 88720
1634 23880
1636 85500
1641 2680
1647 6780
1651 6020
1654 4820
1668 3660
1671 32200
1674 3760
1676 28540
1681 4400
1687 3220
1691 8580
1694 4340
1708 25840
1711 91520
1714 4520
1716 6020
1721 3660
1727 3660
1731 5100
1734 2680
1748 5340
1751 37120
1754 4560
1756 8580
1761 25840
1767 85500
1771 16740
1774 23880
1788 6400
1791 11120
1794 22420
1796 5100
1801 5340
1807 28540
1811 5460
1814 3760
1828 3460
1831 25320
1834 4260
1836 16740
1841 6400
1847 6020
1851 5360
1854 4520
1868 21220
1871 10560
1874 2900
1876 5460
1881 3460
1887 8580
1891 3560
1894 4560
1908 4820
1911 22100
1914 2140
1916 5360
1921 21220
1927 5100
1931 19800
1934 22420
1939 43240
1948 4340
1951 9020
1954 6780
1956 3560
1961 4820
1967 16740
1971 4620
1974 4260
1979 16900
1988 2680
1991 25160
1994 3220
1996 19800
2001 4340
2007 5460
2011 6020
2014 2900
2019 4040
2028 23880
2031 8180
2034 3660
2036 4620
2041 2680
2047 5360
2051 4440
2054 2140
2059 4860
2068 3760
2071 25820
2074 85500
2076 6020
2081 23880
2087 3560
2091 24200
2094 6780
2099 3960
2108 4520
2111 9060
2114 28540
2116 4440
2121 3760
2127 19800
2131 4460
2134 3220
2139 9480
2148 4560
2151 30220
2154 6020
2156 24200
2161 4520
2167 4620
2171 7180
2174 3660
2179 3640
2188 22420
2191 8900
2194 8580
2196 4460
2201 4560
2207 6020
2211 6540
2214 85500
2219 3340
2228 4260
2231 31380
2234 5100
2236 7180
2241 22420
2247 4440
2251 23960
2254 28540
2259 2500
2268 2900
2271 11000
2274 16740
2276 6540
2281 4260
2287 24200
2291 6620
2294 6020
2299 14200
2308 2140
2311 31140
2314 5460
2316 23960
2321 2900
2327 4460
2331 6200
2334 8580
2339 2680
2348 6780
2351 13160
2354 5360
2356 6620
2361 2140
2367 7180
2371 3880
2374 5100
2379 4400
2388 3220
2391 30160
2394 3560
2396 6200
2401 6780
2407 6540
2411 29140
2414 16740
2419 3660
2428 3660
2431 10500
2434 19800
2436 3880
2441 3220
2447 23960
2451 6260
2454 5460
2459 25840
2468 85500
2471 35340
2474 4620
2476 29140
2479 43240
2481 3660
2487 6620
2491 8280
2494 5360
2499 5340
2508 28540
2511 10140
2514 6020
2516 6260
2519 16900
2521 85500
2527 6200
2531 5580
2534 3560
2539 6400
2548 6020
2551 37420
2554 4440
2556 8280
2559 4040
2561 28540
2567 3880
2571 24420
2574 19800
2579 3460
2588 8580
2591 11840
2594 24200
2596 5580
2599 4860
2601 6020
2607 29140
2611 5740
2614 4620
2619 21220
2628 5100
2631 32700
2634 4460
2636 24420
2639 3960
2641 8580
2647 6260
2651 7460
2654 6020
2659 4820
2668 16740
2671 11320
2674 7180
2676 5740
2679 9480
2681 5100
2687 8280
2691 5040
2694 4440
2699 4340
2708 5460
2711 31880
2714 6540
2716 7460
2719 3640
2721 16740
2727 5580
2731 9180
2734 24200
2739 2680
2748 5360
2751 10780
2754 23960
2756 5040
2759 3340
2761 5460
2767 24420
2771 5140
2774 4460
2779 23880
2788 3560
2791 16640
2794 6620
2796 9180
2799 2500
2801 5360
2807 5740
2810 43240
2811 6380
2814 7180
2819 3760
2828 19800
2831 10180
2834 6200
2836 5140
2839 14200
2841 3560
2847 7460
2850 16900
2851 114340
2854 6540
2859 4520
2868 4620
2871 15560
2874 3880
2876 6380
2879 2680
2881 19800
2887 5040
2890 4040
2891 26100
2894 23960
2899 4560
2908 6020
2911 119480
2914 29140
2916 114340
2919 4400
2921 4620
2927 9180
2930 4860
2931 6000
2934 6620
2939 22420
2948 4440
2951 32480
2954 6260
2956 26100
2959 3660
2961 6020
2967 5140
2970 3960
2971 9080
2974 6200
2979 4260
2988 24200
2991 120340
2994 2162
