0 0
790 43240
830 16900
870 4040
910 4860
950 3960
990 9480
1030 3640
1070 3340
1110 2500
1150 14200
1190 2680
1230 4400
1270 3660
1310 25840
1350 5340
1390 6400
1430 3460
1470 21220
1510 4820
1538 43240
1541 43240
1550 4340
1578 16900
1581 16900
1590 2680
1618 4040
1621 4040
1630 23880
1658 4860
1661 4860
1668 43240
1670 3760
1698 3960
1701 3960
1708 16900
1710 4520
1738 9480
1741 9480
1748 4040
1750 4560
1778 3640
1781 3640
1788 4860
1790 22420
1818 3340
1821 3340
1828 3960
1830 4260
1858 2500
1861 2500
1868 9480
1870 2900
1898 14200
1901 14200
1908 3640
1910 2140
1938 2680
1941 2680
1948 3340
1950 6780
1978 4400
1981 4400
1988 2500
1990 3220
2018 3660
2021 3660
2028 14200
2030 3660
2058 25840
2061 25840
2068 2680
2070 85500
2098 5340
2101 5340
2108 4400
2110 28540
2138 6400
2141 6400
2148 3660
2150 6020
2178 3460
2181 3460
2188 25840
2190 8580
2218 21220
2221 21220
2228 5340
2230 5100
2238 43240
2258 4820
2261 4820
2268 6400
2270 16740
2278 16900
2298 4340
2301 4340
2308 3460
2310 5460
2318 4040
2338 2680
2341 2680
2348 21220
2350 5360
2358 4860
2366 43240
2378 23880
2381 23880
2388 4820
2390 3560
2398 3960
2406 16900
2418 3760
2421 3760
2428 4340
2430 19800
2438 9480
2446 4040
2454 43240
2458 4520
2461 4520
2468 2680
2470 4620
2478 3640
2486 4860
2494 16900
2498 4560
2501 4560
2508 23880
2510 6020
2518 3340
2526 3960
2534 4040
2538 22420
2541 22420
2548 3760
2550 4440
2558 2500
2566 9480
2574 4860
2578 4260
2581 4260
2588 4520
2590 24200
2598 14200
2606 3640
2614 3960
2615 43240
2618 2900
2621 2900
2628 4560
2630 4460
2638 2680
2646 3340
2654 9480
2655 16900
2658 2140
2661 2140
2668 22420
2670 7180
2678 4400
2686 2500
2694 3640
2695 4040
2698 6780
2701 6780
2708 4260
2710 6540
2718 3660
2726 14200
2734 3340
2735 4860
2738 46460
2741 3220
2748 2900
2750 23960
2758 25840
2766 2680
2774 2500
2775 3960
2778 20560
2781 3660
2788 2140
2790 6620
2798 5340
2806 4400
2814 14200
2815 9480
2818 89540
2821 85500
2828 6780
2830 6200
2838 6400
2846 3660
2854 2680
2855 3640
2858 33400
2861 28540
2868 3220
2870 3880
2878 3460
2886 25840
2894 4400
2895 3340
2898 9980
2901 6020
2908 3660
2910 29140
2918 21220
2925 43240
2926 5340
2934 3660
2935 2500
2938 18060
2941 8580
2948 85500
2950 6260
2958 4820
2965 16900
2966 6400
2974 25840
2975 14200
2978 8740
2981 5100
2985 43240
2988 28540
