0 0
287 43240
327 16900
337 43240
367 4040
377 16900
407 4860
417 4040
447 3960
457 4860
487 9480
497 3960
527 3640
537 9480
567 3340
577 3640
607 2500
617 3340
647 14200
657 2500
674 43240
687 2680
697 14200
714 16900
727 4400
737 2680
754 4040
767 3660
777 4400
794 4860
807 25840
817 3660
834 3960
847 5340
857 25840
874 9480
887 6400
897 5340
914 3640
927 3460
937 6400
954 3340
967 21220
977 3460
994 2500
1007 4820
1017 21220
1034 14200
1047 4340
1057 4820
1074 2680
1087 2680
1097 4340
1114 4400
1127 23880
1137 2680
1154 3660
1167 3760
1177 23880
1194 25840
1207 4520
1217 3760
1234 5340
1235 43240
1247 4560
1257 4520
1274 6400
1275 16900
1287 22420
1297 4560
1314 3460
1315 4040
1327 4260
1334 43240
1337 22420
1354 21220
1355 4860
1367 2900
1374 16900
1377 4260
1394 4820
1395 3960
1407 2140
1414 4040
1417 2900
1434 4340
1435 9480
1447 6780
1454 4860
1457 2140
1474 2680
1475 3640
1487 3220
1494 3960
1497 6780
1514 23880
1515 3340
1527 3660
1534 9480
1537 3220
1554 3760
1555 2500
1567 85500
1574 3640
1577 3660
1594 4520
1595 14200
1607 28540
1614 3340
1617 85500
1634 4560
1635 2680
1647 6020
1654 2500
1657 28540
1674 22420
1675 4400
1687 8580
1694 14200
1697 6020
1714 4260
1715 3660
1727 5100
1734 2680
1737 8580
1754 2900
1755 25840
1767 16740
1774 4400
1777 5100
1794 2140
1795 5340
1807 5460
1814 3660
1817 16740
1834 6780
1835 6400
1847 5360
1854 25840
1857 5460
1874 3220
1875 3460
1884 43240
1887 3560
1894 5340
1897 5360
1914 3660
1915 21220
1924 16900
1927 19800
1934 6400
1937 3560
1954 85500
1955 4820
1964 4040
1967 4620
1974 3460
1977 19800
1994 28540
1995 4340
2004 4860
2007 6020
2014 21220
2017 4620
2034 6020
2035 2680
2044 3960
2047 4440
2054 4820
2057 6020
2074 8580
2075 23880
2084 9480
2087 24200
2094 4340
2097 4440
2114 5100
2115 3760
2124 3640
2127 4460
2134 2680
2137 24200
2154 16740
2155 4520
2164 3340
2167 7180
2174 23880
2177 4460
2194 5460
2195 4560
2204 2500
2207 6540
2214 3760
2215 43240
2217 7180
2234 5360
2235 22420
2244 14200
2247 23960
2254 4520
2255 16900
2257 6540
2274 3560
2275 4260
2284 2680
2287 6620
2294 4560
2295 4040
2297 23960
2314 19800
2315 2900
2324 4400
2327 6200
2334 22420
2335 4860
2337 6620
2354 4620
2355 2140
2364 3660
2367 3880
2374 4260
2375 3960
2377 6200
2394 6020
2395 6780
2404 25840
2407 29140
2414 2900
2415 9480
2417 3880
2434 4440
2435 3220
2444 5340
2447 6260
2454 2140
2455 3640
2457 29140
2474 24200
2475 3660
2484 6400
2487 8280
2494 6780
2495 3340
2497 6260
2514 4460
2515 85500
2524 3460
2527 5580
2534 3220
2535 2500
2537 8280
2554 7180
2555 28540
2564 21220
2567 24420
2574 3660
2575 14200
2577 5580
2594 6540
2595 6020
2604 4820
2607 5740
2614 85500
2615 2680
2617 24420
2618 43240
2634 23960
2635 8580
2644 4340
2647 7460
2654 28540
2655 4400
2657 5740
2658 16900
2674 6620
2675 5100
2684 2680
2687 5040
2694 6020
2695 3660
2697 7460
2698 4040
2714 6200
2715 16740
2724 23880
2727 9180
2734 8580
2735 25840
2737 5040
2738 4860
2754 3880
2755 5460
2764 3760
2767 5140
2774 5100
2775 5340
2777 9180
2778 3960
2794 29140
2795 5360
2804 4520
2807 6380
2814 16740
2815 6400
2817 5140
2818 9480
2834 6260
2835 3560
2844 4560
2847 114340
2854 5460
2855 3460
2857 6380
2858 3640
2874 8280
2875 19800
2884 22420
2887 69340
2894 5360
2895 21220
2897 114340
2898 3340
2914 5580
2915 4620
2924 4260
2927 22900
2934 3560
2935 4820
2937 26100
2938 2500
2954 24420
2955 6020
2964 2900
