0 0
333 43240
337 43240
373 16900
377 16900
413 4040
417 4040
453 4860
457 4860
493 3960
497 3960
533 9480
537 9480
542 43240
573 3640
577 3640
582 16900
613 3340
617 3340
622 4040
653 2500
657 2500
662 4860
693 14200
697 14200
702 3960
721 43240
733 2680
737 2680
742 9480
761 16900
773 4400
777 4400
782 3640
801 4040
813 3660
817 3660
822 3340
841 4860
853 25840
857 25840
862 2500
881 3960
893 5340
897 5340
902 14200
921 9480
933 6400
937 6400
942 2680
961 3640
973 3460
977 3460
982 4400
1001 3340
1013 21220
1017 21220
1022 3660
1041 2500
1053 4820
1057 4820
1062 25840
1081 14200
1093 4340
1097 4340
1102 5340
1121 2680
1133 2680
1137 2680
1142 6400
1161 4400
1173 23880
1177 23880
1182 3460
1201 3660
1213 3760
1217 3760
1222 21220
1241 25840
1253 4520
1257 4520
1262 4820
1272 43240
1281 5340
1293 4560
1297 4560
1302 4340
1312 16900
1321 6400
1333 22420
1337 22420
1342 2680
1352 4040
1361 3460
1373 4260
1377 4260
1382 23880
1392 4860
1401 21220
1413 2900
1417 2900
1422 3760
1432 3960
1441 4820
1453 2140
1457 2140
1462 4520
1472 9480
1481 4340
1489 43240
1493 6780
1497 6780
1502 4560
1512 3640
1521 2680
1529 16900
1533 3220
1537 3220
1542 22420
1552 3340
1561 23880
1569 4040
1573 3660
1577 3660
1582 4260
1592 2500
1601 3760
1609 4860
1613 85500
1617 85500
1622 2900
1632 14200
1641 4520
1649 3960
1653 28540
1657 28540
1662 2140
1672 2680
1681 4560
1689 9480
1693 6020
1697 6020
1702 6780
1712 4400
1721 22420
1729 3640
1733 8580
1737 8580
1742 3220
1752 3660
1761 4260
1762 43240
1769 3340
1773 5100
1777 5100
1782 3660
1792 25840
1801 2900
1802 16900
1809 2500
1813 16740
1817 16740
1822 85500
1832 5340
1841 2140
1842 4040
1849 14200
1853 5460
1857 5460
1862 28540
1872 6400
1881 6780
1882 4860
1889 2680
1893 5360
1897 5360
1902 6020
1912 3460
1921 3220
1922 3960
1929 4400
1933 3560
1937 3560
1942 8580
1949 43240
1952 21220
1961 3660
1962 9480
1969 3660
1973 19800
1977 19800
1982 5100
1989 16900
1992 4820
2001 85500
2002 3640
2009 25840
2013 4620
2017 4620
2022 16740
2029 4040
2032 4340
2041 28540
2042 3340
2049 5340
2053 6020
2057 6020
2062 5460
2069 4860
2072 2680
2081 6020
2082 2500
2089 6400
2093 4440
2097 4440
2102 5360
2109 3960
2112 23880
2121 8580
2122 14200
2129 3460
2133 24200
2137 24200
2142 3560
2149 9480
2152 3760
2161 5100
2162 2680
2169 21220
2173 4460
2177 4460
2182 19800
2189 3640
2192 4520
2201 16740
2202 4400
2209 4820
2213 7180
2217 7180
2222 4620
2229 3340
2232 4560
2241 5460
2242 3660
2249 4340
2253 6540
2257 6540
2262 6020
2269 2500
2272 22420
2281 5360
2282 25840
2289 2680
2293 23960
2297 23960
2302 4440
2309 14200
2312 4260
2321 3560
2322 5340
2329 23880
2333 6620
2337 6620
2342 24200
2349 2680
2352 2900
2361 19800
2362 6400
2369 3760
2373 6200
2377 6200
2382 4460
2389 4400
2392 2140
2401 4620
2402 3460
2409 4520
2413 3880
2417 3880
2422 7180
2429 3660
2432 6780
2441 6020
2442 21220
2449 4560
2453 29140
2457 29140
2462 6540
2469 25840
2472 3220
2481 4440
2482 4820
2489 22420
2493 6260
2497 6260
2502 23960
2509 5340
2512 3660
2521 24200
2522 4340
2529 4260
2533 8280
2537 8280
2542 6620
2549 6400
2552 85500
2561 4460
2562 2680
2569 2900
2573 5580
2577 5580
2582 6200
2589 3460
2592 28540
2601 7180
2602 23880
2609 2140
2613 24420
2617 24420
2622 3880
2629 21220
2632 6020
2641 93020
2642 3760
2649 6780
2653 5740
2657 5740
2662 29140
2669 4820
2672 8580
2681 57760
2682 4520
2689 3220
2693 7460
2697 7460
2702 6260
2709 4340
2712 5100
2721 14700
2722 4560
2729 3660
2733 5040
2737 5040
2742 8280
2745 43240
2749 2680
2752 16740
2761 15920
2762 22420
2769 85500
2773 9180
2777 9180
2782 5580
2785 16900
2789 23880
2792 5460
2801 11800
2802 4260
2809 28540
2813 5140
2817 5140
2822 24420
2825 4040
2829 3760
2832 5360
2841 48100
2842 2900
2849 6020
2853 6380
2857 6380
2862 5740
2865 4860
2869 4520
2872 3560
2881 13540
2882 2140
2889 51820
2893 114340
2897 114340
2902 7460
2905 3960
2909 4560
2912 19800
2921 14960
2922 6780
2929 22000
2933 26100
2937 26100
2942 5040
2945 9480
2949 22420
2952 4620
2961 10580
2962 3220
2969 20780
2973 6000
2977 6000
2982 9180
2985 3640
