0 0
111 43240
151 16900
191 4040
231 4860
271 3960
311 9480
351 3640
391 3340
431 2500
471 14200
511 2680
551 4400
591 3660
631 25840
665 43240
671 5340
705 16900
711 6400
745 4040
751 3460
785 4860
791 21220
825 3960
831 4820
865 9480
871 4340
905 3640
911 2680
940 43240
945 3340
951 23880
980 16900
985 2500
991 3760
1020 4040
1025 14200
1031 4520
1060 4860
1065 2680
1071 4560
1079 43240
1100 3960
1102 43240
1105 4400
1111 22420
1119 16900
1140 9480
1142 16900
1145 3660
1151 4260
1158 43240
1159 4040
1180 3640
1182 4040
1185 25840
1191 2900
1198 16900
1199 4860
1217 43240
1220 3340
1222 4860
1225 5340
1231 2140
1238 4040
1239 3960
1257 16900
1260 2500
1262 3960
1265 6400
1271 6780
1278 4860
1279 9480
1297 4040
1300 14200
1302 9480
1305 3460
1311 3220
1318 3960
1319 3640
1337 4860
1340 2680
1342 3640
1345 21220
1351 3660
1358 9480
1359 3340
1377 3960
1380 4400
1382 3340
1385 4820
1391 85500
1398 3640
1399 2500
1417 9480
1420 3660
1422 2500
1425 4340
1431 28540
1438 3340
1439 14200
1457 3640
1460 25840
1462 14200
1465 2680
1471 6020
1478 2500
1479 2680
1497 46580
1500 5340
1502 2680
1505 23880
1511 8580
1518 14200
1519 4400
1537 19400
1540 6400
1542 4400
1545 3760
1551 5100
1558 2680
1559 3660
1577 18240
1580 3460
1582 3660
1585 4520
1591 16740
1598 4400
1599 25840
1617 7540
1620 21220
1622 25840
1625 4560
1631 5460
1638 3660
1639 5340
1657 8360
1660 4820
1662 5340
1665 22420
1671 5360
1678 25840
1679 6400
1697 13140
1700 4340
1702 6400
1705 4260
1711 3560
1718 5340
1719 3460
1737 29480
1740 2680
1742 3460
1745 2900
1751 19800
1758 6400
1759 21220
1777 8680
1780 23880
1782 21220
1785 2140
1791 4620
1798 3460
1799 4820
1817 8900
1820 3760
1822 4820
1825 6780
1831 6020
1838 21220
1839 4340
1857 17660
1860 4520
1862 4340
1865 3220
1871 4440
1878 4820
1879 2680
1897 23900
1900 4560
1902 2680
1905 3660
1911 24200
1918 4340
1919 23880
1937 9220
1940 22420
1942 23880
1945 85500
1951 4460
1958 2680
1959 3760
1977 8000
1980 4260
1982 3760
1985 28540
1991 7180
1998 23880
1999 4520
2017 28520
2020 2900
2022 4520
2025 6020
2031 6540
2038 3760
2039 4560
2057 29220
2060 2140
2062 4560
2065 8580
2071 23960
2078 4520
2079 22420
2093 43240
2097 10160
2100 6780
2102 22420
2105 5100
2111 6620
2118 4560
2119 4260
2133 16900
2137 7980
2140 3220
2142 4260
2145 16740
2151 6200
2158 22420
2159 2900
2173 4040
2177 25780
2180 3660
2182 2900
2185 5460
2191 3880
2198 4260
2199 2140
2213 4860
2217 27240
2220 85500
2222 2140
2225 5360
2231 29140
2238 2900
2239 6780
2253 3960
2257 8600
2260 28540
2262 6780
2265 3560
2271 6260
2278 2140
2279 3220
2293 9480
2297 5580
2300 6020
2302 3220
2305 19800
2311 8280
2318 6780
2319 3660
2333 3640
2337 26020
2340 8580
2342 3660
2345 4620
2351 5580
2358 3220
2359 85500
2373 3340
2377 10540
2380 5100
2382 85500
2385 6020
2391 24420
2398 3660
2399 28540
2413 2500
2417 7740
2420 16740
2422 28540
2425 4440
2431 5740
2438 85500
2439 6020
2453 14200
2457 8220
2460 5460
2462 6020
2465 24200
2471 7460
2478 28540
2479 8580
2483 43240
2493 2680
2497 107920
2500 5360
2502 8580
2505 4460
2511 5040
2518 6020
2519 5100
2523 16900
2533 4400
2537 32800
2540 3560
2542 5100
2545 7180
2551 9180
2558 8580
2559 16740
2563 4040
2573 3660
2577 8920
2580 19800
2582 16740
2585 6540
2591 5140
2598 5100
2599 5460
2603 4860
2613 25840
2617 10720
2620 4620
2622 5460
2625 23960
2631 6380
2638 16740
2639 5360
2643 3960
2653 5340
2657 11880
2660 6020
2662 5360
2665 6620
2671 114340
2678 5460
2679 3560
2683 9480
2693 6400
2697 19960
2700 4440
2702 3560
2705 6200
2706 43240
2711 26100
2718 5360
2719 19800
2723 3640
2733 3460
2737 9120
2740 24200
2742 19800
2745 3880
2746 16900
2751 6000
2758 3560
2759 4620
2763 3340
2766 43240
2773 21220
2777 90860
2780 4460
2782 4620
2785 29140
2786 4040
2791 9080
2793 43240
2798 19800
2799 6020
2803 2500
2806 16900
2813 4820
2817 32100
2820 7180
2822 6020
2825 6260
2826 4860
2831 5860
2833 16900
2838 4620
2839 4440
2843 14200
2846 4040
2853 4340
2857 25820
2860 6540
2862 4440
2865 8280
2866 3960
2871 23580
2873 4040
2878 6020
2879 24200
2883 2680
2886 4860
2893 2680
2897 13200
2900 23960
2902 24200
2905 5580
2906 9480
2911 6480
2913 4860
2918 4440
2919 4460
2923 4400
2926 3960
2933 23880
2937 11120
2940 6620
2942 4460
2945 24420
2946 3640
2950 43240
2951 9400
2953 3960
2958 24200
2959 7180
2963 3660
2966 9480
2973 3760
2977 21180
2980 6200
2982 7180
2985 5740
