0 0
175 43240
215 16900
255 4040
295 4860
335 3960
375 9480
395 43240
415 3640
435 16900
455 3340
475 4040
495 2500
515 4860
535 14200
555 3960
575 2680
595 9480
615 4400
635 3640
655 3660
675 3340
695 25840
715 2500
735 48580
755 14200
775 23300
795 2680
815 7500
835 4400
855 26080
875 3660
895 8780
915 25840
935 13820
940 43240
955 5340
975 6320
980 16900
987 43240
995 6400
1015 27220
1020 4040
1027 16900
1035 3460
1055 6260
1060 4860
1067 4040
1075 21220
1095 18720
1100 3960
1107 4860
1115 4820
1135 7240
1140 9480
1147 3960
1155 4340
1175 26820
1180 3640
1187 9480
1195 2680
1215 7920
1220 3340
1227 3640
1235 23880
1255 28740
1260 2500
1267 3340
1275 3760
1295 7480
1300 14200
1307 2500
1314 43240
1315 4520
1335 13180
1340 2680
1347 14200
1354 16900
1355 4560
1375 6680
1380 4400
1387 2680
1394 4040
1395 22420
1415 24880
1420 3660
1427 4400
1434 4860
1435 4260
1455 90320
1460 25840
1467 3660
1474 3960
1475 2900
1495 32880
1500 5340
1502 43240
1507 25840
1514 9480
1515 2140
1535 8700
1540 6400
1542 16900
1547 5340
1554 3640
1555 6780
1575 32460
1580 3460
1582 4040
1587 6400
1594 3340
1595 3220
1615 8860
1620 21220
1622 4860
1627 3460
1634 2500
1635 3660
1655 21260
1660 4820
1662 3960
1667 21220
1674 14200
1675 85500
1695 10020
1700 4340
1702 9480
1707 4820
1714 2680
1715 28540
1717 43240
1735 27780
1740 2680
1742 3640
1747 4340
1754 4400
1755 6020
1757 16900
1775 7820
1780 23880
1782 3340
1787 45920
1794 3660
1795 8580
1797 4040
1815 22700
1820 3760
1822 2500
1827 40780
1834 25840
1835 5100
1837 4860
1855 6760
1860 4520
1862 14200
1867 7800
1874 5340
1875 16740
1877 3960
1895 12800
1900 4560
1902 2680
1907 9380
1914 6400
1915 5460
1917 9480
1935 7660
1940 22420
1942 4400
1947 8520
1954 3460
1955 5360
1957 3640
1975 27860
1980 4260
1982 3660
1987 31900
1994 21220
1995 3560
1997 3340
2015 89960
2020 2900
2022 25840
2027 7900
2034 4820
2035 19800
2037 2500
2055 35720
2060 2140
2062 5340
2067 6240
2074 4340
2075 4620
2077 14200
2095 12560
2100 6780
2102 6400
2107 4640
2114 2680
2115 6020
2117 2680
2135 32540
2140 3220
2142 3460
2147 20980
2154 23880
2155 4440
2157 4400
2175 11720
2180 3660
2182 21220
2187 5900
2194 3760
2195 24200
2197 3660
2215 22940
2220 85500
2222 4820
2227 8060
2234 4520
2235 4460
2237 25840
2255 9340
2259 43240
2260 28540
2262 4340
2267 89160
2274 4560
2275 7180
2277 5340
2295 34500
2299 16900
2300 6020
2302 2680
2307 54380
2314 22420
2315 6540
2317 6400
2335 9820
2339 4040
2340 8580
2342 23880
2347 11360
2354 4260
2355 23960
2357 3460
2375 28080
2379 4860
2380 5100
2382 3760
2387 14980
2394 2900
2395 6620
2397 21220
2415 10200
2419 3960
2420 16740
2422 4520
2427 8560
2434 2140
2435 6200
2437 4820
2455 30440
2459 9480
2460 5460
2462 4560
2467 37960
2474 6780
2475 3880
2477 4340
2495 10180
2499 3640
2500 5360
2502 22420
2507 10280
2514 3220
2515 29140
2517 2680
2535 31660
2539 3340
2540 3560
2542 4260
2547 9700
2554 3660
2555 6260
2557 23880
2575 9500
2579 2500
2580 19800
2582 2900
2587 6240
2594 85500
2595 8280
2597 3760
2615 16360
2619 14200
2620 4620
2622 2140
2627 43680
2634 28540
2635 5580
2637 4520
2655 11680
2659 2680
2660 6020
2662 6780
2667 8380
2674 6020
2675 24420
2677 4560
2695 30340
2699 47640
2700 4440
2702 3220
2707 10540
2714 8580
2715 5740
2717 22420
2735 120960
2739 20560
2740 24200
2742 3660
2747 9000
2754 5100
2755 7460
2757 4260
2775 32300
2779 29880
2780 4460
2782 85500
2787 46620
2794 16740
2795 5040
2797 2900
2815 9880
2819 10200
2820 7180
2822 28540
2827 8720
2834 5460
2835 9180
2837 2140
2855 38220
2859 10360
2860 6540
2862 6020
2867 53320
2874 5360
2875 5140
2877 6780
2895 12120
2899 12940
2900 23960
2902 8580
2907 25580
2914 3560
2915 6380
2917 3220
2935 31860
2939 24860
2940 6620
2942 5100
2947 34780
2954 19800
2955 114340
2957 3660
2975 12060
2979 8160
2980 6200
2982 16740
2987 14700
2994 4620
