0 0
299 43240
311 43240
339 16900
351 16900
379 4040
391 4040
419 4860
431 4860
459 3960
471 3960
499 9480
511 9480
539 3640
551 3640
579 3340
591 3340
619 2500
631 2500
659 14200
671 14200
699 2680
711 2680
739 4400
751 4400
779 3660
791 3660
819 25840
831 25840
859 5340
871 5340
899 6400
911 6400
939 3460
951 3460
979 21220
991 21220
1019 4820
1031 4820
1059 4340
1071 4340
1099 2680
1111 2680
1139 23880
1151 23880
1179 3760
1191 3760
1219 4520
1231 4520
1259 4560
1271 4560
1299 22420
1311 22420
1339 4260
1351 4260
1354 43240
1379 2900
1391 2900
1394 16900
1419 2140
1431 2140
1434 4040
1459 6780
1471 6780
1474 4860
1499 3220
1511 3220
1514 3960
1539 3660
1551 3660
1554 9480
1579 85500
1591 85500
1594 3640
1612 43240
1619 28540
1631 28540
1634 3340
1652 16900
1653 43240
1659 6020
1671 6020
1674 2500
1692 4040
1693 16900
1699 8580
1711 8580
1714 14200
1732 4860
1733 4040
1739 5100
1751 5100
1754 2680
1772 3960
1773 4860
1779 16740
1791 16740
1794 4400
1812 9480
1813 3960
1819 5460
1831 5460
1834 3660
1852 3640
1853 9480
1859 5360
1871 5360
1874 25840
1879 43240
1892 3340
1893 3640
1899 3560
1911 3560
1914 5340
1919 16900
1932 2500
1933 3340
1939 19800
1951 19800
1954 6400
1959 4040
1972 14200
1973 2500
1979 4620
1991 4620
1994 3460
1999 4860
2012 2680
2013 14200
2019 6020
2031 6020
2034 21220
2039 3960
2052 4400
2053 2680
2059 4440
2071 4440
2074 4820
2079 9480
2092 3660
2093 4400
2099 24200
2111 24200
2114 4340
2119 3640
2132 25840
2133 3660
2139 4460
2151 4460
2154 2680
2159 3340
2172 5340
2173 25840
2179 7180
2181 43240
2191 7180
2194 23880
2199 2500
2212 6400
2213 5340
2219 6540
2221 16900
2231 6540
2234 3760
2239 14200
2252 3460
2253 6400
2259 23960
2261 4040
2271 23960
2274 4520
2279 2680
2292 21220
2293 3460
2299 6620
2301 4860
2311 6620
2314 4560
2319 4400
2332 4820
2333 21220
2339 6200
2341 3960
2351 6200
2354 22420
2359 3660
2367 43240
2372 4340
2373 4820
2379 3880
2381 9480
2391 3880
2394 4260
2399 25840
2407 16900
2412 2680
2413 4340
2419 29140
2421 3640
2431 29140
2434 2900
2439 5340
2447 4040
2452 23880
2453 2680
2459 6260
2461 3340
2471 6260
2473 43240
2474 2140
2475 43240
2479 6400
2487 4860
2492 3760
2493 23880
2499 8280
2501 2500
2511 8280
2513 16900
2514 6780
2515 16900
2519 3460
2527 3960
2532 4520
2533 3760
2539 5580
2541 14200
2551 5580
2553 4040
2554 3220
2555 4040
2559 21220
2567 9480
2572 4560
2573 4520
2579 24420
2581 2680
2591 24420
2593 4860
2594 3660
2595 4860
2599 4820
2607 3640
2612 22420
2613 4560
2619 5740
2621 4400
2631 5740
2633 3960
2634 85500
2635 3960
2639 4340
2647 3340
2652 4260
2653 22420
2659 7460
2661 3660
2671 7460
2673 9480
2674 28540
2675 9480
2679 2680
2687 2500
2692 2900
2693 4260
2699 5040
2701 25840
2709 43240
2711 5040
2713 3640
2714 6020
2715 3640
2719 23880
2727 14200
2732 2140
2733 2900
2739 9180
2741 5340
2749 16900
2751 9180
2753 3340
2754 8580
2755 3340
2759 3760
2767 2680
2771 43240
2772 6780
2773 2140
2779 5140
2781 6400
2789 4040
2791 5140
2793 2500
2794 5100
2795 2500
2799 4520
2807 4400
2811 16900
2812 3220
2813 6780
2819 6380
2821 3460
2829 4860
2831 6380
2833 14200
2834 16740
2835 14200
2839 4560
2847 3660
2851 4040
2852 3660
2853 3220
2859 114340
2861 21220
2869 3960
2871 114340
2873 2680
2874 5460
2875 2680
2879 22420
2887 25840
2891 4860
2892 85500
2893 3660
2899 26100
2901 4820
2903 43240
2909 9480
2911 26100
2913 4400
2914 5360
2915 4400
2919 4260
2927 5340
2931 3960
2932 28540
2933 85500
2939 6000
2941 4340
2943 60140
2949 3640
2951 6000
2953 3660
2954 3560
2955 3660
2959 2900
2967 6400
2971 9480
2972 6020
2973 28540
2979 9080
2981 2680
2983 20940
2989 3340
2991 9080
2993 25840
2994 13860
