0 0
264 43240
304 16900
344 4040
384 48100
424 20860
464 13520
504 8500
544 7300
584 11980
624 17840
664 6020
704 6900
744 17860
784 28520
824 9740
864 10060
884 43240
904 29300
924 16900
944 26560
964 4040
984 11220
1004 4860
1024 7800
1044 3960
1064 23900
1084 9480
1104 28700
1124 3640
1144 8100
1164 3340
1184 7200
1204 2500
1224 28440
1244 14200
1264 26180
1284 2680
1304 8780
1306 43240
1324 4400
1344 7460
1346 16900
1364 3660
1384 24560
1386 4040
1404 25840
1424 11040
1426 4860
1443 43240
1444 5340
1464 6120
1466 3960
1483 16900
1484 6400
1504 5800
1506 9480
1517 43240
1523 4040
1524 3460
1544 92280
1546 3640
1557 16900
1563 4860
1564 21220
1584 31760
1585 43240
1586 3340
1597 4040
1603 3960
1604 4820
1618 43240
1624 9680
1625 16900
1626 2500
1637 4860
1643 9480
1644 4340
1658 16900
1664 94080
1665 4040
1666 14200
1677 3960
1683 3640
1684 2680
1698 4040
1704 33640
1705 4860
1706 2680
1717 9480
1723 3340
1724 23880
1738 4860
1744 22760
1745 3960
1746 4400
1757 3640
1763 2500
1764 3760
1778 3960
1784 14040
1785 9480
1786 3660
1797 3340
1803 14200
1804 4520
1818 9480
1824 10460
1825 3640
1826 25840
1837 2500
1843 2680
1844 4560
1858 3640
1864 20300
1865 3340
1866 5340
1877 14200
1883 4400
1884 22420
1898 3340
1904 25260
1905 2500
1906 6400
1917 2680
1923 3660
1924 4260
1938 2500
1944 9980
1945 14200
1946 3460
1957 4400
1963 25840
1964 2900
1978 14200
1984 9580
1985 2680
1986 21220
1997 3660
2003 5340
2004 2140
2018 2680
2024 24240
2025 4400
2026 4820
2037 25840
2043 6400
2044 6780
2058 4400
2064 28820
2065 3660
2066 4340
2077 5340
2083 3460
2084 3220
2098 3660
2104 10480
2105 25840
2106 2680
2117 6400
2123 21220
2124 3660
2138 25840
2144 11620
2145 5340
2146 23880
2157 3460
2163 4820
2164 85500
2178 5340
2184 30740
2185 6400
2186 3760
2197 21220
2203 4340
2204 28540
2218 6400
2224 28420
2225 3460
2226 4520
2237 4820
2243 2680
2244 6020
2258 3460
2264 13800
2265 21220
2266 4560
2277 4340
2283 23880
2284 8580
2298 21220
2304 12740
2305 4820
2306 22420
2317 2680
2323 3760
2324 5100
2338 4820
2344 27840
2345 4340
2346 4260
2357 23880
2363 4520
2364 16740
2378 4340
2384 35760
2385 2680
2386 2900
2397 3760
2403 4560
2404 5460
2418 2680
2424 12460
2425 23880
2426 2140
2437 4520
2443 22420
2444 5360
2458 23880
2464 12160
2465 3760
2466 6780
2477 4560
2483 4260
2484 3560
2498 3760
2504 34720
2505 4520
2506 3220
2517 22420
2523 2900
2524 19800
2538 4520
2544 30680
2545 4560
2546 3660
2557 4260
2563 2140
2564 4620
2578 4560
2584 14020
2585 22420
2586 85500
2597 2900
2603 6780
2604 6020
2618 22420
2624 13040
2625 4260
2626 28540
2637 2140
2643 3220
2644 4440
2658 4260
2664 29460
2665 2900
2666 6020
2677 6780
2683 3660
2684 24200
2698 2900
2704 14920
2705 2140
2706 8580
2717 3220
2723 85500
2724 4460
2738 2140
2744 12600
2745 6780
2746 5100
2757 3660
2763 28540
2764 7180
2778 6780
2784 11420
2785 3220
2786 16740
2797 85500
2803 6020
2804 6540
2818 3220
2824 123520
2825 3660
2826 5460
2837 28540
2843 8580
2844 23960
2858 3660
2864 31240
2865 85500
2866 5360
2875 43240
2877 6020
2883 5100
2884 6620
2898 85500
2904 12380
2905 28540
2906 3560
2915 16900
2917 8580
2923 16740
2924 6200
2938 28540
2944 123420
2945 6020
2946 19800
2955 4040
2957 5100
2963 5460
2964 3880
