0 0
302 43240
314 43240
342 16900
354 16900
369 43240
382 4040
394 4040
409 16900
422 4860
434 4860
449 4040
462 3960
474 3960
489 4860
502 9480
514 9480
529 3960
542 3640
554 3640
569 9480
582 3340
594 3340
609 3640
622 2500
634 2500
649 3340
662 14200
674 14200
689 2500
702 2680
714 2680
729 14200
742 4400
754 4400
769 2680
782 3660
794 3660
809 4400
822 25840
834 25840
836 43240
849 3660
862 5340
874 5340
876 16900
889 25840
902 6400
904 43240
914 6400
916 4040
929 5340
942 3460
944 16900
954 3460
956 4860
969 6400
973 43240
982 21220
984 4040
991 43240
994 21220
996 3960
1009 3460
1013 16900
1022 4820
1024 4860
1031 16900
1034 4820
1036 9480
1049 21220
1053 4040
1062 4340
1064 3960
1071 4040
1074 4340
1076 3640
1089 4820
1093 4860
1098 43240
1102 2680
1104 9480
1111 4860
1114 2680
1116 3340
1129 4340
1133 3960
1138 16900
1142 23880
1144 3640
1151 3960
1154 23880
1156 2500
1169 2680
1173 9480
1178 4040
1182 3760
1184 3340
1191 9480
1194 3760
1196 14200
1209 23880
1213 3640
1218 4860
1222 4520
1224 2500
1231 3640
1234 4520
1236 2680
1249 3760
1252 43240
1253 3340
1258 3960
1262 4560
1264 14200
1271 3340
1274 4560
1276 4400
1289 4520
1292 16900
1293 2500
1298 9480
1302 22420
1304 2680
1311 2500
1314 22420
1316 3660
1329 4560
1332 4040
1333 14200
1338 3640
1342 4260
1344 4400
1351 14200
1354 4260
1356 25840
1369 22420
1372 4860
1373 2680
1378 3340
1382 2900
1384 3660
1391 2680
1394 2900
1396 5340
1409 4260
1412 3960
1413 4400
1418 2500
1422 2140
1424 25840
1431 4400
1434 2140
1436 6400
1449 2900
1452 9480
1453 3660
1458 14200
1462 6780
1464 5340
1471 3660
1474 6780
1476 3460
1489 2140
1492 3640
1493 25840
1498 2680
1502 3220
1504 6400
1511 25840
1514 3220
1516 21220
1529 6780
1532 3340
1533 5340
1538 4400
1542 3660
1544 3460
1551 5340
1554 3660
1556 4820
1569 3220
1572 2500
1573 6400
1578 3660
1582 85500
1584 21220
1590 43240
1591 6400
1594 85500
1596 4340
1609 3660
1612 14200
1613 3460
1618 25840
1622 28540
1624 4820
1630 16900
1631 3460
1634 28540
1636 2680
1649 85500
1652 2680
1653 21220
1658 5340
1662 6020
1664 4340
1670 4040
1671 21220
1674 6020
1676 23880
1689 28540
1692 4400
1693 4820
1698 6400
1702 8580
1704 2680
1710 4860
1711 4820
1714 8580
1716 3760
1729 6020
1732 3660
1733 4340
1738 3460
1742 5100
1744 23880
1750 3960
1751 4340
1754 5100
1756 4520
1769 8580
1772 25840
1773 2680
1778 21220
1782 16740
1784 3760
1790 9480
1791 2680
1794 16740
1796 4560
1809 5100
1812 5340
1813 23880
1818 4820
1822 5460
1824 4520
1830 3640
1831 23880
1834 5460
1836 22420
1849 16740
1852 6400
1853 3760
1858 4340
1862 5360
1864 4560
1870 46580
1871 3760
1874 5360
1876 4260
1889 5460
1892 3460
1893 4520
1898 2680
1902 3560
1904 22420
1910 19400
1911 4520
1914 3560
1916 2900
1929 5360
1931 43240
1932 21220
1933 4560
1938 23880
1942 19800
1944 4260
1950 18240
1951 4560
1954 19800
1956 2140
1969 3560
1971 16900
1972 4820
1973 22420
1978 3760
1982 4620
1984 2900
1990 7540
1991 22420
1994 4620
1996 6780
2009 19800
2011 4040
2012 4340
2013 4260
2018 4520
2022 6020
2024 2140
2030 8360
2031 4260
2034 6020
2036 3220
2049 4620
2051 4860
2052 2680
2053 2900
2058 4560
2062 4440
2064 6780
2070 13140
2071 2900
2074 4440
2076 3660
2089 6020
2091 3960
2092 23880
2093 2140
2098 22420
2102 24200
2104 3220
2110 29480
2111 2140
2114 24200
2116 85500
2129 4440
2131 9480
2132 3760
2133 6780
2138 4260
2142 4460
2144 3660
2150 8680
2151 6780
2154 4460
2156 28540
2169 24200
2171 3640
2172 4520
2173 3220
2178 2900
2182 7180
2184 85500
2190 8900
2191 3220
2194 7180
2196 6020
2209 4460
2211 3340
2212 4560
2213 3660
2218 2140
2222 6540
2224 28540
2230 17660
2231 3660
2234 6540
2236 8580
2249 7180
2251 2500
2252 22420
2253 85500
2258 6780
2262 23960
2264 6020
2270 23900
2271 85500
2274 23960
2276 5100
2289 6540
2291 14200
2292 4260
2293 28540
2298 3220
2302 6620
2304 8580
2306 43240
2310 9220
2311 28540
2314 6620
2316 16740
2329 23960
2331 2680
2332 2900
2333 6020
2338 3660
2342 6200
2344 5100
2346 16900
2350 8000
2351 6020
2354 6200
2356 5460
2369 6620
2371 4400
2372 2140
2373 8580
2378 85500
2382 3880
2384 16740
2386 4040
2390 28520
2391 8580
2394 3880
2396 5360
2409 6200
2411 3660
2412 6780
2413 5100
2418 28540
2422 29140
2424 5460
2426 4860
2430 29220
2431 5100
2434 29140
2436 3560
2438 43240
2449 3880
2451 25840
2452 3220
2453 16740
2458 6020
2462 6260
2464 5360
2466 3960
2470 10160
2471 16740
2474 6260
2476 19800
2478 16900
2489 29140
2491 5340
2492 3660
2493 5460
2498 8580
2502 8280
2504 3560
2506 9480
2510 7980
2511 5460
2514 8280
2516 4620
2518 4040
2529 6260
2531 6400
2532 85500
2533 5360
2538 5100
2542 5580
2544 19800
2546 3640
2550 25780
2551 48600
2554 5580
2556 6020
2558 4860
2569 8280
2571 3460
2572 28540
2573 3560
2578 16740
2582 24420
2584 4620
2586 3340
2590 27240
2591 20460
2594 24420
2596 4440
2598 3960
2609 5580
2611 21220
2612 6020
2613 19800
2618 5460
2622 5740
2624 6020
2626 2500
2630 8600
2631 23840
2634 5740
2636 24200
2638 9480
2649 24420
2651 4820
2652 8580
2653 4620
2658 5360
2662 7460
2664 4440
2666 14200
2670 5580
2671 9480
2674 7460
2676 4460
2678 3640
2689 5740
2691 4340
2692 5100
2693 6020
2698 3560
2702 5040
2704 24200
2706 2680
2710 26020
2711 9980
2714 5040
2716 7180
2718 3340
2729 7460
2731 2680
2732 16740
2733 4440
2738 19800
2742 9180
2744 4460
2746 4400
2750 10540
2751 13920
2754 9180
2756 6540
2758 2500
2769 5040
2771 23880
2772 5460
2773 24200
2778 4620
2782 5140
2784 7180
2786 3660
2790 7740
2791 27840
2794 5140
2796 23960
2798 14200
2809 9180
2811 3760
2812 5360
2813 4460
2818 6020
2822 6380
2824 6540
2826 25840
2830 8220
2831 7800
2834 6380
2836 6620
2838 2680
2849 5140
2851 4520
2852 3560
2853 7180
2858 4440
2862 114340
2864 23960
2866 5340
2870 107920
2871 9680
2874 114340
2876 6200
2878 4400
2889 6380
2891 4560
2892 19800
2893 6540
2898 24200
2902 26100
2904 6620
2906 6400
2910 32800
2911 20740
2914 26100
2916 3880
2918 3660
2929 114340
2931 22420
2932 4620
2933 23960
2938 4460
2942 6000
2944 6200
2946 3460
2950 8920
2951 26640
2954 6000
2956 29140
2958 25840
2969 26100
2971 4260
2972 6020
2973 6620
2978 7180
2982 9080
2984 3880
2986 21220
2990 10720
