0 0
333 43240
373 16900
377 43240
413 4040
417 16900
453 4860
457 4040
493 3960
497 4860
533 9480
537 3960
573 3640
577 9480
613 3340
617 3640
653 2500
657 3340
693 14200
697 2500
733 2680
737 14200
773 4400
777 2680
813 3660
817 4400
853 25840
857 3660
870 43240
893 5340
897 25840
910 16900
912 43240
933 6400
937 5340
950 4040
952 16900
973 3460
977 6400
990 4860
992 4040
1013 21220
1017 3460
1030 3960
1032 4860
1053 4820
1057 21220
1070 9480
1072 3960
1093 4340
1097 4820
1110 3640
1112 9480
1133 2680
1137 4340
1139 43240
1150 3340
1152 3640
1173 23880
1177 2680
1179 16900
1190 2500
1192 3340
1213 3760
1217 23880
1219 4040
1230 14200
1232 2500
1253 4520
1257 3760
1259 4860
1270 2680
1272 14200
1293 4560
1297 4520
1299 3960
1310 4400
1312 2680
1333 22420
1337 4560
1339 9480
1350 3660
1352 4400
1373 4260
1377 22420
1379 3640
1390 25840
1392 3660
1413 2900
1417 4260
1419 3340
1430 5340
1432 25840
1453 2140
1457 2900
1459 2500
1470 6400
1472 5340
1493 6780
1497 2140
1499 14200
1510 3460
1512 6400
1533 3220
1537 6780
1539 2680
1550 21220
1552 3460
1573 3660
1577 3220
1579 4400
1590 4820
1592 21220
1606 43240
1613 85500
1617 3660
1619 3660
1630 4340
1632 4820
1646 16900
1653 28540
1657 85500
1659 25840
1670 2680
1672 4340
1686 4040
1693 6020
1697 28540
1699 5340
1702 43240
1708 43240
1710 23880
1712 2680
1726 4860
1733 8580
1737 6020
1739 6400
1742 16900
1748 16900
1750 3760
1752 23880
1766 3960
1773 5100
1777 8580
1779 3460
1782 4040
1788 4040
1790 4520
1792 3760
1806 9480
1813 16740
1817 5100
1819 21220
1822 4860
1828 4860
1830 4560
1832 4520
1846 3640
1853 5460
1857 16740
1859 4820
1862 3960
1868 3960
1870 22420
1872 4560
1886 3340
1893 5360
1897 5460
1899 4340
1902 9480
1908 9480
1910 4260
1912 22420
1926 2500
1933 3560
1937 5360
1939 2680
1942 3640
1948 3640
1950 2900
1952 4260
1966 14200
1973 19800
1977 3560
1979 23880
1982 3340
1988 3340
1990 2140
1992 2900
2006 2680
2007 43240
2013 4620
2017 19800
2019 3760
2022 2500
2028 2500
2030 6780
2032 2140
2046 4400
2047 16900
2053 6020
2057 4620
2059 4520
2062 14200
2068 14200
2070 3220
2072 6780
2086 3660
2087 4040
2093 4440
2097 6020
2099 4560
2102 2680
2108 2680
2110 3660
2112 3220
2126 25840
2127 4860
2133 24200
2137 4440
2139 22420
2142 4400
2148 4400
2150 85500
2152 3660
2156 43240
2166 5340
2167 3960
2173 4460
2177 24200
2179 4260
2182 3660
2188 3660
2190 28540
2192 85500
2196 16900
2206 6400
2207 9480
2213 7180
2217 4460
2219 2900
2222 25840
2228 25840
2230 6020
2232 28540
2236 4040
2246 3460
2247 3640
2253 6540
2257 7180
2259 2140
2262 5340
2268 5340
2270 8580
2272 6020
2276 4860
2286 21220
2287 3340
2293 23960
2297 6540
2299 6780
2302 6400
2308 6400
2310 5100
2312 8580
2316 3960
2326 4820
2327 2500
2333 6620
2337 23960
2339 3220
2342 3460
2348 3460
2350 16740
2352 5100
2356 52720
2366 4340
2367 14200
2373 6200
2377 6620
2379 3660
2382 21220
2388 21220
2390 5460
2392 16740
2396 20540
2406 2680
2407 2680
2413 3880
2417 6200
2419 85500
2422 48060
2428 4820
2430 5360
2432 5460
2436 7380
2446 23880
2447 4400
2453 29140
2457 3880
2459 28540
2462 21240
2468 4340
2470 3560
2472 5360
2476 7360
2486 3760
2487 3660
2493 6260
2497 29140
2499 6020
2502 6720
2508 2680
2510 19800
2512 3560
2516 18160
2526 4520
2527 25840
2533 8280
2537 6260
2539 8580
2542 28740
2548 23880
2550 4620
2552 19800
2556 12160
2566 4560
2567 5340
2573 5580
2577 8280
2579 5100
2582 7720
2588 3760
2590 6020
2592 4620
2596 8040
2606 22420
2607 6400
2613 24420
2617 5580
2619 16740
2622 14000
2628 4520
2630 4440
2632 6020
2636 7000
2646 4260
2647 3460
2653 5740
2657 24420
2659 5460
2662 8200
2668 4560
2670 24200
2672 4440
2676 28340
2686 2900
2687 21220
2693 7460
2697 5740
2699 5360
2702 25760
2708 22420
2710 4460
2712 24200
2716 19540
2726 2140
2727 4820
2733 5040
2737 7460
2739 3560
2742 6760
2748 4260
2750 7180
2752 4460
2756 9080
2766 6780
2767 4340
2773 9180
2777 5040
2779 19800
2782 17100
2788 2900
2790 6540
2792 7180
2796 7860
2806 3220
2807 2680
2813 5140
2817 9180
2819 4620
2822 4820
2828 2140
2830 23960
2832 6540
2836 24880
2846 3660
2847 23880
2853 6380
2857 5140
2859 6020
2862 11180
2868 6780
2870 6620
2872 23960
2876 30660
2886 85500
2887 3760
2893 114340
2897 6380
2899 4440
2902 6880
2908 3220
2910 6200
2912 6620
2916 9680
2926 28540
2927 4520
2933 26100
2937 114340
2939 24200
2942 29500
2948 3660
2950 3880
2952 6200
2956 9080
2966 6020
2967 4560
2973 6000
2977 26100
2979 4460
2982 90840
2988 67105
