0 0
587 43240
625 43240
627 16900
665 16900
667 4040
668 43240
705 4040
707 4860
708 16900
745 4860
747 3960
748 4040
785 3960
787 9480
788 4860
825 9480
827 3640
828 3960
865 3640
867 3340
868 9480
905 3340
907 2500
908 3640
945 2500
947 14200
948 3340
985 14200
987 2680
988 2500
1025 2680
1027 4400
1028 14200
1065 4400
1067 3660
1068 2680
1105 3660
1107 25840
1108 4400
1145 25840
1147 5340
1148 3660
1175 43240
1185 5340
1187 6400
1188 25840
1215 16900
1225 6400
1227 3460
1228 5340
1255 4040
1265 3460
1267 21220
1268 6400
1295 4860
1305 21220
1307 4820
1308 3460
1335 3960
1345 4820
1347 4340
1348 21220
1375 9480
1385 4340
1387 2680
1388 4820
1415 3640
1425 2680
1427 23880
1428 4340
1455 3340
1465 23880
1467 3760
1468 2680
1495 2500
1505 3760
1507 4520
1508 23880
1509 43240
1534 43240
1535 14200
1545 4520
1547 4560
1548 3760
1549 16900
1574 16900
1575 2680
1585 4560
1587 22420
1588 4520
1589 4040
1614 4040
1615 4400
1625 22420
1627 4260
1628 4560
1629 4860
1654 4860
1655 3660
1665 4260
1667 2900
1668 22420
1669 3960
1694 3960
1695 25840
1705 2900
1707 2140
1708 4260
1709 9480
1734 9480
1735 5340
1738 43240
1745 2140
1747 6780
1748 2900
1749 3640
1774 3640
1775 6400
1778 16900
1785 6780
1787 3220
1788 2140
1789 3340
1814 3340
1815 3460
1818 4040
1825 3220
1827 3660
1828 6780
1829 2500
1854 2500
1855 21220
1858 4860
1865 3660
1867 85500
1868 3220
1869 14200
1894 14200
1895 4820
1898 3960
1905 85500
1907 28540
1908 3660
1909 2680
1934 2680
1935 4340
1938 9480
1945 28540
1947 6020
1948 85500
1949 4400
1974 4400
1975 2680
1978 3640
1985 6020
1987 8580
1988 28540
1989 3660
2014 3660
2015 23880
2018 3340
2025 8580
2027 5100
2028 6020
2029 25840
2054 25840
2055 3760
2058 2500
2065 5100
2067 16740
2068 8580
2069 5340
2094 5340
2095 4520
2098 14200
2105 16740
2107 5460
2108 5100
2109 6400
2134 6400
2135 4560
2138 2680
2145 5460
2147 5360
2148 16740
2149 3460
2174 3460
2175 22420
2178 4400
2183 43240
2185 48600
2187 3560
2188 5460
2189 21220
2214 21220
2215 4260
2218 3660
2223 16900
2225 20460
2227 19800
2228 5360
2229 4820
2254 4820
2255 2900
2258 25840
2263 4040
2265 23840
2267 4620
2268 3560
2269 4340
2294 4340
2295 2140
2298 5340
2303 4860
2305 9480
2307 6020
2308 19800
2309 2680
2334 2680
2335 6780
2338 6400
2343 3960
2345 9980
2347 4440
2348 4620
2349 23880
2374 23880
2375 3220
2378 3460
2383 9480
2385 13920
2387 24200
2388 6020
2389 3760
2414 3760
2415 3660
2418 21220
2423 3640
2425 27840
2427 4460
2428 4440
2429 4520
2454 4520
2455 85500
2458 4820
2463 3340
2465 7800
2467 7180
2468 24200
2469 4560
2494 4560
2495 28540
2498 4340
2503 2500
2505 9680
2507 6540
2508 4460
2509 22420
2534 22420
2535 6020
2536 43240
2538 2680
2543 14200
2545 20740
2547 23960
2548 7180
2549 4260
2574 4260
2575 8580
2576 16900
2578 23880
2583 2680
2585 26640
2587 6620
2588 6540
2589 2900
2614 2900
2615 5100
2616 4040
2618 3760
2623 4400
2625 11020
2627 6200
2628 23960
2629 2140
2637 43240
2654 2140
2655 16740
2656 4860
2658 4520
2663 3660
2665 9860
2667 3880
2668 6620
2669 6780
2672 43240
2677 16900
2694 6780
2695 5460
2696 3960
2698 4560
2703 25840
2705 29720
2707 29140
2708 6200
2709 3220
2712 16900
2717 4040
2734 3220
2735 5360
2736 9480
2738 22420
2743 5340
2745 34480
2747 6260
2748 3880
2749 3660
2752 4040
2757 4860
2774 3660
2775 3560
2776 3640
2778 4260
2783 6400
2785 12660
2787 8280
2788 29140
2789 85500
2792 4860
2797 3960
2814 85500
2815 19800
2816 3340
2818 2900
2823 3460
2825 11740
2827 5580
2828 6260
2829 28540
2832 3960
2837 9480
2854 28540
2855 4620
2856 2500
2858 2140
2863 21220
2865 26800
2867 24420
2868 8280
2869 6020
2872 9480
2877 3640
2894 6020
2895 6020
2896 14200
2898 6780
2903 4820
2905 29240
2907 5740
2908 5580
2909 8580
2912 3640
2917 3340
2934 8580
2935 4440
2936 2680
2938 3220
2943 4340
2945 10080
2947 7460
2948 24420
2949 5100
2952 3340
2957 2500
2974 5100
2975 24200
2976 4400
2978 3660
2983 2680
2985 10140
2987 5040
2988 5740
2989 16740
2992 1125
