0 0
244 43240
284 16900
324 4040
364 4860
404 3960
444 9480
484 3640
524 3340
564 2500
604 14200
644 2680
684 4400
724 3660
764 25840
804 5340
844 6400
884 3460
924 21220
964 4820
1004 4340
1044 2680
1049 43240
1084 23880
1089 16900
1124 3760
1129 4040
1164 4520
1169 4860
1204 4560
1209 3960
1244 22420
1249 9480
1284 4260
1289 3640
1324 2900
1329 3340
1364 2140
1369 2500
1404 6780
1409 14200
1444 3220
1449 2680
1484 3660
1489 4400
1524 85500
1529 3660
1564 28540
1569 25840
1604 6020
1609 5340
1644 8580
1649 6400
1684 5100
1689 3460
1724 16740
1729 21220
1750 43240
1764 5460
1769 4820
1790 16900
1804 5360
1809 4340
1830 4040
1844 3560
1849 2680
1870 4860
1884 19800
1889 23880
1910 3960
1924 4620
1929 3760
1950 9480
1964 6020
1969 4520
1990 3640
2004 4440
2009 4560
2030 3340
2044 24200
2049 22420
2070 2500
2084 4460
2089 4260
2110 14200
2124 7180
2129 2900
2150 2680
2164 6540
2169 2140
2190 4400
2204 23960
2209 6780
2230 3660
2244 6620
2249 3220
2270 25840
2284 6200
2289 3660
2310 5340
2324 3880
2329 85500
2350 6400
2364 29140
2369 28540
2390 3460
2404 6260
2409 6020
2430 21220
2444 8280
2449 8580
2470 4820
2484 5580
2489 5100
2510 4340
2524 24420
2529 16740
2537 43240
2550 2680
2564 5740
2569 5460
2577 16900
2590 23880
2604 7460
2609 5360
2617 47280
2630 3760
2644 5040
2649 3560
2657 21760
2670 4520
2684 9180
2689 19800
2697 8000
2710 4560
2724 5140
2729 4620
2737 14340
2750 22420
2764 6380
2769 6020
2777 7600
2790 4260
2804 114340
2809 4440
2817 12820
2830 2900
2844 26100
2849 24200
2857 6140
2870 2140
2884 6000
2889 4460
2897 17540
2910 6780
2924 9080
2929 7180
2937 5180
2950 3220
2964 5860
2969 6540
2977 18600
2990 2928
