0 0
169 43240
209 16900
224 43240
249 4040
264 16900
289 4860
304 4040
329 3960
344 4860
369 9480
384 3960
409 3640
424 9480
449 3340
464 3640
489 2500
504 3340
529 14200
544 2500
569 2680
584 14200
609 4400
624 2680
649 3660
664 4400
689 25840
704 3660
729 5340
744 25840
758 43240
769 6400
784 5340
798 16900
809 3460
824 6400
838 4040
849 21220
864 3460
878 4860
889 4820
904 21220
918 3960
929 4340
944 4820
958 9480
969 2680
984 4340
998 3640
1009 23880
1024 2680
1038 3340
1049 3760
1064 23880
1078 2500
1089 4520
1104 3760
1118 14200
1129 4560
1144 4520
1158 2680
1169 22420
1184 4560
1198 4400
1209 4260
1224 22420
1237 43240
1238 3660
1249 2900
1264 4260
1277 16900
1278 25840
1289 2140
1304 2900
1317 4040
1318 5340
1329 6780
1344 2140
1357 4860
1358 6400
1369 3220
1384 6780
1397 3960
1398 3460
1409 3660
1424 3220
1437 9480
1438 21220
1449 85500
1464 3660
1477 3640
1478 4820
1489 28540
1504 85500
1517 3340
1518 4340
1529 6020
1544 28540
1557 2500
1558 2680
1569 8580
1584 6020
1597 14200
1598 23880
1609 5100
1624 8580
1637 2680
1638 3760
1649 16740
1664 5100
1677 4400
1678 4520
1689 5460
1704 16740
1717 3660
1718 4560
1729 5360
1744 5460
1757 25840
1758 22420
1769 3560
1784 5360
1797 5340
1798 4260
1809 19800
1824 3560
1837 6400
1838 2900
1849 4620
1864 19800
1877 3460
1878 2140
1889 6020
1904 4620
1917 21220
1918 6780
1929 4440
1944 6020
1957 4820
1958 3220
1969 24200
1984 4440
1997 4340
1998 3660
2009 4460
2024 24200
2037 2680
2038 85500
2049 7180
2064 4460
2072 43240
2077 23880
2078 28540
2089 6540
2091 43240
2104 7180
2112 16900
2117 3760
2118 6020
2129 23960
2131 16900
2144 6540
2152 4040
2157 4520
2158 8580
2169 6620
2171 4040
2179 43240
2184 23960
2192 4860
2197 4560
2198 5100
2209 6200
2211 4860
2219 16900
2224 6620
2232 3960
2237 22420
2238 16740
2249 3880
2251 3960
2258 43240
2259 4040
2264 6200
2272 9480
2277 4260
2278 5460
2289 29140
2291 9480
2298 16900
2299 4860
2304 3880
2312 3640
2317 2900
2318 5360
2329 6260
2331 3640
2338 4040
2339 3960
2344 29140
2352 3340
2357 2140
2358 3560
2369 8280
2371 3340
2378 4860
2379 9480
2384 6260
2392 2500
2397 6780
2398 19800
2409 5580
2411 2500
2418 3960
2419 3640
2424 8280
2432 14200
2437 3220
2438 4620
2449 24420
2451 14200
2458 9480
2459 3340
2464 5580
2472 2680
2477 3660
2478 6020
2489 5740
2491 2680
2498 3640
2499 2500
2504 24420
2509 43240
2512 4400
2517 85500
2518 4440
2529 7460
2531 4400
2538 3340
2539 14200
2544 5740
2549 16900
2552 3660
2557 28540
2558 24200
2569 5040
2571 3660
2578 2500
2579 2680
2584 7460
2589 4040
2592 25840
2597 6020
2598 4460
2609 9180
2611 25840
2618 14200
2619 4400
2624 5040
2629 4860
2632 5340
2637 8580
2638 7180
2649 48380
2651 5340
2658 2680
2659 3660
2664 9180
2669 3960
2672 6400
2677 5100
2678 6540
2680 43240
2689 23280
2691 6400
2698 4400
2699 25840
2704 5140
2709 9480
2712 3460
2717 16740
2718 23960
2720 16900
2729 118380
2731 3460
2738 3660
2739 5340
2744 6380
2749 3640
2752 21220
2757 5460
2758 6620
2760 4040
2769 30960
2771 21220
2778 25840
2779 6400
2784 114340
2789 3340
2792 4820
2797 5360
2798 6200
2800 4860
2809 9960
2811 4820
2818 5340
2819 3460
2824 26100
2829 2500
2832 4340
2837 3560
2838 3880
2840 3960
2849 18560
2851 4340
2858 6400
2859 21220
2864 6000
2869 14200
2872 2680
2877 19800
2878 29140
2880 9480
2889 9500
2891 2680
2898 3460
2899 4820
2904 9080
2909 2680
2912 23880
2917 4620
2918 6260
2920 3640
2929 26920
2931 23880
2938 21220
2939 4340
2944 5860
2949 4400
2952 3760
2957 6020
2958 8280
2960 3340
2969 8980
2971 3760
2978 4820
2979 2680
2984 23580
