0 0
239 43240
279 16900
282 43240
319 4040
322 16900
359 4860
362 4040
399 3960
402 4860
439 9480
442 3960
451 43240
479 3640
482 9480
491 16900
519 3340
522 3640
531 4040
559 2500
562 3340
571 4860
599 14200
602 2500
611 3960
622 43240
639 2680
642 14200
651 9480
662 16900
679 4400
682 2680
691 3640
702 4040
719 3660
722 4400
731 3340
742 4860
759 25840
762 3660
771 2500
782 3960
799 5340
802 25840
811 14200
822 9480
839 6400
842 5340
851 2680
862 3640
879 3460
882 6400
891 4400
902 3340
919 21220
922 3460
931 3660
942 2500
959 4820
962 21220
964 43240
971 25840
982 14200
999 4340
1002 4820
1004 16900
1011 5340
1022 2680
1039 2680
1042 4340
1044 4040
1051 6400
1062 4400
1079 23880
1082 2680
1084 4860
1091 3460
1102 3660
1119 3760
1122 23880
1124 3960
1131 21220
1136 43240
1142 25840
1159 4520
1162 3760
1164 9480
1171 4820
1176 16900
1182 5340
1199 4560
1202 4520
1204 3640
1211 4340
1216 4040
1222 6400
1239 22420
1242 4560
1244 3340
1251 2680
1256 4860
1262 3460
1279 4260
1282 22420
1284 2500
1291 23880
1296 3960
1302 21220
1319 2900
1322 4260
1324 14200
1331 3760
1336 9480
1342 4820
1359 2140
1362 2900
1364 2680
1371 4520
1376 3640
1382 4340
1399 6780
1402 2140
1404 4400
1409 43240
1411 4560
1416 3340
1422 2680
1439 3220
1442 6780
1444 3660
1449 16900
1451 22420
1456 2500
1460 43240
1462 23880
1479 3660
1482 3220
1484 25840
1489 4040
1491 4260
1496 14200
1500 16900
1502 3760
1519 85500
1522 3660
1524 5340
1529 4860
1531 2900
1536 2680
1540 4040
1542 4520
1559 28540
1562 85500
1564 6400
1569 3960
1571 2140
1576 4400
1580 4860
1582 4560
1599 6020
1602 28540
1604 3460
1609 9480
1611 6780
1616 3660
1620 3960
1622 22420
1639 8580
1642 6020
1644 21220
1649 3640
1651 3220
1656 25840
1660 9480
1662 4260
1679 5100
1682 8580
1684 4820
1689 3340
1691 3660
1696 5340
1700 3640
1702 2900
1719 16740
1722 5100
1724 4340
1729 2500
1731 85500
1736 6400
1740 3340
1742 2140
1759 5460
1762 16740
1764 2680
1769 14200
1771 28540
1776 3460
1780 2500
1782 6780
1799 5360
1802 5460
1804 23880
1805 43240
1809 2680
1811 6020
1816 21220
1820 14200
1822 3220
1839 3560
1842 5360
1844 3760
1845 16900
1849 4400
1851 8580
1856 4820
1860 2680
1862 3660
1879 19800
1882 3560
1884 4520
1885 4040
1887 43240
1889 3660
1891 5100
1896 4340
1900 4400
1902 85500
1919 4620
1922 19800
1924 4560
1925 4860
1927 16900
1929 25840
1931 16740
1936 2680
1940 3660
1942 28540
1959 6020
1962 4620
1964 22420
1965 3960
1967 4040
1969 5340
1971 5460
1976 23880
1980 25840
1982 6020
1999 4440
2002 6020
2004 4260
2005 9480
2007 4860
2009 6400
2011 5360
2016 3760
2020 5340
2022 8580
2039 24200
2042 4440
2044 2900
2045 3640
2047 3960
2049 3460
2051 3560
2056 4520
2060 6400
2062 5100
2075 43240
2079 4460
2082 24200
2084 2140
2085 3340
2087 9480
2089 21220
2091 19800
2096 4560
2100 3460
2102 16740
2115 16900
2119 7180
2122 4460
2124 6780
2125 2500
2127 3640
2129 4820
2131 4620
2136 22420
2140 21220
2142 5460
2155 4040
2159 6540
2162 7180
2164 3220
2165 14200
2167 3340
2169 4340
2171 6020
2176 4260
2180 4820
2182 5360
2195 4860
2199 23960
2202 6540
2204 3660
2205 2680
2207 2500
2209 2680
2211 4440
2216 2900
2220 4340
2222 3560
2235 3960
2239 6620
2242 23960
2244 85500
2245 4400
2247 14200
2249 23880
2251 24200
2256 2140
2260 2680
2262 19800
2275 9480
2279 6200
2282 6620
2284 28540
2285 3660
2287 2680
2289 3760
2291 4460
2296 6780
2300 23880
2302 4620
2315 3640
2319 3880
2322 6200
2324 6020
2325 25840
2327 4400
2329 4520
2331 7180
2336 3220
2340 3760
2342 6020
2355 3340
2359 29140
2362 3880
2364 8580
2365 5340
2367 3660
2369 4560
2371 6540
2376 3660
2380 4520
2382 4440
2395 2500
2399 6260
2402 29140
2404 5100
2405 6400
2407 25840
2409 22420
2411 23960
2416 85500
2420 4560
2422 24200
2435 14200
2439 8280
2442 6260
2444 16740
2445 3460
2447 5340
2449 4260
2451 6620
2456 28540
2459 43240
2460 22420
2462 4460
2475 2680
2479 5580
2482 8280
2484 5460
2485 21220
2487 6400
2489 2900
2491 6200
2496 6020
2499 16900
2500 4260
2502 7180
2515 4400
2519 24420
2522 5580
2524 5360
2525 4820
2527 3460
2529 2140
2531 3880
2536 8580
2539 4040
2540 2900
2542 6540
2555 3660
2559 5740
2562 24420
2564 3560
2565 4340
2567 21220
2569 6780
2571 29140
2576 5100
2579 4860
2580 2140
2582 23960
2595 25840
2599 7460
2602 5740
2604 19800
2605 2680
2607 4820
2609 3220
2611 6260
2616 16740
2619 3960
2620 6780
2622 6620
2635 5340
2639 5040
2641 43240
2642 7460
2644 4620
2645 23880
2647 4340
2649 3660
2651 8280
2656 5460
2659 9480
2660 3220
2662 6200
2675 6400
2679 9180
2681 16900
2682 5040
2684 6020
2685 3760
2687 2680
2689 85500
2691 5580
2696 5360
2699 3640
2700 3660
2702 3880
2715 3460
2719 5140
2721 4040
2722 9180
2724 4440
2725 4520
2727 23880
2729 28540
2731 24420
2736 3560
2739 3340
2740 85500
2742 29140
2755 21220
2759 6380
2761 4860
2762 5140
2764 24200
2765 4560
2767 3760
2769 6020
2771 5740
2776 19800
2779 2500
2780 28540
2782 6260
2795 4820
2799 114340
2800 43240
2801 3960
2802 6380
2804 4460
2805 22420
2807 4520
2809 8580
2811 7460
2816 4620
2819 14200
2820 6020
2822 8280
2835 4340
2839 26100
2840 16900
2841 9480
2842 114340
2844 7180
2845 4260
2847 4560
2849 5100
2851 5040
2856 6020
2859 2680
2860 8580
2862 5580
2875 2680
2879 6000
2880 4040
2881 3640
2882 26100
2884 6540
2885 2900
2887 22420
2889 16740
2891 9180
2896 4440
2899 4400
2900 5100
2902 24420
2915 23880
2919 9080
2920 4860
2921 3340
2922 6000
2924 23960
2925 2140
2927 4260
2929 5460
2931 5140
2936 24200
2939 3660
2940 16740
2942 5740
2955 3760
2959 5860
2960 3960
2961 2500
2962 9080
2964 6620
2965 6780
2967 2900
2969 5360
