0 0
298 43240
338 16900
378 4040
418 4860
458 3960
498 9480
538 3640
578 3340
618 2500
633 43240
658 14200
673 16900
698 2680
713 4040
730 43240
738 4400
753 4860
770 16900
778 3660
793 3960
810 4040
818 25840
833 9480
850 4860
858 5340
873 3640
879 43240
890 3960
898 6400
903 43240
913 3340
919 16900
930 9480
938 3460
943 16900
953 2500
959 4040
970 3640
978 21220
983 4040
993 14200
999 4860
1005 43240
1010 3340
1018 4820
1023 4860
1033 2680
1039 3960
1045 16900
1050 2500
1058 4340
1063 3960
1073 4400
1079 9480
1085 4040
1090 14200
1098 2680
1103 9480
1113 3660
1119 3640
1125 4860
1130 2680
1138 23880
1143 3640
1153 25840
1159 3340
1165 3960
1170 4400
1178 3760
1183 3340
1193 5340
1194 43240
1199 2500
1205 9480
1210 3660
1218 4520
1223 2500
1233 6400
1234 16900
1239 14200
1245 3640
1250 25840
1258 4560
1263 14200
1273 3460
1274 4040
1279 2680
1281 43240
1285 3340
1290 5340
1298 22420
1303 2680
1313 21220
1314 4860
1319 4400
1321 16900
1325 2500
1330 6400
1338 4260
1343 4400
1353 4820
1354 3960
1359 3660
1361 4040
1365 14200
1370 3460
1378 2900
1383 3660
1393 4340
1394 9480
1399 25840
1401 4860
1405 2680
1410 21220
1418 2140
1423 25840
1433 2680
1434 3640
1439 5340
1441 3960
1445 4400
1450 4820
1458 6780
1463 5340
1473 23880
1474 3340
1479 6400
1481 9480
1485 3660
1490 4340
1498 3220
1503 6400
1513 3760
1514 2500
1519 3460
1521 3640
1525 25840
1530 2680
1538 3660
1543 3460
1553 4520
1554 14200
1559 21220
1561 3340
1565 5340
1570 23880
1578 85500
1583 21220
1593 4560
1594 2680
1599 4820
1601 2500
1605 6400
1610 47000
1618 28540
1623 4820
1629 43240
1633 22420
1634 4400
1639 4340
1641 14200
1645 3460
1650 21420
1658 6020
1663 4340
1669 16900
1673 4260
1674 3660
1679 2680
1681 2680
1685 21220
1690 8600
1698 8580
1703 2680
1709 4040
1713 2900
1714 25840
1719 23880
1721 4400
1725 4820
1730 27280
1738 5100
1743 23880
1749 4860
1753 2140
1754 5340
1759 3760
1761 3660
1765 4340
1770 8220
1778 16740
1783 3760
1789 3960
1793 6780
1794 6400
1799 4520
1801 25840
1805 2680
1810 12380
1818 5460
1823 4520
1829 9480
1833 3220
1834 3460
1839 4560
1841 5340
1845 23880
1850 5780
1858 5360
1863 4560
1869 3640
1873 3660
1874 21220
1879 22420
1881 6400
1885 3760
1890 10120
1898 3560
1903 22420
1909 3340
1913 85500
1914 4820
1919 4260
1921 3460
1925 4520
1930 5720
1938 19800
1943 4260
1949 2500
1953 28540
1954 4340
1959 2900
1961 21220
1962 43240
1965 4560
1970 17860
1978 4620
1983 2900
1989 14200
1993 6020
1994 2680
1999 2140
2001 4820
2002 16900
2005 22420
2010 88180
2018 6020
2023 2140
2029 2680
2033 8580
2034 23880
2039 6780
2041 4340
2042 4040
2045 4260
2050 32940
2058 4440
2063 6780
2069 4400
2073 5100
2074 3760
2079 3220
2081 2680
2082 4860
2085 2900
2090 9680
2098 24200
2103 3220
2109 3660
2113 16740
2114 4520
2119 3660
2121 23880
2122 3960
2125 2140
2130 34420
2138 4460
2142 43240
2143 3660
2149 25840
2153 5460
2154 4560
2159 85500
2161 3760
2162 9480
2165 6780
2170 10440
2178 7180
2182 16900
2183 85500
2189 5340
2193 5360
2194 22420
2199 28540
2201 4520
2202 3640
2205 3220
2210 23140
2218 6540
2222 4040
2223 28540
2229 6400
2233 3560
2234 4260
2239 6020
2241 4560
2242 3340
2245 3660
2250 8920
2258 23960
2262 4860
2263 6020
2269 3460
2271 43240
2273 19800
2274 2900
2279 8580
2281 22420
2282 2500
2285 85500
2290 26580
2298 6620
2302 3960
2303 8580
2309 21220
2311 16900
2313 4620
2314 2140
2319 5100
2321 4260
2322 14200
2325 28540
2330 8380
2338 6200
2342 9480
2343 5100
2349 4820
2351 4040
2353 6020
2354 6780
2359 16740
2361 2900
2362 2680
2365 6020
2370 24140
2378 3880
2382 3640
2383 16740
2389 4340
2391 4860
2393 4440
2394 3220
2399 5460
2401 2140
2402 4400
2405 8580
2410 7300
2418 29140
2422 3340
2423 5460
2429 2680
2431 3960
2433 24200
2434 3660
2439 5360
2441 6780
2442 3660
2445 5100
2450 29900
2458 6260
2462 2500
2463 5360
2469 23880
2471 9480
2473 4460
2474 85500
2479 3560
2481 3220
2482 25840
2485 16740
2490 8200
2498 8280
2502 14200
2503 3560
2509 3760
2511 3640
2513 7180
2514 28540
2519 19800
2521 3660
2522 5340
2525 5460
2530 28720
2538 5580
2542 2680
2543 19800
2549 4520
2551 3340
2553 6540
2554 6020
2559 4620
2561 85500
2562 6400
2565 5360
2570 9020
2578 24420
2582 4400
2583 4620
2589 4560
2591 2500
2593 23960
2594 8580
2599 6020
2601 28540
2602 3460
2605 3560
2610 29600
2618 5740
2622 3660
2623 6020
2629 22420
2631 14200
2633 6620
2634 5100
2639 4440
2641 6020
2642 21220
2645 19800
2650 10800
2658 7460
2662 25840
2663 4440
2669 4260
2671 2680
2673 6200
2674 16740
2679 24200
2681 8580
2682 4820
2685 4620
2690 26860
2698 5040
2702 5340
2703 24200
2707 43240
2709 2900
2711 4400
2713 3880
2714 5460
2719 4460
2721 5100
2722 4340
2725 6020
2730 8760
2738 9180
2742 6400
2743 4460
2747 16900
2749 2140
2751 3660
2753 29140
2754 5360
2759 7180
2761 16740
2762 2680
2765 4440
2770 12980
2778 5140
2782 3460
2783 7180
2787 4040
2789 6780
2791 25840
2793 6260
2794 3560
2799 6540
2801 5460
2802 23880
2805 24200
2810 7100
2818 6380
2822 21220
2823 6540
2827 4860
2829 3220
2831 5340
2833 8280
2834 19800
2839 23960
2841 5360
2842 3760
2845 4460
2850 32800
2858 114340
2862 4820
2863 23960
2867 3960
2869 3660
2871 6400
2873 5580
2874 4620
2879 6620
2881 3560
2882 4520
2885 7180
2890 91760
2898 26100
2902 4340
2903 6620
2907 9480
2909 85500
2911 3460
2913 24420
2914 6020
2919 6200
2921 19800
2922 4560
2925 6540
2930 36820
2938 6000
2942 2680
2943 6200
2947 3640
2949 28540
2951 21220
2953 5740
2954 4440
2959 3880
2961 4620
2962 22420
2965 23960
2970 11600
2978 9080
2982 23880
2983 3880
2987 3340
2989 6020
2991 4820
2993 7460
2994 18150
