0 0
256 43240
296 16900
336 4040
376 4860
416 3960
456 9480
496 3640
536 3340
576 2500
616 14200
656 2680
696 4400
736 3660
750 43240
776 25840
790 16900
816 5340
825 43240
830 4040
856 6400
865 16900
870 4860
896 3460
905 4040
910 3960
936 21220
945 4860
950 9480
976 4820
985 3960
990 3640
1016 4340
1025 9480
1030 3340
1056 2680
1065 3640
1066 43240
1070 2500
1096 23880
1105 3340
1106 16900
1110 14200
1136 3760
1145 2500
1146 4040
1150 2680
1176 4520
1185 14200
1186 4860
1190 4400
1216 4560
1225 2680
1226 3960
1230 3660
1256 22420
1265 4400
1266 9480
1270 25840
1296 4260
1305 3660
1306 3640
1310 5340
1336 2900
1345 25840
1346 3340
1350 6400
1376 2140
1385 5340
1386 2500
1390 3460
1416 6780
1425 6400
1426 14200
1430 21220
1456 3220
1465 3460
1466 2680
1470 4820
1496 3660
1505 21220
1506 4400
1510 4340
1536 85500
1545 4820
1546 3660
1550 2680
1576 28540
1585 4340
1586 25840
1590 23880
1599 43240
1616 6020
1625 2680
1626 5340
1630 3760
1639 16900
1656 8580
1665 23880
1666 6400
1670 4520
1679 4040
1696 5100
1705 3760
1706 3460
1710 4560
1719 4860
1736 16740
1745 4520
1746 21220
1750 22420
1759 3960
1772 43240
1776 5460
1785 4560
1786 4820
1790 4260
1799 9480
1812 16900
1816 5360
1825 22420
1826 4340
1830 46140
1839 3640
1852 4040
1856 3560
1865 4260
1866 2680
1870 19040
1879 3340
1892 4860
1896 19800
1905 2900
1906 23880
1910 10820
1919 2500
1932 3960
1933 43240
1936 4620
1945 2140
1946 3760
1950 8080
1959 14200
1965 43240
1972 9480
1973 16900
1976 6020
1985 6780
1986 4520
1990 7620
1999 2680
2005 16900
2012 3640
2013 4040
2016 4440
2025 3220
2026 4560
2030 94980
2039 4400
2045 4040
2052 3340
2053 4860
2055 43240
2056 24200
2065 3660
2066 22420
2070 32180
2079 3660
2085 4860
2092 2500
2093 3960
2095 16900
2096 4460
2105 85500
2106 4260
2110 9360
2119 25840
2125 3960
2132 14200
2133 9480
2135 4040
2136 7180
2145 28540
2146 2900
2150 11080
2159 5340
2165 9480
2172 2680
2173 3640
2175 4860
2176 6540
2185 6020
2186 2140
2190 19300
2199 6400
2205 3640
2212 4400
2213 3340
2215 3960
2216 23960
2225 8580
2226 6780
2230 19420
2239 3460
2245 3340
2252 3660
2253 2500
2255 9480
2256 6620
2265 5100
2266 3220
2270 9860
2279 21220
2285 2500
2292 25840
2293 14200
2295 3640
2296 6200
2305 16740
2306 3660
2310 9020
2319 4820
2325 14200
2332 5340
2333 2680
2335 3340
2336 3880
2345 5460
2346 85500
2350 29400
2356 43240
2359 4340
2365 2680
2372 6400
2373 4400
2375 2500
2376 29140
2385 5360
2386 28540
2390 25140
2396 16900
2399 2680
2405 4400
2412 3460
2413 3660
2415 14200
2416 6260
2425 3560
2426 6020
2430 11020
2436 4040
2439 23880
2445 3660
2452 21220
2453 25840
2455 2680
2456 8280
2465 19800
2466 8580
2470 9480
2476 4860
2479 3760
2480 43240
2485 25840
2492 4820
2493 5340
2495 4400
2496 5580
2505 4620
2506 5100
2510 25660
2516 3960
2519 4520
2520 16900
2525 5340
2532 4340
2533 6400
2535 3660
2536 24420
2545 6020
2546 16740
2550 29020
2556 9480
2559 4560
2560 4040
2565 6400
2572 2680
2573 3460
2575 25840
2576 5740
2585 4440
2586 5460
2590 8800
2596 3640
2599 22420
2600 4860
2605 3460
2612 23880
2613 21220
2615 5340
2616 7460
2625 24200
2626 5360
2630 9860
2636 3340
2639 4260
2640 3960
2645 21220
2652 3760
2653 4820
2655 6400
2656 5040
2665 4460
2666 3560
2670 30420
2676 2500
2679 2900
2680 9480
2685 4820
2692 4520
2693 4340
2695 3460
2696 9180
2705 7180
2706 19800
2710 27720
2716 14200
2719 2140
2720 3640
2725 4340
2732 4560
2733 2680
2735 21220
2736 5140
2745 6540
2746 4620
2750 11140
2756 2680
2759 6780
2760 3340
2765 2680
2772 22420
2773 23880
2775 4820
2776 6380
2785 23960
2786 6020
2790 10760
2796 4400
2799 3220
2800 2500
2805 23880
2812 4260
2813 3760
2815 4340
2816 114340
2825 6620
2826 4440
2830 26300
2836 3660
2839 3660
2840 14200
2845 3760
2852 2900
2853 4520
2855 2680
2856 26100
2865 6200
2866 24200
2870 33400
2876 25840
2879 85500
2880 2680
2885 4520
2890 43240
2892 2140
2893 4560
2895 23880
2896 6000
2905 3880
2906 4460
2910 9160
2916 5340
2919 28540
2920 4400
2925 4560
2930 16900
2932 6780
2933 22420
2935 3760
2936 9080
2945 29140
2946 7180
2950 10420
2956 6400
2959 6020
2960 3660
2965 22420
2970 4040
2972 3220
2973 4260
2975 4520
2976 5860
2985 6260
2986 6540
2990 12360
2996 3460
2999 3003
