0 0
126 43240
166 16900
206 4040
234 43240
246 4860
274 16900
286 3960
301 43240
314 4040
326 9480
341 16900
354 4860
366 3640
381 4040
394 3960
406 3340
419 43240
421 4860
434 9480
446 2500
459 16900
461 3960
474 3640
486 14200
499 4040
501 9480
514 3340
526 2680
539 4860
541 3640
554 2500
566 4400
579 3960
581 3340
594 14200
606 3660
619 9480
621 2500
634 2680
646 25840
659 3640
661 14200
674 4400
686 5340
699 3340
701 2680
714 3660
726 6400
739 2500
741 4400
754 25840
766 3460
779 14200
781 3660
788 43240
794 5340
806 21220
819 2680
821 25840
828 16900
834 6400
846 4820
859 4400
861 5340
868 4040
874 3460
886 4340
899 3660
901 6400
908 4860
914 21220
926 2680
939 25840
941 3460
948 3960
954 4820
966 23880
979 5340
981 21220
988 9480
991 43240
994 4340
1006 3760
1019 6400
1021 4820
1028 3640
1031 16900
1034 2680
1046 4520
1059 3460
1061 4340
1068 3340
1071 4040
1074 23880
1086 4560
1099 21220
1101 2680
1108 2500
1111 4860
1114 3760
1126 22420
1139 4820
1141 23880
1148 14200
1151 3960
1154 4520
1166 4260
1179 4340
1181 3760
1188 2680
1191 9480
1194 4560
1206 2900
1219 2680
1221 4520
1228 4400
1231 3640
1234 22420
1246 2140
1259 23880
1261 4560
1268 3660
1271 3340
1274 4260
1286 6780
1290 43240
1299 3760
1301 22420
1308 25840
1311 2500
1314 2900
1323 43240
1326 3220
1330 16900
1339 4520
1341 4260
1348 5340
1351 14200
1354 2140
1363 16900
1366 3660
1370 4040
1379 4560
1381 2900
1388 6400
1391 2680
1394 6780
1403 4040
1406 85500
1410 4860
1419 22420
1421 2140
1428 3460
1431 4400
1434 3220
1443 4860
1446 28540
1450 3960
1459 4260
1461 6780
1468 21220
1471 3660
1474 3660
1483 3960
1486 6020
1490 9480
1499 2900
1501 3220
1508 4820
1511 25840
1514 85500
1523 9480
1526 8580
1530 3640
1534 43240
1539 2140
1541 3660
1548 4340
1551 5340
1554 28540
1563 3640
1566 5100
1570 3340
1574 16900
1579 6780
1581 85500
1588 2680
1591 6400
1594 6020
1603 3340
1606 16740
1610 2500
1614 4040
1619 3220
1621 28540
1628 23880
1631 3460
1634 8580
1643 2500
1646 5460
1650 14200
1654 48100
1659 3660
1661 6020
1668 3760
1671 21220
1674 5100
1683 14200
1686 5360
1690 2680
1694 20860
1699 85500
1701 8580
1708 4520
1711 4820
1714 16740
1723 2680
1726 3560
1730 4400
1734 13520
1739 28540
1741 5100
1748 4560
1751 4340
1754 5460
1763 4400
1766 19800
1770 3660
1774 8500
1779 6020
1781 16740
1788 22420
1791 2680
1794 5360
1803 3660
1806 4620
1810 25840
1814 7300
1819 8580
1821 5460
1828 4260
1831 23880
1834 3560
1843 25840
1846 6020
1850 5340
1854 11980
1859 5100
1861 5360
1868 2900
1871 3760
1874 19800
1883 5340
1886 4440
1890 6400
1894 17840
1899 16740
1901 3560
1908 2140
1911 4520
1914 4620
1923 6400
1926 24200
1930 3460
1934 6020
1939 5460
1941 19800
1948 6780
1951 4560
1954 6020
1963 3460
1966 4460
1970 21220
1974 6900
1979 5360
1981 4620
1988 3220
1991 22420
1994 4440
2003 21220
2006 7180
2010 4820
2014 17860
2019 3560
2021 6020
2025 43240
2028 3660
2031 4260
2034 24200
2043 4820
2046 6540
2050 4340
2054 28520
2059 19800
2061 4440
2065 16900
2068 85500
2071 2900
2074 4460
2083 4340
2086 23960
2090 2680
2094 9740
2099 4620
2101 24200
2105 4040
2108 28540
2111 2140
2114 7180
2123 2680
2126 6620
2130 23880
2134 10060
2139 6020
2141 4460
2145 4860
2148 6020
2151 6780
2154 6540
2163 23880
2166 6200
2170 3760
2174 29300
2179 4440
2181 7180
2185 3960
2188 8580
2191 3220
2194 23960
2203 3760
2206 3880
2210 4520
2214 26560
2219 24200
2221 6540
2225 9480
2228 5100
2231 3660
2233 43240
2234 6620
2243 4520
2246 29140
2250 4560
2254 11220
2259 4460
2261 23960
2265 3640
2268 16740
2271 85500
2273 16900
2274 6200
2283 4560
2286 6260
2290 22420
2294 7800
2299 7180
2301 6620
2305 3340
2308 5460
2311 28540
2313 4040
2314 3880
2323 22420
2326 8280
2330 4260
2334 23900
2339 6540
2341 6200
2345 2500
2348 5360
2351 6020
2353 4860
2354 29140
2363 4260
2366 5580
2370 2900
2374 28700
2379 23960
2381 3880
2385 14200
2388 3560
2391 8580
2393 3960
2394 6260
2403 2900
2406 24420
2410 2140
2414 8100
2419 6620
2421 29140
2425 2680
2428 19800
2431 5100
2433 9480
2434 8280
2443 2140
2446 5740
2450 6780
2454 7200
2459 6200
2461 6260
2465 4400
2468 4620
2471 16740
2473 3640
2474 5580
2483 6780
2486 7460
2490 3220
2494 28440
2499 3880
2501 8280
2505 3660
2508 6020
2511 5460
2513 3340
2514 24420
2523 3220
2526 5040
2530 3660
2534 26180
2539 29140
2541 5580
2545 25840
2548 4440
2551 5360
2553 2500
2554 5740
2563 3660
2566 9180
2570 85500
2574 8780
2579 6260
2581 24420
2585 5340
2588 24200
2591 3560
2593 14200
2594 7460
2603 85500
2606 5140
2610 28540
2614 7460
2619 8280
2621 5740
2625 6400
2628 4460
2631 19800
2633 2680
2634 5040
2643 28540
2646 6380
2650 6020
2654 24560
2659 5580
2661 7460
2665 3460
2668 7180
2671 4620
2673 4400
2674 9180
2683 6020
2686 114340
2690 8580
2694 11040
2699 24420
2701 5040
2705 21220
2706 43240
2708 6540
2711 6020
2713 3660
2714 5140
2723 8580
2726 26100
2730 5100
2734 6120
2739 5740
2741 9180
2745 4820
2746 16900
2748 23960
2751 4440
2753 25840
2754 6380
2763 5100
2766 6000
2770 16740
2774 5800
2779 7460
2781 5140
2785 4340
2786 4040
2788 6620
2791 24200
2793 5340
2794 114340
2803 16740
2806 9080
2810 5460
2814 92280
2819 5040
2821 6380
2825 2680
2826 4860
2828 6200
2831 4460
2833 6400
2834 26100
2843 5460
2846 5860
2850 5360
2854 31760
2859 9180
2861 114340
2865 23880
2866 3960
2868 3880
2871 7180
2873 3460
2874 6000
2883 5360
2886 23580
2890 3560
2894 9680
2899 5140
2901 26100
2905 3760
2906 9480
2908 29140
2911 6540
2913 21220
2914 9080
2923 3560
2926 6480
2930 19800
2934 94080
2939 6380
2941 6000
2945 4520
2946 3640
2948 6260
2951 23960
2953 4820
2954 5860
2963 19800
2966 9400
2970 4620
2974 33640
2979 114340
2981 9080
2985 4560
2986 3340
2988 8280
2991 993
