0 0
572 43240
593 43240
612 16900
633 16900
652 47280
673 4040
692 21760
713 4860
732 8000
753 3960
772 14340
793 9480
812 7600
833 3640
852 12820
873 3340
892 6140
913 2500
932 17540
953 14200
972 5180
993 2680
1012 18600
1033 4400
1052 6340
1073 3660
1092 30240
1113 25840
1121 43240
1132 9000
1153 5340
1161 16900
1172 32240
1193 6400
1201 4040
1212 8800
1233 3460
1241 4860
1252 27620
1273 21220
1281 3960
1292 8280
1313 4820
1321 9480
1332 25560
1353 4340
1361 3640
1372 7500
1393 2680
1401 3340
1412 28220
1433 23880
1441 2500
1452 6440
1473 3760
1481 14200
1492 28400
1513 4520
1521 2680
1532 8320
1553 4560
1561 4400
1572 26940
1593 22420
1601 3660
1612 8820
1633 4260
1641 25840
1652 25320
1673 2900
1681 5340
1692 6400
1713 2140
1721 6400
1732 9680
1753 6780
1761 3460
1772 5360
1793 3220
1801 21220
1812 10440
1833 3660
1841 4820
1852 88720
1873 85500
1881 4340
1892 32200
1913 28540
1921 2680
1932 91520
1953 6020
1961 23880
1972 37120
1983 43240
1993 8580
2001 3760
2012 11120
2023 16900
2033 5100
2041 4520
2052 25320
2063 4040
2073 16740
2081 4560
2092 10560
2103 4860
2113 5460
2121 22420
2132 22100
2143 3960
2153 5360
2161 4260
2168 43240
2172 9020
2183 9480
2193 3560
2201 2900
2208 16900
2212 25160
2223 3640
2233 19800
2241 2140
2248 4040
2252 8180
2263 3340
2273 4620
2281 6780
2288 4860
2292 25820
2303 2500
2313 6020
2321 3220
2328 3960
2332 9060
2343 14200
2353 4440
2361 3660
2368 9480
2372 30220
2383 2680
2393 67440
2401 85500
2408 3640
2412 8900
2423 4400
2433 21360
2441 28540
2448 3340
2452 31380
2463 46900
2473 54460
2481 6020
2488 2500
2492 11000
2503 42740
2513 28300
2521 8580
2528 14200
2532 31140
2543 9380
2553 31960
2561 5100
2568 2680
2572 13160
2583 11260
2593 20960
2601 16740
2608 4400
2612 30160
2623 7420
2633 13800
2641 5460
2648 3660
2652 10500
2663 30700
2673 16700
2681 5360
2685 43240
2688 25840
2692 35340
2703 8460
2713 35280
2721 3560
2725 16900
2728 5340
2732 10140
2743 7680
2753 23800
2761 19800
2765 4040
2768 6400
2772 37420
2783 5180
2793 13460
2801 4620
2805 4860
2808 3460
2812 11840
2823 38080
2833 24180
2841 6020
2845 3960
2848 21220
2852 32700
2863 6440
2873 30760
2881 4440
2885 9480
2888 4820
2892 11320
2898 43240
2903 8920
2913 35980
2921 24200
2925 3640
2928 4340
2932 31880
2938 16900
2943 8220
2953 16460
2961 4460
2965 3340
2968 2680
2972 10780
2978 4040
2983 48260
