0 0
334 43240
374 16900
414 4040
454 4860
494 3960
513 43240
534 9480
553 16900
574 3640
593 4040
614 3340
633 4860
654 2500
673 3960
694 14200
713 9480
734 2680
753 3640
774 4400
793 3340
814 3660
833 2500
854 25840
873 14200
894 5340
913 2680
934 6400
953 4400
974 3460
993 3660
1014 21220
1033 25840
1039 43240
1054 4820
1066 43240
1073 5340
1079 16900
1094 4340
1106 16900
1113 6400
1119 4040
1134 2680
1146 4040
1153 3460
1159 4860
1174 23880
1186 4860
1193 21220
1199 3960
1214 3760
1226 3960
1233 4820
1239 9480
1254 4520
1264 43240
1266 9480
1273 4340
1279 3640
1294 4560
1304 16900
1306 3640
1313 2680
1319 3340
1334 22420
1344 4040
1346 3340
1353 23880
1359 2500
1374 4260
1384 4860
1386 2500
1393 3760
1394 43240
1399 14200
1414 2900
1424 3960
1426 14200
1433 4520
1434 16900
1439 2680
1454 2140
1464 9480
1466 2680
1473 4560
1474 4040
1479 4400
1494 6780
1504 3640
1506 4400
1513 22420
1514 4860
1519 3660
1534 3220
1544 3340
1546 3660
1553 4260
1554 3960
1559 25840
1574 3660
1584 2500
1586 25840
1593 2900
1594 9480
1599 5340
1614 85500
1624 14200
1626 5340
1633 2140
1634 3640
1639 6400
1654 28540
1664 2680
1666 6400
1673 6780
1674 3340
1679 3460
1694 6020
1704 4400
1706 3460
1713 3220
1714 2500
1719 21220
1734 8580
1744 3660
1746 21220
1753 3660
1754 14200
1759 4820
1774 5100
1784 25840
1786 4820
1793 85500
1794 2680
1799 4340
1814 16740
1823 43240
1824 5340
1826 4340
1833 28540
1834 4400
1839 2680
1854 5460
1863 16900
1864 6400
1866 2680
1873 6020
1874 3660
1879 23880
1894 5360
1903 4040
1904 3460
1906 23880
1913 8580
1914 25840
1919 3760
1934 3560
1943 4860
1944 21220
1946 3760
1953 5100
1954 5340
1959 4520
1974 19800
1983 3960
1984 4820
1986 4520
1993 16740
1994 6400
1999 4560
2014 4620
2023 9480
2024 4340
2026 4560
2033 5460
2034 3460
2039 22420
2054 6020
2063 3640
2064 2680
2066 22420
2073 5360
2074 21220
2079 4260
2094 4440
2103 3340
2104 23880
2106 4260
2113 3560
2114 4820
2119 2900
2134 24200
2143 2500
2144 3760
2146 2900
2153 19800
2154 4340
2159 2140
2174 4460
2183 14200
2184 4520
2186 2140
2193 4620
2194 2680
2199 6780
2214 7180
2223 2680
2224 4560
2226 6780
2233 6020
2234 23880
2239 3220
2254 6540
2263 4400
2264 22420
2266 3220
2273 4440
2274 3760
2279 3660
2294 23960
2303 3660
2304 4260
2306 3660
2313 24200
2314 4520
2319 85500
2334 6620
2343 25840
2344 2900
2346 85500
2353 4460
2354 4560
2359 28540
2374 6200
2383 5340
2384 2140
2386 28540
2393 7180
2394 22420
2399 6020
2414 3880
2423 6400
2424 6780
2426 6020
2433 6540
2434 4260
2439 8580
2454 29140
2463 3460
2464 3220
2466 8580
2473 23960
2474 2900
2479 5100
2494 6260
2503 21220
2504 3660
2506 5100
2513 6620
2514 2140
2519 16740
2534 8280
2543 4820
2544 85500
2546 16740
2553 6200
2554 6780
2559 5460
2574 5580
2583 4340
2584 28540
2586 5460
2593 3880
2594 3220
2599 5360
2614 24420
2623 2680
2624 6020
2626 5360
2633 29140
2634 3660
2639 3560
2654 5740
2663 23880
2664 8580
2666 3560
2673 6260
2674 85500
2679 19800
2694 7460
2703 3760
2704 5100
2706 19800
2713 8280
2714 28540
2719 4620
2734 5040
2739 43240
2743 4520
2744 16740
2746 4620
2753 5580
2754 6020
2759 6020
2774 9180
2779 16900
2783 4560
2784 5460
2786 6020
2793 24420
2794 8580
2799 4440
2814 5140
2819 4040
2823 22420
2824 5360
2826 4440
2833 5740
2834 5100
2839 24200
2854 6380
2859 4860
2863 4260
2864 3560
2866 24200
2873 7460
2874 16740
2879 4460
2894 114340
2899 3960
2903 2900
2904 19800
2906 4460
2913 5040
2914 5460
2919 7180
2934 26100
2939 9480
2943 2140
2944 4620
2946 7180
2953 9180
2954 5360
2959 6540
2974 6000
