0 0
344 43240
384 16900
424 4040
464 4860
504 3960
544 9480
584 3640
624 3340
637 43240
664 2500
677 16900
704 14200
717 4040
744 2680
757 4860
784 4400
797 3960
812 43240
824 3660
837 9480
852 16900
864 25840
877 3640
892 4040
904 5340
917 3340
932 4860
944 6400
957 2500
972 3960
984 3460
997 14200
1012 9480
1024 21220
1029 43240
1037 2680
1052 3640
1064 4820
1069 16900
1077 4400
1092 3340
1104 4340
1109 4040
1117 3660
1132 2500
1144 2680
1149 4860
1157 25840
1172 14200
1184 23880
1189 3960
1197 5340
1212 2680
1224 3760
1229 9480
1237 6400
1252 4400
1264 4520
1269 3640
1277 3460
1292 3660
1304 4560
1309 3340
1317 21220
1332 25840
1344 22420
1349 2500
1357 4820
1372 5340
1384 4260
1389 14200
1397 4340
1412 6400
1424 2900
1429 2680
1437 2680
1452 3460
1464 2140
1469 4400
1477 23880
1492 21220
1504 6780
1509 3660
1517 3760
1532 4820
1544 3220
1549 25840
1557 4520
1572 4340
1584 3660
1589 5340
1597 4560
1612 2680
1624 85500
1629 6400
1637 22420
1652 23880
1664 28540
1669 3460
1677 4260
1692 3760
1704 6020
1709 21220
1717 2900
1732 4520
1744 8580
1749 4820
1757 2140
1772 4560
1784 5100
1789 4340
1797 6780
1812 22420
1824 16740
1829 2680
1837 3220
1852 4260
1864 5460
1869 23880
1877 3660
1892 2900
1904 5360
1909 3760
1917 85500
1932 2140
1944 3560
1949 4520
1957 28540
1972 6780
1984 19800
1989 4560
1997 6020
2012 3220
2024 4620
2029 22420
2037 8580
2052 3660
2064 6020
2069 4260
2077 5100
2092 85500
2104 4440
2109 2900
2117 16740
2132 28540
2144 24200
2149 2140
2157 5460
2172 6020
2184 4460
2189 6780
2197 5360
2212 8580
2224 7180
2229 3220
2237 3560
2252 5100
2264 6540
2269 3660
2277 19800
2292 16740
2296 43240
2304 23960
2309 85500
2317 4620
2332 5460
2336 16900
2344 6620
2349 28540
2357 6020
2372 5360
2376 4040
2384 6200
2389 6020
2397 4440
2412 3560
2416 4860
2424 3880
2429 8580
2437 24200
2452 63040
2456 3960
2464 29140
2469 5100
2477 4460
2492 21520
2496 9480
2504 6260
2509 59980
2517 7180
2532 10060
2536 3640
2544 8280
2549 22360
2557 6540
2572 9300
2576 3340
2584 5580
2589 9400
2597 23960
2612 28160
2616 2500
2624 24420
2629 8420
2637 6620
2652 13940
2656 14200
2664 5740
2669 23760
2677 6200
2692 10820
2696 2680
2704 7460
2709 14100
2717 3880
2732 9880
2736 4400
2744 5040
2749 9660
2757 29140
2772 26460
2776 3660
2778 43240
2779 43240
2784 9180
2789 7780
2797 6260
2812 20820
2816 25840
2818 16900
2819 16900
2824 5140
2829 26700
2837 8280
2852 8880
2856 48580
2858 4040
2859 4040
2864 6380
2869 18660
2877 5580
2892 8280
2896 23300
2898 4860
2899 4860
2904 114340
2909 9860
2917 24420
2932 32800
2936 7500
2938 3960
2939 3960
2944 26100
2949 10940
2957 5740
2972 32100
2976 26080
2978 9480
2979 9480
2984 6000
2989 27620
