0 0
103 43240
143 16900
183 4040
223 4860
263 3960
303 9480
343 3640
383 3340
423 2500
463 14200
503 2680
533 43240
543 4400
573 16900
583 3660
613 4040
615 43240
623 25840
653 4860
655 16900
663 5340
693 3960
695 4040
703 6400
733 9480
735 4860
743 3460
763 43240
773 3640
775 3960
783 21220
803 16900
813 3340
815 9480
823 4820
843 4040
853 2500
855 3640
863 4340
883 4860
893 14200
895 3340
903 2680
923 3960
931 43240
933 2680
935 2500
943 23880
963 9480
971 16900
973 4400
975 14200
983 3760
1003 3640
1011 4040
1013 3660
1015 2680
1023 4520
1043 3340
1051 4860
1053 25840
1055 4400
1063 4560
1083 2500
1091 3960
1093 5340
1095 3660
1099 43240
1103 22420
1123 14200
1131 9480
1133 6400
1135 25840
1139 16900
1143 4260
1163 2680
1171 3640
1173 3460
1175 5340
1179 4040
1183 2900
1203 4400
1211 3340
1213 21220
1215 6400
1219 4860
1223 2140
1243 3660
1251 2500
1253 4820
1255 3460
1259 3960
1263 6780
1283 25840
1291 14200
1293 4340
1295 21220
1299 9480
1303 3220
1323 5340
1331 2680
1333 2680
1335 4820
1339 3640
1343 3660
1363 6400
1371 4400
1373 23880
1375 4340
1379 3340
1383 85500
1403 3460
1411 3660
1413 3760
1415 2680
1419 2500
1423 28540
1443 21220
1451 25840
1453 4520
1455 23880
1459 14200
1463 6020
1483 4820
1491 5340
1493 4560
1495 3760
1499 2680
1503 8580
1523 4340
1531 6400
1533 22420
1535 4520
1539 4400
1543 5100
1563 2680
1571 3460
1573 4260
1575 4560
1579 3660
1583 16740
1589 43240
1603 23880
1611 21220
1613 2900
1615 22420
1619 25840
1623 5460
1629 16900
1643 3760
1651 4820
1653 2140
1655 4260
1659 5340
1663 5360
1669 4040
1683 4520
1691 4340
1693 6780
1695 2900
1699 6400
1703 3560
1709 4860
1719 43240
1723 4560
1731 2680
1733 3220
1735 2140
1739 3460
1743 19800
1749 3960
1759 16900
1763 22420
1771 23880
1773 3660
1775 6780
1779 21220
1783 4620
1789 9480
1799 4040
1803 4260
1811 3760
1813 85500
1815 3220
1819 4820
1823 6020
1829 3640
1839 4860
1843 2900
1851 4520
1853 28540
1855 3660
1859 4340
1863 4440
1869 3340
1879 3960
1883 2140
1891 4560
1893 6020
1895 85500
1899 2680
1903 24200
1909 2500
1919 9480
1923 6780
1931 22420
1933 8580
1935 28540
1939 23880
1943 4460
1949 14200
1959 3640
1963 3220
1971 4260
1973 5100
1975 6020
1979 3760
1983 7180
1989 2680
1999 3340
2003 3660
2011 2900
2013 16740
2015 8580
2019 4520
2023 6540
2029 4400
2039 2500
2043 85500
2051 2140
2053 5460
2055 5100
2059 4560
2063 23960
2069 3660
2079 14200
2083 28540
2091 6780
2093 5360
2095 16740
2099 22420
2103 6620
2109 25840
2119 2680
2123 6020
2131 3220
2133 3560
2135 5460
2139 4260
2143 6200
2149 5340
2159 4400
2163 8580
2171 3660
2173 19800
2175 5360
2179 2900
2183 3880
2189 6400
2199 3660
2203 5100
2211 85500
2213 4620
2215 3560
2219 2140
2223 29140
2229 3460
2239 25840
2243 16740
2251 28540
2253 6020
2255 19800
2259 6780
2263 6260
2269 21220
2279 5340
2283 5460
2291 6020
2293 4440
2295 4620
2299 3220
2303 8280
2309 4820
2319 6400
2323 5360
2331 8580
2333 24200
2335 6020
2339 3660
2343 5580
2349 4340
2359 3460
2363 3560
2371 5100
2373 4460
2375 4440
2379 85500
2383 24420
2389 2680
2399 21220
2403 19800
2411 16740
2413 7180
2415 24200
2419 28540
2423 5740
2429 23880
2439 4820
2443 4620
2451 5460
2453 6540
2455 4460
2459 6020
2463 7460
2469 3760
2479 4340
2483 6020
2491 5360
2493 23960
2495 7180
2499 8580
2503 5040
2509 4520
2519 2680
2523 4440
2531 3560
2533 6620
2535 6540
2539 5100
2543 9180
2549 4560
2559 23880
2563 24200
2571 19800
2573 6200
2575 23960
2579 16740
2583 5140
2589 22420
2599 3760
2603 4460
2611 4620
2613 3880
2615 6620
2619 5460
2623 6380
2629 4260
2639 4520
2643 7180
2651 6020
2653 29140
2655 6200
2659 5360
2663 114340
2669 2900
2679 4560
2683 6540
2691 4440
2693 6260
2695 3880
2699 3560
2703 26100
2709 2140
2719 22420
2723 23960
2729 43240
2731 24200
2733 8280
2735 29140
2739 19800
2743 6000
2749 6780
2759 4260
2763 6620
2769 16900
2771 4460
2773 5580
2775 6260
2779 4620
2783 9080
2789 3220
2799 2900
2800 43240
2803 6200
2809 4040
2811 7180
2813 24420
2815 8280
2819 6020
2823 5860
2829 3660
2839 2140
2840 16900
2843 3880
2849 4860
2851 6540
2853 5740
2855 5580
2859 4440
2863 23580
2869 85500
2879 6780
2880 4040
2883 29140
2889 3960
2891 23960
2893 7460
2895 24420
2899 24200
2903 6480
2909 28540
2919 3220
2920 4860
2923 6260
2929 9480
2931 6620
2933 5040
2935 5740
2939 4460
2943 9400
2949 6020
2959 3660
2960 3960
2963 8280
2969 3640
2971 6200
2973 9180
2975 7460
2979 7180
2983 1080
