0 0
122 43240
162 16900
202 4040
242 4860
282 3960
322 9480
362 3640
402 3340
423 43240
442 2500
463 16900
482 14200
503 4040
522 2680
525 43240
543 4860
562 4400
565 16900
583 3960
602 3660
605 4040
623 9480
642 25840
645 4860
663 3640
682 5340
685 3960
703 3340
705 43240
722 6400
725 9480
743 2500
745 16900
762 3460
765 3640
783 14200
785 4040
802 21220
805 3340
823 2680
825 4860
842 4820
845 2500
863 4400
865 3960
882 4340
885 14200
903 3660
905 9480
922 2680
925 2680
943 25840
945 3640
962 23880
965 4400
983 5340
985 3340
1000 43240
1002 3760
1005 3660
1023 6400
1025 2500
1040 16900
1042 4520
1045 25840
1063 3460
1065 14200
1080 4040
1082 4560
1085 5340
1103 21220
1105 2680
1118 43240
1120 4860
1122 22420
1125 6400
1143 4820
1145 4400
1158 16900
1160 3960
1162 4260
1165 3460
1183 4340
1185 3660
1198 4040
1200 9480
1202 2900
1205 21220
1223 2680
1225 25840
1238 4860
1240 3640
1242 2140
1245 4820
1263 23880
1265 5340
1278 3960
1280 3340
1282 6780
1285 4340
1303 3760
1305 6400
1318 9480
1320 2500
1322 3220
1325 2680
1343 4520
1345 3460
1358 3640
1360 14200
1362 3660
1365 23880
1383 4560
1385 21220
1398 3340
1400 2680
1402 85500
1405 3760
1423 22420
1425 4820
1438 2500
1440 4400
1442 28540
1445 4520
1463 4260
1465 4340
1478 14200
1480 3660
1482 6020
1485 4560
1503 2900
1505 2680
1518 2680
1520 25840
1522 8580
1525 22420
1543 2140
1545 23880
1558 4400
1560 5340
1562 5100
1565 4260
1583 6780
1585 3760
1598 3660
1600 6400
1602 16740
1605 2900
1623 3220
1625 4520
1638 25840
1640 3460
1642 5460
1645 2140
1663 3660
1665 4560
1676 43240
1678 5340
1680 21220
1682 5360
1685 6780
1703 85500
1705 22420
1716 16900
1718 6400
1720 4820
1722 3560
1725 3220
1739 43240
1743 28540
1745 4260
1756 4040
1758 3460
1760 4340
1762 19800
1765 3660
1779 16900
1783 6020
1785 2900
1796 4860
1798 21220
1800 2680
1802 4620
1805 85500
1819 4040
1823 8580
1825 2140
1836 3960
1838 4820
1840 23880
1842 6020
1845 28540
1859 4860
1863 5100
1865 6780
1876 9480
1878 4340
1880 3760
1882 4440
1885 6020
1899 3960
1903 16740
1905 3220
1912 43240
1916 3640
1918 2680
1920 4520
1922 24200
1925 8580
1939 9480
1943 5460
1945 3660
1952 16900
1956 3340
1958 23880
1960 4560
1962 4460
1965 5100
1979 3640
1983 5360
1985 85500
1992 4040
1996 2500
1998 3760
2000 22420
2002 7180
2005 16740
2019 3340
2023 3560
2025 28540
2032 4860
2036 14200
2038 4520
2040 4260
2042 6540
2045 5460
2059 2500
2063 19800
2065 6020
2072 3960
2076 2680
2078 4560
2080 2900
2082 23960
2085 5360
2099 14200
2103 4620
2105 8580
2112 9480
2116 4400
2118 22420
2120 2140
2122 6620
2125 3560
2139 2680
2143 6020
2145 5100
2152 3640
2156 3660
2158 4260
2160 6780
2162 6200
2165 19800
2179 4400
2183 4440
2185 16740
2192 3340
2196 25840
2198 2900
2200 3220
2202 3880
2205 4620
2219 3660
2223 24200
2225 5460
2232 2500
2236 5340
2238 2140
2240 3660
2242 29140
2245 6020
2259 25840
2263 4460
2265 5360
2272 14200
2276 6400
2278 6780
2280 85500
2282 6260
2285 47680
2299 5340
2303 7180
2305 3560
2312 2680
2316 3460
2318 3220
2320 28540
2322 8280
2325 41100
2339 6400
2343 6540
2345 19800
2352 4400
2356 21220
2358 3660
2360 6020
2362 5580
2365 8500
2379 3460
2383 23960
2385 4620
2392 3660
2396 4820
2398 85500
2399 43240
2400 8580
2402 24420
2405 12040
2419 21220
2423 6620
2425 6020
2432 25840
2436 4340
2438 28540
2439 16900
2440 5100
2442 5740
2445 10500
2459 4820
2463 6200
2465 4440
2472 5340
2476 2680
2478 6020
2479 4040
2480 16740
2482 7460
2485 33440
2499 4340
2503 3880
2505 24200
2512 6400
2516 23880
2518 8580
2519 4860
2520 5460
2522 5040
2525 10260
2539 2680
2543 29140
2545 4460
2552 3460
2556 3760
2558 5100
2559 3960
2560 5360
2562 9180
2565 9540
2579 23880
2583 6260
2585 7180
2592 21220
2596 4520
2598 16740
2599 9480
2600 3560
2602 5140
2605 6380
2619 3760
2623 8280
2625 6540
2632 4820
2636 4560
2638 5460
2639 3640
2640 19800
2642 49620
2645 43340
2659 4520
2663 5580
2665 23960
2672 4340
2676 22420
2678 5360
2679 3340
2680 4620
2682 131240
2685 8940
2699 4560
2703 24420
2705 6620
2712 2680
2716 4260
2718 3560
2719 2500
2720 6020
2722 30140
2725 12680
2739 22420
2743 5740
2745 6200
2752 23880
2756 2900
2758 19800
2759 14200
2760 4440
2762 10860
2765 9240
2779 4260
2783 7460
2785 3880
2792 3760
2796 2140
2798 4620
2799 2680
2800 24200
2802 13040
2805 50260
2819 2900
2823 5040
2825 29140
2832 4520
2836 6780
2838 6020
2839 4400
2840 4460
2842 15340
2845 11080
2849 43240
2859 2140
2863 9180
2865 6260
2872 4560
2876 3220
2878 4440
2879 3660
2880 7180
2882 27220
2885 13860
2889 16900
2899 6780
2903 5140
2905 8280
2912 22420
2916 3660
2918 24200
2919 25840
2920 6540
2922 9820
2925 8500
2929 4040
2939 3220
2943 6380
2945 5580
2952 4260
2956 85500
2958 4460
2959 5340
2960 23960
2962 11900
2965 30400
2969 4860
2979 3660
2983 114340
2985 2442
