0 0
121 43240
143 43240
161 16900
183 16900
201 4040
223 4040
241 4860
254 43240
263 4860
281 3960
294 16900
303 3960
321 9480
334 4040
343 9480
361 3640
374 4860
383 3640
401 3340
414 3960
423 3340
441 2500
454 9480
463 2500
481 14200
494 3640
503 14200
521 2680
534 3340
543 2680
561 4400
574 2500
577 43240
583 4400
601 3660
614 14200
617 16900
623 3660
641 25840
654 2680
657 4040
663 25840
681 5340
694 4400
697 4860
703 5340
721 6400
734 3660
737 3960
743 6400
761 3460
774 25840
777 9480
783 3460
801 21220
814 5340
817 3640
820 43240
823 21220
841 4820
854 6400
857 3340
860 16900
863 4820
881 4340
894 3460
897 2500
900 4040
903 4340
921 2680
934 21220
937 14200
940 4860
943 2680
961 23880
974 4820
977 2680
980 3960
983 23880
1001 3760
1014 4340
1017 4400
1020 9480
1023 3760
1041 4520
1054 2680
1057 3660
1060 3640
1063 4520
1081 4560
1094 23880
1097 25840
1100 3340
1103 4560
1121 22420
1134 3760
1137 5340
1140 2500
1143 22420
1161 4260
1174 4520
1177 6400
1180 14200
1183 4260
1201 2900
1214 4560
1217 3460
1220 2680
1223 2900
1241 2140
1254 22420
1257 21220
1260 4400
1263 2140
1281 6780
1294 4260
1297 4820
1300 3660
1303 6780
1321 3220
1334 2900
1337 4340
1340 25840
1343 3220
1361 3660
1374 2140
1377 2680
1380 5340
1383 3660
1401 85500
1414 6780
1417 23880
1420 6400
1423 85500
1441 28540
1454 3220
1457 3760
1460 3460
1463 28540
1481 6020
1494 3660
1497 4520
1500 21220
1503 6020
1521 8580
1534 85500
1537 4560
1540 4820
1543 8580
1561 5100
1574 28540
1577 22420
1580 4340
1583 5100
1601 16740
1614 6020
1617 4260
1620 2680
1623 16740
1641 5460
1654 8580
1657 2900
1660 23880
1663 5460
1681 5360
1694 5100
1697 2140
1700 3760
1703 5360
1721 3560
1729 43240
1734 16740
1737 6780
1740 4520
1743 3560
1761 19800
1769 16900
1773 43240
1774 5460
1777 3220
1780 4560
1783 19800
1801 4620
1809 4040
1813 16900
1814 5360
1817 3660
1820 22420
1823 4620
1841 6020
1849 4860
1853 4040
1854 3560
1857 85500
1860 4260
1863 6020
1881 4440
1889 3960
1893 4860
1894 19800
1897 28540
1900 2900
1903 4440
1921 24200
1929 9480
1933 3960
1934 4620
1937 6020
1940 2140
1943 24200
1961 4460
1969 3640
1973 9480
1974 6020
1977 8580
1980 6780
1983 4460
2001 7180
2009 3340
2013 3640
2014 4440
2017 5100
2020 3220
2022 43240
2023 7180
2041 6540
2049 2500
2053 3340
2054 24200
2057 16740
2060 3660
2062 16900
2063 6540
2081 23960
2089 14200
2093 2500
2094 4460
2097 5460
2100 85500
2102 4040
2103 23960
2121 6620
2124 43240
2129 2680
2133 14200
2134 7180
2137 5360
2140 28540
2142 4860
2143 6620
2158 43240
2161 6200
2164 16900
2169 4400
2173 2680
2174 6540
2177 3560
2180 6020
2182 3960
2183 6200
2198 16900
2201 3880
2204 4040
2209 3660
2213 4400
2214 23960
2217 19800
2220 8580
2222 9480
2223 3880
2238 4040
2241 29140
2244 4860
2249 69080
2253 3660
2254 6620
2257 4620
2260 5100
2262 3640
2263 29140
2278 4860
2281 6260
2284 3960
2289 22240
2293 25840
2294 6200
2297 6020
2300 16740
2302 3340
2303 6260
2318 3960
2321 8280
2324 9480
2329 10440
2333 5340
2334 3880
2337 4440
2340 5460
2342 2500
2343 8280
2358 9480
2361 5580
2364 3640
2369 8320
2373 6400
2374 29140
2377 24200
2380 5360
2382 14200
2383 5580
2398 3640
2401 24420
2404 3340
2409 25180
2413 3460
2414 6260
2417 4460
2420 3560
2422 2680
2423 24420
2438 3340
2441 5740
2444 2500
2449 14300
2453 21220
2454 8280
2457 7180
2460 19800
2462 4400
2463 5740
2478 2500
2481 7460
2484 14200
2489 7980
2493 4820
2494 5580
2497 6540
2500 4620
2502 3660
2503 7460
2518 14200
2521 5040
2524 2680
2529 6020
2533 4340
2534 24420
2537 23960
2540 6020
2542 25840
2543 5040
2558 2680
2561 9180
2564 4400
2569 26380
2573 2680
2574 5740
2577 6620
2580 4440
2582 5340
2583 9180
2598 4400
2601 5140
2604 3660
2609 17960
2613 23880
2614 7460
2617 6200
2620 24200
2622 6400
2623 5140
2638 3660
2641 6380
2644 25840
2649 7200
2653 3760
2654 5040
2657 3880
2660 4460
2662 3460
2663 6380
2678 25840
2681 114340
2684 5340
2689 8960
2693 4520
2694 9180
2697 29140
2700 7180
2702 21220
2703 114340
2718 5340
2721 26100
2724 6400
2729 26080
2733 4560
2734 5140
2737 6260
2740 6540
2742 4820
2743 26100
2758 49640
2761 6000
2764 3460
2769 30100
2773 22420
2774 6380
2777 8280
2780 23960
2782 4340
2783 6000
2798 20360
2801 9080
2804 21220
2809 8240
2813 4260
2814 114340
2817 5580
2820 6620
2822 2680
2823 9080
2838 68500
2841 5860
2844 4820
2849 8540
2853 2900
2854 26100
2857 24420
2860 6200
2862 23880
2863 5860
2878 26580
2881 23580
2884 4340
2889 10240
2893 2140
2894 6000
2897 5740
2900 3880
2902 3760
2903 23580
2918 12340
2921 6480
2924 2680
2929 24440
2933 6780
2934 9080
2937 7460
2940 29140
2942 4520
2943 6480
2958 17020
2961 9400
2962 43240
2964 23880
2969 8480
2973 3220
2974 5860
2977 5040
2980 6260
2982 4560
2983 9400
