0 0
120 43240
160 16900
200 4040
240 4860
280 3960
320 9480
360 3640
400 3340
440 2500
480 14200
520 2680
560 4400
600 3660
640 25840
680 5340
720 6400
760 3460
767 43240
800 21220
807 16900
840 4820
847 4040
880 4340
887 4860
920 2680
927 3960
960 23880
967 9480
990 43240
1000 3760
1007 3640
1030 16900
1040 4520
1047 3340
1048 43240
1070 4040
1080 4560
1087 2500
1088 16900
1109 43240
1110 4860
1120 22420
1127 14200
1128 4040
1149 16900
1150 3960
1151 43240
1160 4260
1167 2680
1168 4860
1189 4040
1190 9480
1191 16900
1200 2900
1207 4400
1208 3960
1229 4860
1230 3640
1231 4040
1240 2140
1247 3660
1248 9480
1269 3960
1270 3340
1271 4860
1280 50020
1287 25840
1288 3640
1309 9480
1310 2500
1311 3960
1320 20120
1327 5340
1328 3340
1349 3640
1350 14200
1351 9480
1360 7700
1367 6400
1368 2500
1389 3340
1390 2680
1391 3640
1400 90360
1407 3460
1408 14200
1429 2500
1430 4400
1431 3340
1440 32500
1447 21220
1448 2680
1469 14200
1470 3660
1471 2500
1478 43240
1480 15500
1487 4820
1488 4400
1509 2680
1510 25840
1511 14200
1518 16900
1520 12220
1521 43240
1527 4340
1528 3660
1549 4400
1550 5340
1551 2680
1558 4040
1560 8440
1561 16900
1567 2680
1568 25840
1589 3660
1590 6400
1591 4400
1598 4860
1600 19240
1601 4040
1607 23880
1608 5340
1629 25840
1630 3460
1631 3660
1638 3960
1640 19660
1641 4860
1647 3760
1648 6400
1669 5340
1670 21220
1671 25840
1678 9480
1680 8040
1681 3960
1687 4520
1688 3460
1701 43240
1709 6400
1710 4820
1711 5340
1718 3640
1720 7960
1721 9480
1727 4560
1728 21220
1741 16900
1749 3460
1750 4340
1751 6400
1758 3340
1760 23460
1761 3640
1767 22420
1768 4820
1781 4040
1789 21220
1790 2680
1791 3460
1798 2500
1800 30460
1801 3340
1807 4260
1808 4340
1821 4860
1829 4820
1830 23880
1831 21220
1838 14200
1840 11360
1841 2500
1847 2900
1848 2680
1861 3960
1869 4340
1870 3760
1871 4820
1878 2680
1880 10840
1881 14200
1887 2140
1888 23880
1901 9480
1909 2680
1910 4520
1911 4340
1918 4400
1920 27660
1921 2680
1927 6780
1928 3760
1941 3640
1949 23880
1950 4560
1951 2680
1958 3660
1960 25680
1961 4400
1967 3220
1968 4520
1981 3340
1989 3760
1990 22420
1991 23880
1998 25840
2000 12000
2001 3660
2007 3660
2008 4560
2021 2500
2029 4520
2030 4260
2031 3760
2036 43240
2038 5340
2040 10880
2041 25840
2047 85500
2048 22420
2061 14200
2069 4560
2070 2900
2071 4520
2076 16900
2078 6400
2080 26640
2081 5340
2087 28540
2088 4260
2101 2680
2109 22420
2110 2140
2111 4560
2116 4040
2118 3460
2120 30500
2121 6400
2127 6020
2128 2900
2141 4400
2149 4260
2150 6780
2151 22420
2156 4860
2158 21220
2160 9960
2161 3460
2167 8580
2168 2140
2181 3660
2189 2900
2190 3220
2191 4260
2196 3960
2198 4820
2200 8400
2201 21220
2207 5100
2208 6780
2221 25840
2229 2140
2230 3660
2231 2900
2236 9480
2238 4340
2240 33700
2241 4820
2247 16740
2248 3220
2261 5340
2269 6780
2270 85500
2271 2140
2276 3640
2278 2680
2280 28680
2281 4340
2287 5460
2288 3660
2301 6400
2309 3220
2310 28540
2311 6780
2316 3340
2318 23880
2320 12540
2321 2680
2327 5360
2328 85500
2341 3460
2349 3660
2350 6020
2351 3220
2356 2500
2358 3760
2360 8480
2361 23880
2367 3560
2368 28540
2381 21220
2389 85500
2390 8580
2391 3660
2396 14200
2398 4520
2400 26560
2401 3760
2407 19800
2408 6020
2421 4820
2429 28540
2430 5100
2431 85500
2436 2680
2438 4560
2440 12520
2441 4520
2447 4620
2448 8580
2461 4340
2469 6020
2470 16740
2471 28540
2476 4400
2478 22420
2480 10680
2481 4560
2487 6020
2488 5100
2501 2680
2509 8580
2510 5460
2511 6020
2516 3660
2518 4260
2520 8700
2521 22420
2527 4440
2528 16740
2541 23880
2549 5100
2550 5360
2551 8580
2556 25840
2558 2900
2560 94680
2561 4260
2567 24200
2568 5460
2578 43240
2581 3760
2589 16740
2590 3560
2591 5100
2596 5340
2598 2140
2600 33680
2601 2900
2607 4460
2608 5360
2618 16900
2621 4520
2629 5460
2630 19800
2631 16740
2636 6400
2638 6780
2640 12400
2641 2140
2647 7180
2648 3560
2658 4040
2661 4560
2669 5360
2670 4620
2671 5460
2676 3460
2678 3220
2680 122920
2681 6780
2687 6540
2688 19800
2698 4860
2701 22420
2709 3560
2710 6020
2711 5360
2716 21220
2718 3660
2720 31200
2721 3220
2727 23960
2728 4620
2738 3960
2741 4260
2749 19800
2750 4440
2751 3560
2756 4820
2758 85500
2760 22740
2761 3660
2767 6620
2768 6020
2778 9480
2781 2900
2789 4620
2790 24200
2791 19800
2796 4340
2798 28540
2800 14540
2801 85500
2807 6200
2808 4440
2818 3640
2821 2140
2829 6020
2830 4460
2831 4620
2836 2680
2838 6020
2840 11220
2841 28540
2847 3880
2848 24200
2858 3340
2861 6780
2869 4440
2870 7180
2871 6020
2876 23880
2878 8580
2880 27140
2881 6020
2887 29140
2888 4460
2898 2500
2901 3220
2909 24200
2910 6540
2911 4440
2916 3760
2918 5100
2920 26280
2921 8580
2927 6260
2928 7180
2938 14200
2941 3660
2949 4460
2950 23960
2951 24200
2956 4520
2958 16740
2960 14020
2961 5100
2967 8280
2968 6540
2978 2680
2981 85500
2989 7180
2990 6620
2991 2007
