0 0
282 43240
322 16900
362 4040
402 4860
442 3960
482 9480
522 3640
562 3340
602 2500
642 14200
682 2680
722 4400
762 3660
802 25840
842 5340
882 6400
922 3460
962 21220
969 43240
1002 4820
1009 16900
1042 4340
1049 4040
1082 2680
1089 4860
1122 23880
1129 3960
1162 3760
1169 9480
1202 4520
1209 3640
1242 4560
1249 3340
1282 22420
1289 2500
1322 4260
1329 14200
1362 2900
1369 2680
1402 2140
1409 4400
1442 6780
1449 3660
1464 43240
1477 43240
1482 3220
1489 25840
1504 16900
1517 16900
1522 3660
1529 5340
1541 43240
1544 4040
1557 4040
1562 85500
1569 6400
1581 16900
1584 4860
1597 4860
1602 28540
1609 3460
1621 4040
1624 3960
1637 3960
1642 6020
1649 21220
1661 4860
1664 9480
1677 9480
1682 8580
1689 4820
1701 3960
1704 3640
1717 3640
1722 5100
1729 4340
1741 9480
1744 3340
1757 3340
1762 16740
1769 2680
1781 3640
1784 2500
1789 43240
1797 2500
1802 5460
1809 23880
1821 3340
1824 14200
1829 16900
1837 14200
1842 5360
1849 3760
1861 2500
1864 2680
1869 4040
1877 2680
1882 3560
1889 4520
1901 14200
1904 4400
1909 4860
1917 4400
1922 19800
1929 4560
1941 2680
1944 3660
1949 3960
1957 3660
1962 4620
1969 22420
1981 4400
1984 25840
1989 9480
1997 25840
2002 6020
2009 4260
2021 3660
2024 5340
2029 3640
2037 5340
2042 4440
2049 2900
2061 25840
2064 6400
2069 3340
2077 6400
2082 24200
2089 2140
2101 5340
2104 3460
2109 2500
2117 3460
2122 4460
2129 6780
2141 6400
2144 21220
2149 14200
2157 21220
2162 7180
2169 3220
2176 43240
2181 3460
2184 4820
2189 2680
2197 4820
2202 6540
2209 3660
2213 43240
2214 43240
2216 16900
2221 21220
2224 4340
2229 4400
2237 4340
2242 23960
2249 85500
2253 16900
2254 16900
2256 4040
2261 4820
2264 2680
2269 3660
2277 2680
2282 6620
2289 28540
2293 4040
2294 4040
2296 4860
2301 4340
2304 23880
2309 25840
2317 23880
2322 6200
2329 6020
2333 4860
2334 4860
2336 3960
2337 43240
2341 2680
2344 3760
2349 5340
2357 3760
2362 3880
2369 8580
2373 3960
2374 3960
2376 9480
2377 16900
2381 23880
2384 4520
2389 6400
2397 4520
2402 29140
2409 5100
2413 9480
2414 9480
2416 3640
2417 4040
2421 3760
2424 4560
2429 3460
2437 4560
2442 6260
2449 16740
2453 3640
2454 3640
2456 3340
2457 4860
2461 4520
2464 22420
2469 21220
2477 22420
2482 8280
2489 5460
2493 3340
2494 3340
2496 2500
2497 3960
2501 4560
2504 4260
2509 4820
2517 4260
2522 5580
2529 5360
2533 2500
2534 2500
2536 14200
2537 9480
2541 22420
2544 2900
2549 4340
2557 2900
2562 24420
2569 3560
2570 43240
2573 14200
2574 14200
2576 2680
2577 3640
2581 4260
2584 2140
2589 2680
2597 2140
2602 5740
2609 19800
2610 16900
2613 2680
2614 2680
2616 4400
2617 3340
2621 2900
2624 6780
2629 23880
2637 6780
2642 7460
2649 4620
2650 4040
2653 4400
2654 4400
2656 3660
2657 2500
2661 2140
2664 3220
2669 3760
2677 3220
2682 5040
2689 6020
2690 4860
2693 3660
2694 3660
2696 25840
2697 14200
2701 6780
2704 3660
2709 4520
2717 3660
2722 9180
2729 4440
2730 3960
2733 25840
2734 25840
2736 5340
2737 2680
2741 3220
2744 85500
2749 4560
2757 85500
2758 43240
2762 5140
2769 24200
2770 9480
2773 5340
2774 5340
2776 6400
2777 4400
2781 3660
2784 28540
2789 22420
2797 28540
2798 16900
2802 6380
2809 4460
2810 3640
2813 6400
2814 6400
2816 3460
2817 3660
2821 85500
2824 6020
2829 4260
2837 6020
2838 4040
2842 114340
2849 7180
2850 3340
2853 3460
2854 3460
2856 21220
2857 25840
2861 28540
2864 8580
2869 2900
2877 8580
2878 4860
2882 26100
2889 6540
2890 2500
2893 21220
2894 21220
2896 4820
2897 5340
2901 6020
2904 5100
2909 2140
2917 5100
2918 3960
2922 6000
2929 23960
2930 14200
2933 4820
2934 4820
2936 4340
2937 6400
2941 8580
2944 16740
2949 6780
2957 16740
2958 9480
2962 9080
2969 6620
2970 2680
2973 4340
2974 4340
2976 2680
2977 1730
