0 0
487 43240
527 16900
534 43240
567 4040
574 16900
607 4860
614 4040
647 3960
654 4860
687 9480
694 3960
727 3640
734 9480
767 3340
774 3640
786 43240
807 2500
814 3340
826 16900
847 14200
854 2500
866 4040
887 2680
894 14200
906 4860
917 43240
927 4400
934 2680
946 3960
957 16900
967 3660
974 4400
986 9480
997 4040
1007 25840
1014 3660
1026 3640
1037 4860
1047 5340
1054 25840
1066 3340
1077 3960
1087 6400
1094 5340
1106 2500
1117 9480
1127 3460
1134 6400
1146 14200
1157 3640
1167 21220
1174 3460
1186 2680
1197 3340
1207 4820
1214 21220
1226 4400
1237 2500
1247 4340
1254 4820
1266 3660
1277 14200
1287 2680
1294 4340
1306 25840
1317 2680
1327 23880
1334 2680
1346 5340
1357 4400
1367 3760
1374 23880
1386 6400
1397 3660
1407 4520
1414 3760
1426 3460
1437 25840
1440 43240
1447 4560
1454 4520
1466 21220
1477 5340
1480 16900
1487 22420
1494 4560
1498 43240
1506 4820
1517 6400
1520 4040
1525 43240
1527 4260
1534 22420
1538 16900
1546 4340
1557 3460
1560 4860
1565 16900
1567 2900
1570 43240
1574 4260
1578 4040
1586 2680
1597 21220
1600 3960
1605 4040
1607 2140
1610 16900
1614 2900
1618 4860
1626 23880
1637 4820
1639 43240
1640 9480
1645 4860
1647 6780
1650 4040
1654 2140
1658 3960
1666 3760
1677 4340
1679 16900
1680 3640
1685 3960
1687 3220
1690 4860
1694 6780
1698 9480
1706 4520
1717 2680
1719 4040
1720 3340
1725 9480
1727 3660
1730 3960
1734 3220
1738 3640
1746 4560
1757 23880
1759 4860
1760 2500
1765 3640
1767 85500
1770 9480
1774 3660
1778 3340
1786 22420
1797 3760
1799 3960
1800 14200
1805 3340
1807 28540
1810 3640
1814 85500
1818 2500
1826 4260
1837 4520
1839 9480
1840 2680
1845 2500
1847 6020
1850 3340
1854 28540
1858 14200
1866 2900
1877 4560
1879 3640
1880 4400
1885 57440
1887 8580
1890 2500
1894 6020
1898 2680
1906 2140
1917 22420
1919 3340
1920 3660
1925 19580
1927 5100
1930 14200
1934 8580
1938 4400
1946 6780
1957 4260
1959 2500
1960 25840
1965 8440
1967 16740
1970 2680
1974 5100
1978 3660
1986 3220
1997 2900
1999 14200
2000 5340
2005 8520
2007 5460
2010 4400
2014 16740
2018 25840
2026 3660
2037 2140
2039 2680
2040 6400
2045 29800
2047 5360
2050 3660
2054 5460
2058 5340
2066 85500
2077 6780
2079 4400
2080 3460
2085 14820
2087 3560
2090 25840
2094 5360
2098 6400
2106 28540
2117 3220
2119 3660
2120 21220
2125 10040
2127 19800
2130 5340
2134 3560
2138 3460
2146 6020
2157 3660
2159 25840
2160 4820
2165 6800
2167 4620
2170 6400
2174 19800
2178 21220
2186 8580
2197 85500
2199 5340
2200 4340
2205 23720
2207 6020
2210 3460
2214 4620
2218 4820
2226 5100
2237 28540
2239 6400
2240 2680
2245 19020
2247 4440
2250 21220
2254 6020
2258 4340
2266 16740
2277 49260
2279 3460
2280 23880
2285 7020
2287 24200
2290 4820
2294 4440
2298 2680
2306 5460
2317 25480
2319 21220
2320 3760
2325 7080
2327 4460
2330 4340
2334 24200
2338 23880
2346 5360
2357 9140
2359 4820
2360 4520
2365 27540
2367 7180
2370 2680
2374 4460
2378 3760
2386 3560
2397 21600
2399 4340
2400 4560
2405 29600
2407 6540
2410 23880
2414 7180
2418 4520
2426 19800
2437 9420
2439 2680
2440 22420
2445 9860
2447 23960
2450 3760
2454 6540
2458 4560
2466 4620
2477 14840
2479 23880
2480 4260
2485 10960
2487 6620
2490 4520
2494 23960
2498 22420
2506 6020
2517 7200
2519 3760
2520 2900
2525 25880
2527 6200
2530 4560
2534 6620
2538 4260
2546 4440
2557 23140
2559 4520
2560 2140
2565 25480
2567 3880
2570 22420
2574 6200
2578 2900
2586 24200
2588 43240
2597 7120
2599 4560
2600 6780
2605 7720
2607 29140
2610 4260
2614 3880
2618 2140
2626 4460
2628 16900
2637 20220
2639 22420
2640 3220
2645 6480
2647 6260
2650 2900
2654 29140
2658 6780
2666 7180
2668 4040
2677 7120
2679 4260
2680 3660
2685 9460
2687 8280
2690 2140
2694 6260
2698 3220
2706 6540
2708 4860
2717 28600
2719 2900
2720 85500
2725 27100
2727 5580
2730 6780
2734 8280
2738 3660
2746 23960
2748 3960
2757 8120
2759 2140
2760 28540
2765 7420
2767 24420
2770 3220
2774 5580
2778 85500
2786 6620
2788 9480
2797 33020
2799 6780
2800 6020
2805 90020
2807 5740
2810 3660
2814 24420
2818 28540
2826 6200
2828 3640
2837 11880
2839 3220
2840 8580
2845 33100
2847 7460
2850 85500
2854 5740
2858 6020
2866 3880
2868 3340
2877 30360
2879 3660
2880 5100
2885 28440
2887 5040
2890 28540
2894 7460
2898 8580
2906 29140
2908 2500
2917 10080
2919 85500
2920 16740
2925 12840
2927 9180
2930 6020
2934 5040
2938 5100
2946 6260
2948 14200
2957 27420
2959 28540
2960 5460
2965 8000
2967 5140
2970 8580
2974 9180
2978 16740
