0 0
196 43240
236 16900
240 43240
276 4040
280 16900
316 4860
320 4040
329 43240
356 3960
360 4860
369 16900
396 9480
400 3960
409 4040
436 3640
440 9480
449 4860
476 3340
480 3640
489 3960
516 2500
520 3340
529 9480
556 14200
560 2500
569 3640
596 2680
600 14200
609 3340
636 4400
640 2680
649 2500
676 3660
680 4400
689 14200
716 25840
720 3660
729 2680
756 5340
760 25840
769 4400
796 6400
800 5340
809 3660
835 43240
836 3460
840 6400
849 25840
875 16900
876 21220
880 3460
889 5340
915 4040
916 4820
920 21220
929 6400
955 4860
956 4340
960 4820
969 3460
995 3960
996 2680
1000 4340
1009 21220
1035 9480
1036 23880
1040 2680
1049 4820
1075 3640
1076 3760
1080 23880
1089 4340
1115 3340
1116 4520
1120 3760
1129 2680
1155 2500
1156 4560
1160 4520
1169 23880
1195 14200
1196 22420
1200 4560
1209 3760
1235 2680
1236 4260
1240 22420
1249 4520
1275 4400
1276 2900
1280 4260
1289 4560
1315 3660
1316 2140
1320 46140
1329 22420
1348 43240
1355 25840
1356 6780
1360 19040
1369 4260
1388 16900
1395 5340
1396 3220
1400 10820
1409 2900
1428 4040
1435 6400
1436 3660
1437 43240
1440 8080
1449 2140
1468 4860
1475 3460
1476 85500
1477 16900
1480 7620
1489 6780
1508 3960
1515 64460
1516 28540
1517 4040
1520 94980
1529 3220
1548 9480
1555 21720
1556 6020
1557 4860
1560 32180
1569 3660
1588 3640
1589 43240
1595 8380
1596 8580
1597 3960
1600 9360
1609 85500
1628 3340
1629 16900
1635 7540
1636 5100
1637 9480
1640 11080
1649 28540
1668 2500
1669 4040
1675 27840
1676 16740
1677 3640
1680 19300
1689 6020
1708 14200
1709 4860
1715 13240
1716 5460
1717 3340
1720 19420
1729 8580
1748 2680
1749 3960
1755 8160
1756 5360
1757 2500
1760 9860
1769 5100
1788 4400
1789 9480
1795 7900
1796 3560
1797 14200
1800 9020
1809 16740
1828 3660
1829 3640
1835 24920
1836 19800
1837 2680
1840 29400
1849 5460
1868 25840
1869 3340
1875 18460
1876 4620
1877 4400
1880 25140
1889 5360
1908 5340
1909 2500
1915 5580
1916 6020
1917 3660
1920 11020
1929 3560
1948 6400
1949 14200
1955 6540
1956 4440
1957 25840
1960 9480
1969 19800
1988 3460
1989 2680
1995 10440
1996 24200
1997 5340
2000 25660
2009 4620
2028 21220
2029 4400
2035 29060
2036 4460
2037 6400
2040 29020
2049 6020
2068 4820
2069 3660
2075 9000
2076 7180
2077 3460
2080 8800
2089 4440
2108 4340
2109 25840
2115 91900
2116 6540
2117 21220
2120 9860
2129 24200
2148 2680
2149 5340
2155 32000
2156 23960
2157 4820
2160 30420
2169 4460
2188 23880
2189 6400
2195 27240
2196 6620
2197 4340
2200 27720
2209 7180
2228 3760
2229 3460
2235 13400
2236 6200
2237 2680
2240 11140
2249 6540
2268 4520
2269 21220
2275 9440
2276 3880
2277 23880
2280 10760
2289 23960
2308 4560
2309 4820
2315 19420
2316 29140
2317 3760
2320 26300
2329 6620
2348 22420
2349 4340
2355 29340
2356 6260
2357 4520
2360 33400
2369 6200
2388 4260
2389 2680
2395 9120
2396 8280
2397 4560
2400 9160
2409 3880
2428 2900
2429 23880
2435 8080
2436 5580
2437 22420
2440 10420
2449 29140
2468 2140
2469 3760
2475 24360
2476 24420
2477 4260
2480 12360
2489 6260
2508 6780
2509 4520
2515 27040
2516 5740
2517 2900
2520 27640
2529 8280
2548 3220
2549 4560
2555 10280
2556 7460
2557 2140
2560 9400
2569 5580
2588 3660
2589 22420
2595 7340
2596 5040
2597 6780
2600 92960
2609 24420
2628 85500
2629 4260
2635 26340
2636 9180
2637 3220
2640 33580
2649 5740
2668 28540
2669 2900
2675 11240
2676 5140
2677 3660
2680 15200
2689 7460
2708 6020
2709 2140
2715 10400
2716 6380
2717 85500
2720 13720
2729 5040
2748 8580
2749 6780
2755 10200
2756 114340
2757 28540
2760 11480
2769 9180
2788 5100
2789 3220
2795 109460
2796 26100
2797 6020
2800 131080
2809 5140
2828 16740
2829 3660
2835 35160
2836 6000
2837 8580
2840 31560
2849 6380
2868 5460
2869 85500
2875 12220
2876 9080
2877 5100
2880 11360
2889 114340
2908 5360
2909 28540
2915 12460
2916 5860
2917 16740
2920 12640
2929 26100
2948 3560
2949 6020
2955 34240
2956 23580
2957 5460
2960 25660
2969 5700
