0 0
698 43240
738 16900
778 4040
818 4860
844 43240
858 3960
884 16900
898 9480
924 4040
927 43240
938 3640
954 43240
964 4860
967 16900
978 3340
994 16900
1004 3960
1007 4040
1018 2500
1034 4040
1044 9480
1047 4860
1054 43240
1058 14200
1074 4860
1084 3640
1087 3960
1094 16900
1098 2680
1114 3960
1124 3340
1127 9480
1134 4040
1138 4400
1154 9480
1164 2500
1167 3640
1174 4860
1178 3660
1194 3640
1204 14200
1207 3340
1214 3960
1218 25840
1234 3340
1244 2680
1247 2500
1254 9480
1258 5340
1274 2500
1284 4400
1287 14200
1294 3640
1298 6400
1314 14200
1324 3660
1327 2680
1334 3340
1338 3460
1354 2680
1364 25840
1367 4400
1374 2500
1378 21220
1394 4400
1404 5340
1407 3660
1414 14200
1418 4820
1434 3660
1444 6400
1447 25840
1454 2680
1458 4340
1474 25840
1484 3460
1487 5340
1494 4400
1498 2680
1514 5340
1524 21220
1527 6400
1534 3660
1538 23880
1554 6400
1564 4820
1567 3460
1574 25840
1578 3760
1594 3460
1604 4340
1607 21220
1614 5340
1618 4520
1634 21220
1644 2680
1647 4820
1654 6400
1658 4560
1659 43240
1674 4820
1684 23880
1687 4340
1694 3460
1698 22420
1699 16900
1714 4340
1724 3760
1727 2680
1734 21220
1738 4260
1739 4040
1754 2680
1764 4520
1767 23880
1774 4820
1778 2900
1779 4860
1794 23880
1804 4560
1807 3760
1814 4340
1818 2140
1819 3960
1834 3760
1844 22420
1847 4520
1854 2680
1858 6780
1859 9480
1874 4520
1884 4260
1887 4560
1894 23880
1898 3220
1899 3640
1914 4560
1924 2900
1927 22420
1934 3760
1938 3660
1939 3340
1954 22420
1964 2140
1967 4260
1974 4520
1978 85500
1979 2500
1980 43240
1994 4260
2004 6780
2007 2900
2014 4560
2018 28540
2019 14200
2020 16900
2034 2900
2044 3220
2047 2140
2054 22420
2058 6020
2059 2680
2060 4040
2074 2140
2084 3660
2087 6780
2094 4260
2098 8580
2099 4400
2100 4860
2114 6780
2124 85500
2127 3220
2134 2900
2138 5100
2139 3660
2140 3960
2154 3220
2164 28540
2167 3660
2174 2140
2178 16740
2179 25840
2180 9480
2194 3660
2204 6020
2207 85500
2214 6780
2218 5460
2219 5340
2220 3640
2234 85500
2244 8580
2247 28540
2254 3220
2258 5360
2259 6400
2260 3340
2274 28540
2284 5100
2287 6020
2288 43240
2294 3660
2298 3560
2299 3460
2300 2500
2314 6020
2324 16740
2327 8580
2328 16900
2334 85500
2335 43240
2338 19800
2339 21220
2340 14200
2354 8580
2364 5460
2367 5100
2368 4040
2374 28540
2375 16900
2378 4620
2379 48060
2380 2680
2394 5100
2404 5360
2407 16740
2408 4860
2414 6020
2415 4040
2418 6020
2419 21240
2420 4400
2434 16740
2444 3560
2447 5460
2448 3960
2454 8580
2455 4860
2458 4440
2459 6720
2460 3660
2474 5460
2484 19800
2487 5360
2488 9480
2494 5100
2495 3960
2498 24200
2499 28740
2500 25840
2514 5360
2524 4620
2527 3560
2528 3640
2534 16740
2535 9480
2538 4460
2539 7720
2540 5340
2542 43240
2554 3560
2564 6020
2567 19800
2568 3340
2574 5460
2575 3640
2578 7180
2579 14000
2580 6400
2582 16900
2594 19800
2604 4440
2607 4620
2608 2500
2614 5360
2615 3340
2618 6540
2619 8200
2620 3460
2622 4040
2634 4620
2644 24200
2647 6020
2648 14200
2654 3560
2655 2500
2658 23960
2659 25760
2660 21220
2662 4860
2674 6020
2684 4460
2687 4440
2688 2680
2694 19800
2695 14200
2698 6620
2699 6760
2700 4820
2702 3960
2714 4440
2724 7180
2727 24200
2728 4400
2734 4620
2735 2680
2738 6200
2739 17100
2740 4340
2742 9480
2754 24200
2764 6540
2767 4460
2768 3660
2774 6020
2775 4400
2778 3880
2779 4820
2780 2680
2782 3640
2794 4460
2804 23960
2807 7180
2808 25840
2814 4440
2815 3660
2818 29140
2819 11180
2820 23880
2822 3340
2834 7180
2844 6620
2847 6540
2848 5340
2854 24200
2855 25840
2858 6260
2859 6880
2860 3760
2862 2500
2874 6540
2884 6200
2887 23960
2888 6400
2894 4460
2895 5340
2898 8280
2899 29500
2900 4520
2902 14200
2914 23960
2924 3880
2927 6620
2928 3460
2934 7180
2935 6400
2938 5580
2939 90840
2940 4560
2942 2680
2954 6620
2964 29140
2966 43240
2967 6200
2968 21220
2974 6540
2975 3460
2978 15873
