0 0
295 43240
335 16900
375 4040
415 4860
431 43240
455 3960
471 16900
482 43240
491 43240
495 9480
511 4040
522 16900
531 16900
535 3640
551 4860
562 4040
571 4040
575 3340
591 3960
602 4860
611 48100
615 2500
631 9480
642 3960
651 20860
655 14200
671 3640
679 43240
682 9480
691 13520
695 2680
711 3340
719 16900
722 3640
731 8500
735 4400
751 2500
759 4040
762 3340
771 7300
775 3660
791 14200
799 4860
802 2500
811 11980
815 25840
831 2680
839 3960
842 14200
851 17840
855 5340
858 43240
871 4400
879 9480
882 2680
891 6020
895 6400
898 16900
911 3660
919 3640
922 4400
931 6900
935 3460
938 4040
951 25840
959 3340
962 3660
971 17860
975 21220
978 4860
991 5340
999 2500
1002 25840
1011 28520
1015 4820
1018 3960
1031 6400
1039 14200
1042 5340
1051 9740
1055 4340
1058 9480
1071 3460
1079 2680
1081 43240
1082 6400
1091 10060
1095 2680
1098 3640
1111 21220
1119 4400
1121 16900
1122 3460
1131 29300
1135 23880
1138 3340
1151 4820
1159 3660
1161 4040
1162 21220
1171 26560
1175 3760
1178 2500
1191 4340
1199 25840
1201 4860
1202 4820
1211 11220
1215 4520
1218 14200
1231 2680
1239 5340
1241 3960
1242 4340
1251 7800
1255 4560
1258 2680
1260 43240
1271 23880
1279 6400
1281 9480
1282 2680
1291 23900
1295 22420
1298 4400
1300 16900
1311 3760
1319 3460
1321 3640
1322 23880
1331 28700
1335 4260
1338 3660
1340 4040
1351 4520
1359 21220
1361 3340
1362 3760
1371 8100
1375 2900
1378 25840
1379 43240
1380 4860
1391 4560
1399 4820
1401 2500
1402 4520
1411 7200
1415 2140
1418 5340
1419 16900
1420 3960
1431 22420
1439 4340
1441 14200
1442 4560
1451 28440
1455 6780
1458 6400
1459 4040
1460 9480
1471 4260
1479 2680
1481 2680
1482 22420
1491 26180
1495 3220
1498 3460
1499 4860
1500 3640
1511 2900
1519 23880
1521 4400
1522 4260
1531 8780
1535 3660
1538 21220
1539 3960
1540 3340
1551 2140
1559 3760
1561 3660
1562 2900
1571 7460
1575 85500
1578 4820
1579 9480
1580 2500
1591 6780
1599 4520
1601 25840
1602 2140
1611 24560
1615 28540
1618 4340
1619 3640
1620 14200
1628 43240
1631 3220
1639 4560
1641 5340
1642 6780
1651 11040
1655 6020
1658 2680
1659 3340
1660 2680
1668 16900
1671 3660
1679 22420
1681 6400
1682 3220
1691 6120
1695 8580
1698 23880
1699 2500
1700 4400
1707 43240
1708 4040
1711 85500
1719 4260
1721 3460
1722 3660
1731 5800
1735 5100
1738 3760
1739 14200
1740 3660
1747 16900
1748 4860
1751 28540
1759 2900
1761 21220
1762 85500
1771 92280
1775 16740
1778 4520
1779 2680
1780 25840
1787 4040
1788 3960
1791 6020
1799 2140
1801 4820
1802 28540
1811 31760
1815 5460
1818 4560
1819 4400
1820 5340
1827 4860
1828 9480
1831 8580
1839 6780
1841 4340
1842 6020
1851 9680
1855 5360
1858 22420
1859 3660
1860 6400
1867 3960
1868 3640
1871 5100
1879 3220
1881 2680
1882 8580
1891 94080
1895 3560
1898 4260
1899 25840
1900 3460
1907 9480
1908 3340
1911 16740
1919 3660
1921 23880
1922 5100
1931 33640
1935 19800
1938 2900
1939 5340
1940 21220
1947 3640
1948 2500
1951 5460
1959 85500
1961 3760
1962 16740
1971 22760
1975 4620
1978 2140
1979 6400
1980 4820
1987 3340
1988 14200
1991 5360
1999 28540
2001 4520
2002 5460
2011 14040
2015 6020
2018 6780
2019 3460
2020 4340
2027 2500
2028 2680
2031 3560
2039 6020
2041 4560
2042 5360
2051 10460
2055 4440
2058 3220
2059 21220
2060 2680
2067 14200
2068 4400
2071 19800
2079 8580
2081 22420
2082 3560
2091 20300
2095 24200
2098 3660
2099 4820
2100 23880
2107 2680
2108 3660
2111 4620
2119 5100
2121 4260
2122 19800
2131 25260
2135 4460
2138 85500
2139 4340
2140 3760
2147 4400
2148 25840
2151 6020
2159 16740
2161 2900
2162 4620
2171 9980
2175 7180
2178 28540
2179 2680
2180 4520
2187 3660
2188 5340
2191 4440
2199 5460
2201 2140
2202 6020
2211 9580
2215 6540
2218 6020
2219 23880
2220 4560
2227 25840
2228 6400
2231 24200
2239 5360
2241 6780
2242 4440
2251 24240
2255 23960
2258 8580
2259 3760
2260 22420
2267 5340
2268 3460
2271 4460
2279 3560
2281 3220
2282 24200
2291 28820
2295 6620
2298 5100
2299 4520
2300 4260
2307 6400
2308 21220
2311 7180
2319 19800
2321 3660
2322 4460
2331 10480
2335 6200
2338 16740
2339 4560
2340 2900
2347 3460
2348 4820
2351 6540
2359 4620
2361 85500
2362 7180
2371 11620
2375 3880
2378 5460
2379 22420
2380 2140
2387 21220
2388 4340
2391 23960
2394 43240
2399 6020
2401 28540
2402 6540
2411 30740
2415 29140
2418 5360
2419 4260
2420 6780
2427 4820
2428 2680
2431 6620
2434 16900
2439 4440
2441 6020
2442 23960
2451 28420
2455 6260
2458 3560
2459 2900
2460 3220
2467 4340
2468 23880
2471 6200
2474 4040
2479 24200
2481 8580
2482 6620
2491 13800
2495 8280
2498 19800
2499 2140
2500 3660
2507 2680
2508 3760
2511 3880
2514 4860
2519 4460
2521 5100
2522 6200
2531 12740
2535 5580
2538 4620
2539 6780
2540 85500
2547 23880
2548 4520
2551 29140
2554 3960
2559 7180
2561 16740
2562 3880
2571 27840
2575 24420
2578 6020
2579 3220
2580 28540
2587 47000
2588 4560
2591 6260
2594 9480
2599 6540
2601 5460
2602 29140
2611 35760
2615 5740
2618 4440
2619 3660
2620 6020
2627 21420
2628 22420
2631 8280
2634 3640
2639 23960
2641 5360
2642 6260
2651 12460
2655 7460
2658 24200
2659 85500
2660 8580
2667 8600
2668 4260
2671 5580
2674 3340
2679 6620
2681 3560
2682 8280
2691 12160
2695 5040
2698 4460
2699 28540
2700 5100
2707 27280
2708 2900
2711 24420
2714 2500
2719 6200
2721 19800
2722 5580
2731 34720
2735 9180
2738 7180
2739 6020
2740 16740
2747 8220
2748 2140
2751 5740
2754 14200
2759 3880
2761 4620
2762 24420
2763 43240
2771 30680
2775 5140
2778 6540
2779 8580
2780 5460
2787 12380
2788 6780
2791 7460
2794 2680
2799 29140
2801 6020
2802 5740
2803 16900
2811 14020
2815 6380
2818 23960
2819 5100
2820 5360
2827 5780
2828 3220
2831 5040
2834 4400
2839 6260
2841 4440
2842 7460
2843 4040
2851 13040
2855 114340
2858 6620
2859 16740
2860 3560
2867 10120
2868 3660
2871 9180
2874 3660
2879 8280
2881 24200
2882 5040
2883 4860
2891 29460
2895 26100
2898 6200
2899 5460
2900 19800
2907 5720
2908 85500
2911 5140
2914 25840
2919 5580
2921 4460
2922 9180
2923 3960
2931 14920
2935 6000
2938 3880
2939 5360
2940 4620
2947 17860
2948 28540
2951 6380
2954 5340
2959 24420
2961 7180
2962 5140
2963 9480
2971 12600
2975 9080
2978 29140
2979 3560
2980 6020
2987 88180
2988 6020
2991 85755
