493 43240
533 16900
573 4040
596 43240
613 4860
636 16900
653 3960
676 4040
693 9480
716 4860
733 3640
756 3960
773 3340
796 9480
813 2500
836 3640
848 43240
853 14200
876 3340
888 16900
893 2680
916 2500
928 4040
933 4400
956 14200
968 4860
973 3660
996 2680
1008 3960
1013 25840
1021 43240
1036 4400
1048 9480
1053 5340
1061 16900
1076 3660
1088 3640
1093 6400
1101 4040
1116 25840
1128 3340
1133 3460
1141 4860
1156 5340
1168 2500
1173 21220
1181 3960
1196 6400
1208 14200
1213 4820
1221 9480
1236 3460
1248 2680
1253 4340
1261 3640
1276 21220
1288 4400
1293 2680
1301 46580
1316 4820
1328 3660
1333 23880
1341 19400
1356 4340
1368 25840
1373 3760
1381 18240
1396 2680
1408 5340
1413 4520
1421 7540
1436 23880
1448 6400
1453 4560
1461 8360
1476 3760
1484 43240
1488 3460
1493 22420
1501 13140
1516 4520
1524 16900
1528 21220
1533 4260
1541 29480
1556 4560
1564 4040
1568 4820
1569 43240
1573 2900
1581 8680
1582 43240
1596 22420
1604 4860
1608 4340
1609 16900
1613 2140
1621 8900
1622 16900
1636 4260
1644 3960
1648 2680
1649 4040
1653 6780
1661 17660
1662 4040
1676 2900
1684 9480
1688 23880
1689 4860
1693 3220
1701 23900
1702 4860
1716 2140
1724 3640
1728 3760
1729 3960
1733 3660
1741 9220
1742 3960
1756 6780
1764 3340
1768 4520
1769 9480
1773 85500
1781 8000
1782 9480
1796 3220
1804 2500
1808 4560
1809 3640
1813 28540
1821 28520
1822 3640
1836 3660
1844 14200
1848 22420
1849 3340
1853 6020
1861 29220
1862 3340
1876 85500
1884 2680
1888 4260
1889 2500
1893 8580
1901 10160
1902 2500
1916 28540
1924 4400
1928 2900
1929 14200
1933 5100
1941 7980
1942 14200
1948 43240
1956 6020
1964 3660
1968 2140
1969 2680
1973 16740
1981 25780
1982 2680
1988 16900
1996 8580
2004 25840
2008 6780
2009 4400
2013 5460
2021 27240
2022 4400
2028 4040
2036 5100
2044 5340
2048 3220
2049 3660
2053 5360
2061 8600
2062 3660
2068 4860
2076 16740
2084 6400
2088 3660
2089 25840
2093 3560
2101 5580
2102 25840
2108 3960
2116 5460
2124 3460
2128 85500
2129 5340
2133 19800
2141 26020
2142 5340
2148 9480
2156 5360
2164 21220
2168 28540
2169 6400
2173 4620
2181 10540
2182 6400
2188 3640
2196 3560
2204 4820
2208 6020
2209 3460
2213 6020
2221 7740
2222 3460
2228 3340
2236 19800
2244 4340
2248 8580
2249 21220
2253 4440
2261 8220
2262 21220
2268 2500
2276 4620
2284 2680
2288 5100
2289 4820
2293 24200
2301 107920
2302 4820
2308 14200
2316 6020
2324 23880
2328 16740
2329 4340
2333 4460
2341 32800
2342 4340
2348 2680
2356 4440
2364 3760
2368 5460
2369 2680
2373 7180
2381 8920
2382 2680
2388 4400
2396 24200
2404 4520
2408 5360
2409 23880
2413 6540
2421 10720
2422 23880
2428 3660
2436 4460
2444 4560
2448 3560
2449 3760
2453 23960
2461 11880
2462 3760
2468 25840
2476 7180
2484 22420
2488 19800
2489 4520
2493 6620
2501 19960
2502 4520
2508 5340
2516 6540
2524 4260
2528 4620
2529 4560
2533 6200
2541 9120
2542 4560
2548 6400
2556 23960
2564 2900
2568 6020
2569 22420
2573 3880
2581 90860
2582 22420
2588 3460
2596 6620
2604 2140
2608 4440
2609 4260
2613 29140
2621 32100
2622 4260
2628 21220
2636 6200
2644 6780
2648 24200
2649 2900
2653 6260
2661 25820
2662 2900
2668 4820
2676 3880
2679 43240
2684 3220
2688 4460
2689 2140
2693 8280
2701 13200
2702 2140
2708 4340
2716 29140
2719 16900
2724 3660
2728 7180
2729 6780
2733 5580
2741 11120
2742 6780
2748 2680
2756 6260
2759 4040
2764 85500
2768 6540
2769 3220
2773 24420
2781 21180
2782 3220
2788 23880
2796 8280
2799 4860
2804 28540
2808 23960
2809 3660
2813 5740
2821 29660
2822 3660
2828 3760
2836 5580
2839 3960
2844 6020
2848 6620
2849 85500
2853 7460
2861 9820
2862 85500
2868 4520
2876 24420
2879 9480
2884 8580
2888 6200
2889 28540
2893 5040
2901 10740
2902 28540
2908 4560
2916 5740
2919 3640
2924 5100
2928 3880
2929 6020
2933 9180
2941 26340
2942 6020
2948 22420
2956 7460
2959 3340
2964 16740
2968 29140
2969 8580
2973 5140
2981 28580
2982 8580
2988 4260
2996 3528
