0 0
188 43240
228 16900
268 4040
308 4860
348 3960
388 9480
413 43240
428 3640
453 16900
468 3340
493 4040
502 43240
508 2500
533 4860
542 16900
548 14200
573 3960
582 4040
588 2680
613 9480
622 4860
624 43240
628 4400
653 3640
655 43240
662 3960
664 16900
668 3660
693 3340
695 16900
702 9480
704 4040
708 25840
718 43240
733 2500
735 4040
742 3640
744 4860
748 5340
758 16900
773 14200
775 4860
782 3340
784 3960
788 6400
798 4040
813 2680
815 3960
822 2500
824 9480
828 3460
838 4860
853 4400
855 9480
862 14200
864 3640
868 21220
878 3960
893 3660
895 3640
902 2680
904 3340
908 4820
918 9480
933 25840
935 3340
942 4400
944 2500
948 4340
958 3640
973 5340
975 2500
982 3660
984 14200
988 2680
998 3340
1013 6400
1015 14200
1022 25840
1024 2680
1028 23880
1038 2500
1053 3460
1055 2680
1062 5340
1064 4400
1068 3760
1078 14200
1093 21220
1095 4400
1102 6400
1104 3660
1108 4520
1118 2680
1133 4820
1135 3660
1142 3460
1144 25840
1148 4560
1158 4400
1173 4340
1175 25840
1182 21220
1184 5340
1188 22420
1198 3660
1213 2680
1215 5340
1222 4820
1224 6400
1228 4260
1238 25840
1253 23880
1255 6400
1262 4340
1264 3460
1268 2900
1278 5340
1293 3760
1295 3460
1302 2680
1304 21220
1308 2140
1318 6400
1333 4520
1335 21220
1342 23880
1344 4820
1348 6780
1358 3460
1373 4560
1375 4820
1382 3760
1384 4340
1388 3220
1398 21220
1413 22420
1415 4340
1422 4520
1424 2680
1428 3660
1438 4820
1453 4260
1455 2680
1462 4560
1464 23880
1468 85500
1478 4340
1493 2900
1495 23880
1502 22420
1504 3760
1508 28540
1518 2680
1533 2140
1535 3760
1542 4260
1544 4520
1548 6020
1558 23880
1573 6780
1575 4520
1582 2900
1584 4560
1588 8580
1598 3760
1613 3220
1615 4560
1622 2140
1624 22420
1628 5100
1638 4520
1653 3660
1655 22420
1662 6780
1664 4260
1668 16740
1678 4560
1680 43240
1693 85500
1695 4260
1702 3220
1704 2900
1708 5460
1718 22420
1720 16900
1733 28540
1735 2900
1742 3660
1744 2140
1748 5360
1758 4260
1760 4040
1773 6020
1775 2140
1782 85500
1784 6780
1788 3560
1798 2900
1800 4860
1813 8580
1815 6780
1822 28540
1824 3220
1828 19800
1838 2140
1840 3960
1853 5100
1855 3220
1862 6020
1864 3660
1868 4620
1878 6780
1880 9480
1893 16740
1895 3660
1902 8580
1904 85500
1908 6020
1918 3220
1920 3640
1933 5460
1935 85500
1942 5100
1944 28540
1948 4440
1958 3660
1960 3340
1973 5360
1975 28540
1982 16740
1984 6020
1988 24200
1998 85500
2000 2500
2013 3560
2015 6020
2022 5460
2024 8580
2028 4460
2038 28540
2040 14200
2053 19800
2055 8580
2062 5360
2063 43240
2064 5100
2068 7180
2078 6020
2080 2680
2093 4620
2095 5100
2102 3560
2103 16900
2104 16740
2108 6540
2118 8580
2120 4400
2133 6020
2135 16740
2142 19800
2143 4040
2144 5460
2148 23960
2158 5100
2160 3660
2173 4440
2175 5460
2182 4620
2183 4860
2184 5360
2188 6620
2198 16740
2200 25840
2213 24200
2215 5360
2222 6020
2223 3960
2224 3560
2228 6200
2238 5460
2240 5340
2253 4460
2255 3560
2262 4440
2263 9480
2264 19800
2268 3880
2278 5360
2280 6400
2293 7180
2295 19800
2302 24200
2303 3640
2304 4620
2308 29140
2318 3560
2320 3460
2333 6540
2335 4620
2342 4460
2343 3340
2344 6020
2348 6260
2358 19800
2360 21220
2373 23960
2375 6020
2382 7180
2383 2500
2384 4440
2388 8280
2398 4620
2400 4820
2413 6620
2415 4440
2422 6540
2423 14200
2424 24200
2428 5580
2438 6020
2440 4340
2453 6200
2455 24200
2462 23960
2463 2680
2464 4460
2468 24420
2478 4440
2480 2680
2493 3880
2495 4460
2502 6620
2503 4400
2504 7180
2508 5740
2518 67440
2520 23880
2533 29140
2535 7180
2542 6200
2543 3660
2544 6540
2548 7460
2558 21360
2560 3760
2573 6260
2575 6540
2582 3880
2583 25840
2584 23960
2588 5040
2598 11220
2600 4520
2613 8280
2615 23960
2622 29140
2623 5340
2624 6620
2628 9180
2638 11400
2640 4560
2653 5580
2655 6620
2662 6260
2663 6400
2664 6200
2668 5140
2678 27920
2680 22420
2693 24420
2695 6200
2702 8280
2703 3460
2704 3880
2708 6380
2718 16100
2720 4260
2733 5740
2735 3880
2742 5580
2743 21220
2744 29140
2748 114340
2758 9840
2760 2900
2773 7460
2775 29140
2782 24420
2783 4820
2784 6260
2788 26100
2798 7220
2800 2140
2813 5040
2815 6260
2822 5740
2823 4340
2824 8280
2828 6000
2838 31640
2840 6780
2853 9180
2855 8280
2862 7460
2863 2680
2864 5580
2868 9080
2878 20460
2880 3220
2893 5140
2895 5580
2902 5040
2903 23880
2904 24420
2908 5860
2918 10960
2920 3660
2933 6380
2935 24420
2942 9180
2943 3760
2944 5740
2948 23580
2958 9980
2960 85500
2973 114340
2975 5740
2982 5140
2983 1808
