0 0
980 43240
1020 16900
1060 4040
1081 43240
1100 4860
1121 16900
1140 3960
1161 4040
1180 9480
1201 4860
1220 3640
1241 3960
1260 3340
1261 43240
1281 9480
1300 2500
1301 16900
1321 3640
1340 57440
1341 4040
1361 3340
1380 19580
1381 4860
1401 2500
1420 8440
1421 3960
1441 14200
1460 8520
1461 9480
1463 43240
1467 43240
1481 2680
1500 29800
1501 3640
1503 16900
1507 16900
1521 4400
1540 14820
1541 3340
1543 4040
1547 4040
1561 3660
1580 10040
1581 2500
1583 4860
1587 4860
1601 25840
1620 6800
1621 14200
1623 3960
1627 3960
1641 5340
1651 43240
1660 23720
1661 2680
1663 9480
1667 9480
1681 6400
1691 16900
1700 19020
1701 4400
1703 3640
1707 3640
1721 3460
1728 43240
1731 4040
1740 7020
1741 3660
1743 3340
1747 3340
1761 21220
1768 16900
1771 4860
1780 7080
1781 25840
1783 2500
1787 2500
1801 4820
1808 4040
1811 3960
1820 27540
1821 5340
1823 14200
1827 14200
1841 4340
1848 4860
1851 9480
1860 29600
1861 6400
1863 2680
1867 2680
1881 2680
1888 3960
1891 3640
1900 9860
1901 3460
1903 4400
1907 4400
1912 43240
1921 23880
1928 9480
1931 3340
1940 10960
1941 21220
1943 3660
1947 3660
1952 16900
1961 3760
1968 3640
1971 2500
1980 25880
1981 4820
1983 25840
1987 25840
1992 4040
2001 4520
2008 3340
2011 14200
2020 25480
2021 4340
2023 5340
2027 5340
2032 4860
2041 4560
2048 2500
2051 2680
2060 7720
2061 2680
2063 6400
2067 6400
2072 3960
2081 22420
2088 14200
2091 4400
2100 6480
2101 23880
2103 3460
2107 3460
2112 9480
2121 4260
2128 2680
2131 3660
2140 9460
2141 3760
2143 21220
2147 21220
2152 3640
2161 2900
2168 4400
2171 25840
2180 27100
2181 4520
2183 4820
2187 4820
2192 3340
2201 2140
2202 43240
2208 3660
2211 5340
2220 7420
2221 4560
2223 4340
2227 4340
2232 2500
2241 6780
2242 16900
2248 25840
2251 6400
2260 90020
2261 22420
2263 2680
2267 2680
2272 14200
2281 3220
2282 4040
2288 5340
2291 3460
2300 33100
2301 4260
2303 23880
2307 23880
2312 2680
2321 3660
2322 4860
2328 6400
2331 21220
2340 28440
2341 2900
2343 3760
2347 3760
2352 4400
2357 43240
2361 85500
2362 3960
2368 3460
2371 4820
2380 12840
2381 2140
2383 4520
2387 4520
2392 3660
2397 16900
2401 28540
2402 9480
2408 21220
2411 4340
2420 8000
2421 6780
2423 4560
2427 4560
2432 25840
2437 4040
2441 6020
2442 3640
2448 4820
2451 2680
2460 18880
2461 3220
2463 22420
2467 22420
2472 5340
2477 4860
2481 8580
2482 3340
2488 4340
2491 23880
2500 12240
2501 3660
2503 4260
2507 4260
2512 6400
2517 3960
2521 5100
2522 2500
2528 2680
2531 3760
2540 8580
2541 85500
2543 2900
2547 2900
2552 3460
2557 9480
2561 16740
2562 14200
2568 23880
2571 4520
2580 7220
2581 28540
2583 2140
2587 2140
2592 21220
2597 3640
2601 5460
2602 2680
2608 3760
2611 4560
2620 105300
2621 6020
2623 6780
2627 6780
2632 4820
2637 3340
2641 5360
2642 4400
2648 4520
2651 22420
2660 33160
2661 8580
2663 3220
2667 3220
2672 4340
2677 2500
2681 3560
2682 3660
2688 4560
2691 4260
2700 12040
2701 5100
2703 3660
2704 43240
2707 3660
2712 2680
2717 14200
2721 19800
2722 25840
2728 22420
2731 2900
2740 13020
2741 16740
2743 85500
2744 16900
2747 85500
2752 23880
2757 2680
2761 4620
2762 5340
2768 4260
2771 2140
2780 29300
2781 5460
2783 28540
2784 4040
2787 28540
2792 3760
2797 4400
2801 6020
2802 6400
2808 2900
2811 6780
2820 21200
2821 5360
2823 6020
2824 4860
2827 6020
2829 43240
2832 4520
2837 3660
2841 4440
2842 3460
2848 2140
2851 3220
2860 12640
2861 3560
2863 8580
2864 3960
2867 8580
2869 16900
2872 4560
2877 25840
2881 24200
2882 21220
2888 6780
2891 3660
2900 11900
2901 19800
2903 5100
2904 9480
2907 5100
2909 4040
2912 22420
2917 5340
2921 4460
2922 4820
2928 3220
2931 85500
2940 27520
2941 4620
2943 16740
2944 3640
2947 16740
2949 4860
2952 4260
2957 6400
2961 7180
2962 4340
2968 3660
2971 28540
2980 26420
2981 2107
