0 0
102 43240
142 16900
182 4040
222 4860
262 3960
302 9480
342 3640
376 43240
382 3340
416 16900
422 2500
456 4040
462 14200
496 4860
502 2680
536 3960
542 4400
576 9480
582 3660
597 43240
616 3640
622 25840
637 16900
656 3340
662 5340
667 43240
677 4040
696 2500
702 6400
707 16900
717 4860
736 14200
742 3460
747 4040
756 43240
757 3960
776 2680
782 21220
787 4860
796 16900
797 9480
816 4400
822 4820
827 3960
836 4040
837 3640
856 3660
862 4340
867 9480
876 4860
877 3340
893 43240
896 25840
902 2680
907 3640
916 3960
917 2500
933 16900
936 5340
942 23880
947 3340
956 9480
957 14200
973 4040
976 6400
982 3760
987 2500
996 3640
997 2680
1013 4860
1016 3460
1022 4520
1027 14200
1036 3340
1037 4400
1053 3960
1056 21220
1062 4560
1067 2680
1076 2500
1077 3660
1093 9480
1096 4820
1102 22420
1107 4400
1116 14200
1117 25840
1133 3640
1136 4340
1142 4260
1147 3660
1156 2680
1157 5340
1173 3340
1176 2680
1182 2900
1187 25840
1196 4400
1197 6400
1213 2500
1216 23880
1222 2140
1227 5340
1236 3660
1237 3460
1253 14200
1256 3760
1262 6780
1267 6400
1276 25840
1277 21220
1293 2680
1296 4520
1302 3220
1307 3460
1316 5340
1317 4820
1333 4400
1336 4560
1342 3660
1347 21220
1356 6400
1357 4340
1373 3660
1376 22420
1382 85500
1387 4820
1396 3460
1397 2680
1413 25840
1416 4260
1422 28540
1427 4340
1436 21220
1437 23880
1453 5340
1456 2900
1462 6020
1467 2680
1476 4820
1477 3760
1493 6400
1496 2140
1502 8580
1507 23880
1516 4340
1517 4520
1533 3460
1536 6780
1542 5100
1547 3760
1556 2680
1557 4560
1573 21220
1576 3220
1582 16740
1587 4520
1596 23880
1597 22420
1613 4820
1616 3660
1622 5460
1627 4560
1636 3760
1637 4260
1649 43240
1653 4340
1656 85500
1658 43240
1662 5360
1667 22420
1676 4520
1677 2900
1689 16900
1693 2680
1696 28540
1698 16900
1702 3560
1707 4260
1716 4560
1717 2140
1729 4040
1733 23880
1736 6020
1738 4040
1742 19800
1747 2900
1756 22420
1757 6780
1769 4860
1773 3760
1776 8580
1778 4860
1782 4620
1787 2140
1796 4260
1797 3220
1809 3960
1813 4520
1816 5100
1818 3960
1822 6020
1827 6780
1836 2900
1837 3660
1849 9480
1853 4560
1856 16740
1858 9480
1862 4440
1867 3220
1876 2140
1877 85500
1889 3640
1893 22420
1896 5460
1898 3640
1902 24200
1907 3660
1916 6780
1917 28540
1929 3340
1933 4260
1936 5360
1938 3340
1942 4460
1947 85500
1956 3220
1957 6020
1969 2500
1973 2900
1976 3560
1978 2500
1982 7180
1987 28540
1996 3660
1997 8580
2009 14200
2013 2140
2016 19800
2018 14200
2022 6540
2027 6020
2036 85500
2037 5100
2049 2680
2053 6780
2056 4620
2058 2680
2062 23960
2067 8580
2076 28540
2077 16740
2089 4400
2093 3220
2096 6020
2098 4400
2102 6620
2107 5100
2116 6020
2117 5460
2129 3660
2133 3660
2136 4440
2138 3660
2142 6200
2147 16740
2156 8580
2157 5360
2158 43240
2169 25840
2173 85500
2176 24200
2178 25840
2182 3880
2187 5460
2196 5100
2197 3560
2198 16900
2209 5340
2213 28540
2216 4460
2218 5340
2222 29140
2227 5360
2236 16740
2237 19800
2238 4040
2249 6400
2253 6020
2256 7180
2258 6400
2262 6260
2267 3560
2276 5460
2277 4620
2278 4860
2289 3460
2293 8580
2296 6540
2298 3460
2302 8280
2307 19800
2316 5360
2317 6020
2318 3960
2329 21220
2333 5100
2336 23960
2338 21220
2342 5580
2347 4620
2349 43240
2356 3560
2357 4440
2358 9480
2369 4820
2373 16740
2376 6620
2378 4820
2382 24420
2387 6020
2389 16900
2396 19800
2397 24200
2398 3640
2409 4340
2413 5460
2416 6200
2418 4340
2422 5740
2427 4440
2429 4040
2436 4620
2437 4460
2438 3340
2449 2680
2453 5360
2456 3880
2458 2680
2462 7460
2467 24200
2469 4860
2476 6020
2477 7180
2478 2500
2489 23880
2493 3560
2496 29140
2498 23880
2502 5040
2507 4460
2509 3960
2516 4440
2517 6540
2518 14200
2529 3760
2533 19800
2536 6260
2538 3760
2542 9180
2547 7180
2549 9480
2556 24200
2557 23960
2558 2680
2569 4520
2573 4620
2576 8280
2578 4520
2582 5140
2587 6540
2589 3640
2596 4460
2597 6620
2598 4400
2609 4560
2613 6020
2616 5580
2618 4560
2622 6380
2627 23960
2629 3340
2636 7180
2637 6200
2638 3660
2649 22420
2653 4440
2656 24420
2658 22420
2662 114340
2665 43240
2667 6620
2669 2500
2676 6540
2677 3880
2678 25840
2689 4260
2693 24200
2696 5740
2698 4260
2702 26100
2705 16900
2707 6200
2709 14200
2716 23960
2717 29140
2718 5340
2729 2900
2733 4460
2736 7460
2738 2900
2742 6000
2745 4040
2747 3880
2749 2680
2756 6620
2757 6260
2758 6400
2769 2140
2773 7180
2776 5040
2778 2140
2782 9080
2785 4860
2787 29140
2789 4400
2796 6200
2797 8280
2798 3460
2809 6780
2813 6540
2816 9180
2818 6780
2822 5860
2825 3960
2827 6260
2829 3660
2836 3880
2837 5580
2838 21220
2849 3220
2853 23960
2856 5140
2858 3220
2862 23580
2865 9480
2867 8280
2869 25840
2876 29140
2877 24420
2878 4820
2889 3660
2893 6620
2896 6380
2898 3660
2902 6480
2905 3640
2907 5580
2909 5340
2916 6260
2917 5740
2918 4340
2929 85500
2933 6200
2936 114340
2938 85500
2942 9400
2945 3340
2947 24420
2949 6400
2956 8280
2957 7460
2958 2680
2969 28540
2973 3880
2976 26100
2978 28540
2982 7200
2985 2500
2987 5740
2989 3460
2996 5580
2997 5040
2998 14328
