0 0
162 43240
202 16900
242 4040
261 43240
282 4860
301 16900
322 3960
341 4040
342 43240
362 9480
381 4860
382 16900
402 3640
421 3960
422 4040
442 3340
461 9480
462 4860
482 2500
501 3640
502 3960
522 14200
541 3340
542 9480
562 2680
581 2500
582 3640
602 4400
621 14200
622 3340
642 3660
661 2680
662 2500
682 25840
701 4400
702 14200
722 5340
741 3660
742 2680
762 6400
781 25840
782 4400
802 3460
821 5340
822 3660
842 21220
861 6400
862 25840
882 4820
901 3460
902 5340
904 43240
922 4340
941 21220
942 6400
944 16900
962 2680
981 4820
982 3460
984 4040
999 43240
1002 23880
1021 4340
1022 21220
1024 4860
1039 16900
1042 3760
1061 2680
1062 4820
1064 3960
1079 4040
1082 4520
1101 23880
1102 4340
1104 9480
1119 4860
1122 4560
1141 3760
1142 2680
1144 3640
1159 3960
1162 22420
1165 43240
1181 4520
1182 23880
1184 3340
1199 9480
1202 4260
1205 16900
1221 4560
1222 3760
1224 2500
1239 3640
1242 2900
1245 4040
1261 22420
1262 4520
1264 14200
1279 3340
1282 2140
1285 4860
1301 4260
1302 4560
1304 2680
1319 2500
1320 43240
1322 6780
1325 3960
1341 2900
1342 22420
1344 4400
1359 14200
1360 16900
1362 3220
1365 9480
1381 2140
1382 4260
1384 3660
1399 2680
1400 4040
1402 3660
1405 3640
1421 6780
1422 2900
1424 25840
1439 4400
1440 4860
1442 85500
1445 3340
1461 3220
1462 2140
1464 5340
1479 3660
1480 3960
1482 28540
1485 2500
1501 3660
1502 6780
1504 6400
1519 25840
1520 9480
1522 6020
1525 14200
1530 43240
1541 85500
1542 3220
1544 3460
1559 5340
1560 3640
1562 8580
1563 43240
1565 2680
1570 16900
1581 28540
1582 3660
1584 21220
1588 43240
1599 6400
1600 3340
1602 5100
1603 16900
1605 4400
1610 4040
1621 6020
1622 85500
1624 4820
1628 16900
1639 3460
1640 2500
1642 16740
1643 4040
1645 3660
1650 4860
1661 8580
1662 28540
1664 4340
1668 4040
1679 21220
1680 14200
1682 5460
1683 4860
1685 25840
1690 3960
1701 5100
1702 6020
1704 2680
1708 4860
1719 4820
1720 2680
1722 5360
1723 3960
1725 5340
1730 9480
1741 16740
1742 8580
1744 23880
1748 3960
1759 4340
1760 4400
1762 3560
1763 9480
1765 6400
1770 3640
1781 5460
1782 5100
1784 3760
1788 9480
1799 2680
1800 3660
1802 19800
1803 3640
1805 3460
1810 3340
1821 5360
1822 16740
1824 4520
1828 3640
1839 23880
1840 25840
1842 4620
1843 3340
1845 21220
1850 2500
1861 3560
1862 5460
1864 4560
1868 3340
1879 3760
1880 5340
1882 6020
1883 2500
1885 4820
1890 14200
1901 19800
1902 5360
1904 22420
1908 2500
1919 4520
1920 6400
1922 4440
1923 14200
1925 4340
1930 2680
1941 4620
1942 3560
1944 4260
1948 14200
1959 4560
1960 3460
1962 24200
1963 2680
1965 2680
1970 4400
1981 6020
1982 19800
1984 2900
1988 2680
1999 22420
2000 21220
2002 4460
2003 4400
2005 23880
2010 3660
2021 4440
2022 4620
2024 2140
2028 4400
2039 4260
2040 4820
2042 7180
2043 3660
2045 3760
2050 25840
2061 24200
2062 6020
2064 6780
2068 3660
2079 2900
2080 4340
2082 6540
2083 25840
2085 4520
2090 5340
2101 4460
2102 4440
2104 3220
2108 25840
2119 2140
2120 2680
2122 23960
2123 5340
2125 4560
2130 6400
2141 7180
2142 24200
2144 3660
2148 5340
2159 6780
2160 23880
2162 6620
2163 6400
2165 22420
2170 3460
2181 6540
2182 4460
2184 85500
2188 6400
2199 3220
2200 3760
2202 6200
2203 3460
2205 4260
2210 21220
2221 23960
2222 7180
2224 28540
2228 3460
2239 3660
2240 4520
2242 3880
2243 21220
2245 2900
2250 4820
2261 6620
2262 6540
2264 6020
2268 21220
2279 85500
2280 4560
2282 29140
2283 4820
2285 2140
2290 4340
2301 6200
2302 23960
2304 8580
2308 4820
2319 28540
2320 22420
2322 6260
2323 4340
2325 6780
2330 2680
2341 3880
2342 6620
2344 5100
2348 4340
2359 6020
2360 4260
2362 8280
2363 2680
2365 3220
2370 23880
2381 29140
2382 6200
2384 16740
2388 2680
2399 8580
2400 2900
2402 5580
2403 23880
2405 3660
2410 3760
2421 6260
2422 3880
2424 5460
2428 23880
2439 5100
2440 2140
2442 24420
2443 3760
2445 85500
2450 4520
2457 43240
2461 8280
2462 29140
2464 5360
2468 3760
2479 16740
2480 6780
2482 5740
2483 4520
2485 28540
2490 4560
2497 16900
2501 5580
2502 6260
2504 3560
2508 4520
2519 5460
2520 3220
2522 7460
2523 4560
2525 6020
2529 43240
2530 22420
2537 4040
2541 24420
2542 8280
2544 19800
2548 4560
2559 5360
2560 3660
2562 5040
2563 22420
2565 8580
2569 16900
2570 4260
2577 4860
2581 5740
2582 5580
2584 4620
2588 22420
2599 3560
2600 85500
2602 9180
2603 4260
2605 5100
2609 4040
2610 2900
2617 3960
2621 7460
2622 24420
2624 6020
2628 4260
2639 19800
2640 28540
2642 5140
2643 2900
2645 16740
2649 4860
2650 2140
2657 9480
2661 5040
2662 5740
2664 4440
2668 2900
2679 4620
2680 6020
2682 6380
2683 2140
2685 5460
2689 3960
2690 6780
2697 3640
2701 9180
2702 7460
2704 24200
2708 2140
2719 6020
2720 8580
2722 114340
2723 6780
2725 5360
2729 9480
2730 3220
2737 3340
2741 5140
2742 5040
2744 4460
2748 6780
2759 4440
2760 5100
2762 26100
2763 3220
2765 3560
2769 3640
2770 3660
2777 2500
2781 6380
2782 9180
2784 7180
2788 3220
2799 24200
2800 16740
2802 6000
2803 3660
2805 19800
2809 3340
2810 85500
2817 14200
2821 114340
2822 5140
2824 6540
2828 3660
2839 4460
2840 5460
2842 9080
2843 85500
2845 4620
2849 2500
2850 28540
2857 2680
2861 26100
2862 6380
2864 23960
2868 85500
2879 7180
2880 5360
2882 5860
2883 28540
2885 6020
2889 14200
2890 6020
2897 4400
2901 6000
2902 114340
2904 6620
2908 28540
2919 6540
2920 3560
2922 23580
2923 6020
2925 4440
2929 2680
2930 8580
2937 3660
2941 9080
2942 26100
2944 6200
2948 6020
2959 23960
2960 19800
2962 6480
2963 8580
2965 24200
2969 4400
2970 5100
2977 25840
2981 5860
2982 2400
