0 0
379 43240
419 16900
459 4040
499 4860
537 43240
539 3960
577 16900
579 9480
617 4040
619 3640
657 4860
659 3340
697 3960
699 2500
737 9480
739 14200
744 43240
777 3640
779 2680
784 16900
813 43240
817 3340
819 4400
824 4040
851 43240
853 16900
857 2500
859 3660
864 4860
891 16900
893 4040
897 14200
899 25840
904 3960
931 4040
933 4860
937 2680
939 5340
944 9480
971 4860
973 3960
977 4400
979 6400
984 3640
1011 3960
1013 9480
1017 3660
1019 3460
1024 3340
1051 9480
1053 3640
1057 25840
1059 21220
1064 2500
1091 3640
1093 3340
1097 5340
1099 4820
1104 14200
1131 3340
1133 2500
1137 6400
1139 4340
1144 2680
1171 2500
1173 14200
1177 3460
1179 2680
1184 4400
1211 14200
1213 2680
1217 21220
1219 23880
1224 3660
1251 2680
1253 4400
1257 4820
1259 3760
1264 25840
1291 4400
1293 3660
1297 4340
1299 4520
1304 5340
1331 3660
1333 25840
1337 2680
1339 4560
1344 6400
1371 25840
1373 5340
1377 23880
1379 22420
1384 3460
1411 5340
1413 6400
1417 3760
1419 4260
1424 21220
1451 6400
1453 3460
1455 43240
1457 4520
1459 2900
1464 4820
1491 3460
1493 21220
1495 16900
1497 4560
1499 2140
1504 4340
1523 43240
1531 21220
1533 4820
1535 4040
1537 22420
1539 6780
1544 2680
1563 16900
1571 4820
1573 4340
1575 4860
1577 4260
1579 3220
1584 23880
1603 4040
1611 4340
1613 2680
1615 3960
1617 2900
1619 3660
1624 3760
1643 4860
1651 2680
1653 23880
1655 9480
1657 2140
1659 85500
1664 47760
1683 3960
1691 23880
1693 3760
1695 3640
1697 6780
1699 28540
1704 21460
1723 9480
1731 3760
1733 4520
1735 3340
1737 3220
1739 6020
1744 26460
1763 3640
1771 4520
1773 4560
1775 2500
1777 3660
1779 8580
1784 9120
1803 3340
1811 4560
1813 22420
1815 14200
1817 85500
1819 5100
1824 6860
1843 2500
1851 22420
1853 4260
1855 2680
1857 28540
1859 16740
1864 11620
1883 14200
1891 4260
1893 2900
1895 4400
1897 6020
1899 5460
1904 10420
1923 2680
1931 2900
1933 2140
1935 3660
1937 8580
1939 5360
1944 6560
1963 4400
1971 2140
1973 6780
1975 25840
1977 5100
1979 3560
1984 6160
2003 3660
2011 6780
2013 3220
2015 5340
2017 16740
2019 19800
2024 99700
2037 43240
2043 25840
2051 3220
2053 3660
2055 6400
2057 5460
2059 4620
2064 31220
2077 16900
2083 5340
2091 3660
2093 85500
2095 3460
2097 5360
2099 6020
2104 10420
2117 4040
2123 6400
2131 85500
2133 28540
2135 21220
2137 3560
2139 4440
2144 12240
2157 4860
2163 3460
2171 28540
2172 43240
2173 6020
2175 4820
2177 19800
2179 24200
2184 30940
2197 3960
2203 21220
2211 6020
2212 16900
2213 8580
2215 4340
2217 4620
2219 4460
2224 22080
2237 9480
2243 4820
2251 8580
2252 4040
2253 5100
2255 2680
2257 6020
2259 7180
2264 11860
2277 3640
2283 4340
2291 5100
2292 4860
2293 16740
2295 23880
2297 4440
2299 6540
2304 8820
2317 3340
2323 2680
2331 16740
2332 3960
2333 5460
2335 3760
2337 24200
2339 23960
2344 24780
2350 43240
2357 2500
2363 23880
2371 5460
2372 9480
2373 5360
2375 4520
2377 4460
2379 6620
2384 24620
2390 16900
2397 14200
2403 3760
2411 5360
2412 3640
2413 3560
2415 4560
2417 7180
2419 6200
2424 8960
2430 4040
2437 2680
2443 4520
2451 3560
2452 3340
2453 19800
2455 22420
2457 6540
2459 3880
2464 8700
2470 4860
2477 4400
2483 4560
2491 19800
2492 2500
2493 4620
2495 4260
2497 23960
2499 29140
2504 28320
2510 3960
2517 3660
2523 65660
2531 4620
2532 14200
2533 6020
2535 2900
2537 6620
2539 6260
2544 27960
2550 9480
2557 25840
2563 21160
2571 6020
2572 2680
2573 4440
2575 2140
2577 6200
2579 8280
2584 8980
2590 3640
2597 5340
2603 6940
2611 4440
2612 4400
2613 24200
2615 6780
2617 3880
2619 5580
2624 11740
2630 3340
2637 6400
2640 43240
2643 7000
2651 24200
2652 3660
2653 4460
2655 3220
2657 29140
2659 24420
2664 28960
2670 2500
2677 3460
2680 16900
2683 10740
2691 4460
2692 25840
2693 7180
2695 3660
2697 6260
2699 5740
2704 28220
2710 14200
2717 21220
2720 4040
2723 12700
2731 7180
2732 5340
2733 6540
2735 85500
2737 8280
2739 7460
2744 9520
2750 2680
2757 4820
2760 4860
2763 7300
2771 6540
2772 6400
2773 23960
2775 28540
2777 5580
2779 5040
2784 8340
2790 4400
2797 4340
2800 3960
2803 88840
2811 23960
2812 3460
2813 6620
2815 6020
2817 24420
2819 9180
2824 10660
2830 3660
2837 2680
2840 9480
2843 31040
2851 6620
2852 21220
2853 6200
2855 8580
2857 5740
2859 5140
2864 32360
2870 25840
2877 23880
2880 3640
2883 20220
2891 6200
2892 4820
2893 3880
2895 5100
2897 7460
2899 6380
2904 9920
2910 5340
2917 3760
2920 3340
2923 11260
2931 3880
2932 4340
2933 29140
2935 16740
2937 5040
2939 114340
2944 93780
2950 6400
2957 4520
2960 2500
2963 9500
2971 29140
2972 2680
2973 6260
2975 5460
2977 9180
2979 26100
