0 0
489 43240
497 43240
529 16900
537 16900
569 4040
577 4040
609 4860
617 4860
634 43240
649 3960
657 3960
674 16900
689 9480
697 9480
714 4040
718 43240
729 3640
737 3640
754 4860
758 16900
769 3340
777 3340
794 3960
798 4040
809 2500
817 2500
834 9480
838 4860
849 14200
857 14200
874 3640
878 3960
889 2680
897 2680
914 3340
918 9480
929 4400
937 4400
954 2500
958 3640
969 3660
977 3660
994 14200
998 3340
1009 25840
1017 25840
1034 2680
1038 2500
1049 5340
1057 5340
1074 4400
1078 14200
1089 6400
1097 6400
1114 3660
1118 2680
1129 3460
1137 3460
1154 25840
1158 4400
1169 21220
1177 21220
1194 5340
1198 3660
1202 43240
1209 4820
1217 4820
1234 6400
1238 25840
1242 16900
1249 4340
1257 4340
1274 3460
1278 5340
1282 4040
1289 2680
1297 2680
1314 21220
1318 6400
1322 4860
1329 23880
1337 23880
1354 4820
1358 3460
1362 3960
1369 3760
1377 3760
1394 4340
1398 21220
1402 9480
1409 4520
1417 4520
1434 2680
1438 4820
1442 3640
1449 4560
1457 4560
1474 23880
1478 4340
1482 3340
1489 22420
1497 22420
1514 3760
1518 2680
1522 2500
1529 4260
1537 4260
1554 4520
1558 23880
1562 14200
1569 2900
1577 2900
1594 4560
1598 3760
1602 2680
1609 2140
1617 2140
1634 22420
1638 4520
1642 4400
1649 6780
1657 6780
1674 4260
1678 4560
1682 3660
1689 3220
1697 3220
1714 2900
1718 22420
1722 25840
1729 3660
1737 3660
1754 2140
1758 4260
1762 5340
1769 85500
1777 85500
1794 6780
1798 2900
1802 6400
1809 28540
1817 28540
1834 3220
1838 2140
1842 3460
1849 6020
1857 6020
1874 3660
1878 6780
1882 21220
1889 8580
1897 8580
1914 85500
1915 43240
1918 3220
1922 4820
1929 5100
1937 5100
1954 28540
1955 16900
1958 3660
1962 4340
1969 16740
1977 16740
1994 6020
1995 4040
1998 85500
2002 2680
2009 5460
2017 5460
2034 8580
2035 4860
2038 28540
2042 23880
2049 5360
2057 5360
2074 5100
2075 3960
2078 6020
2082 3760
2089 3560
2097 3560
2114 16740
2115 9480
2118 8580
2122 4520
2129 19800
2137 19800
2154 5460
2155 3640
2158 5100
2162 4560
2169 4620
2177 4620
2194 5360
2195 3340
2198 16740
2202 22420
2209 6020
2217 6020
2226 43240
2234 3560
2235 2500
2238 5460
2242 4260
2249 4440
2257 4440
2266 16900
2274 19800
2275 14200
2278 5360
2282 2900
2289 24200
2297 24200
2306 4040
2314 4620
2315 2680
2318 3560
2322 2140
2329 4460
2337 4460
2346 4860
2354 6020
2355 4400
2358 19800
2362 6780
2369 7180
2377 7180
2386 3960
2394 4440
2395 3660
2398 4620
2402 3220
2409 6540
2417 6540
2426 9480
2434 24200
2435 25840
2438 6020
2442 3660
2449 23960
2457 23960
2466 3640
2474 4460
2475 5340
2478 4440
2482 85500
2489 6620
2497 6620
2506 3340
2514 7180
2515 6400
2518 24200
2522 28540
2529 6200
2537 6200
2546 2500
2554 6540
2555 3460
2558 4460
2562 6020
2569 3880
2577 3880
2586 14200
2594 23960
2595 21220
2598 7180
2602 8580
2609 29140
2617 29140
2626 2680
2634 6620
2635 4820
2638 6540
2642 5100
2649 6260
2657 6260
2666 4400
2674 6200
2675 4340
2678 23960
2682 16740
2689 8280
2697 8280
2706 3660
2714 3880
2715 2680
2718 6620
2722 5460
2729 5580
2737 5580
2746 25840
2754 29140
2755 23880
2758 6200
2762 5360
2769 24420
2777 67660
2786 5340
2794 6260
2795 3760
2798 3880
2802 3560
2809 5740
2817 22640
2826 6400
2834 8280
2835 4520
2838 29140
2842 19800
2849 7460
2857 11500
2864 43240
2866 3460
2874 5580
2875 4560
2878 6260
2882 4620
2887 43240
2889 5040
2897 9900
2904 16900
2906 21220
2914 24420
2915 22420
2918 8280
2922 6020
2926 43240
2927 16900
2929 9180
2937 13140
2944 4040
2946 4820
2954 5740
2955 4260
2958 5580
2962 4440
2966 16900
2967 4040
2969 5140
2977 12724
