0 0
708 43240
748 16900
788 4040
828 4860
868 3960
908 9480
923 43240
948 3640
963 16900
988 3340
1003 4040
1028 2500
1043 4860
1068 14200
1083 3960
1108 2680
1123 9480
1148 4400
1163 3640
1188 3660
1197 43240
1203 3340
1228 25840
1237 16900
1243 2500
1268 5340
1277 4040
1283 14200
1308 6400
1317 4860
1321 43240
1323 2680
1348 3460
1357 3960
1361 16900
1363 4400
1388 21220
1397 9480
1401 4040
1403 3660
1428 4820
1437 3640
1441 4860
1443 25840
1468 4340
1477 3340
1481 3960
1483 5340
1508 2680
1517 2500
1521 9480
1523 6400
1548 23880
1557 14200
1561 3640
1563 3460
1578 43240
1588 3760
1597 2680
1601 3340
1603 21220
1618 16900
1628 4520
1637 4400
1641 2500
1643 4820
1658 4040
1668 4560
1677 3660
1681 14200
1683 4340
1698 4860
1708 22420
1717 25840
1721 2680
1723 2680
1731 43240
1738 3960
1748 4260
1757 5340
1761 4400
1763 23880
1771 16900
1778 9480
1781 43240
1788 2900
1797 6400
1801 3660
1803 3760
1811 4040
1818 3640
1821 16900
1828 2140
1837 3460
1841 25840
1843 4520
1851 4860
1858 3340
1861 4040
1868 6780
1877 21220
1881 5340
1883 4560
1891 3960
1898 2500
1901 4860
1908 3220
1917 4820
1921 6400
1923 22420
1931 9480
1938 14200
1941 3960
1948 3660
1957 4340
1961 3460
1963 4260
1971 3640
1978 2680
1981 9480
1988 85500
1997 2680
2001 21220
2003 2900
2011 3340
2018 4400
2021 3640
2028 28540
2037 23880
2041 4820
2043 2140
2051 2500
2058 3660
2061 3340
2068 6020
2077 3760
2081 4340
2083 6780
2091 14200
2098 25840
2101 2500
2108 8580
2117 4520
2121 2680
2123 3220
2131 2680
2138 5340
2141 14200
2148 5100
2157 4560
2161 23880
2163 3660
2171 4400
2178 6400
2181 2680
2188 16740
2197 22420
2201 3760
2203 85500
2211 3660
2218 3460
2221 4400
2228 5460
2237 4260
2241 4520
2243 28540
2251 25840
2258 21220
2261 3660
2268 5360
2277 2900
2281 4560
2283 6020
2291 5340
2293 43240
2298 4820
2301 25840
2308 3560
2317 2140
2321 22420
2323 8580
2331 6400
2333 16900
2338 4340
2341 5340
2348 19800
2357 6780
2361 4260
2363 5100
2371 3460
2373 4040
2378 2680
2381 6400
2388 4620
2397 3220
2401 2900
2403 16740
2411 21220
2413 4860
2418 23880
2421 3460
2428 6020
2437 3660
2441 2140
2443 5460
2451 4820
2453 3960
2458 3760
2461 21220
2468 4440
2477 85500
2481 6780
2483 5360
2491 4340
2493 9480
2498 4520
2501 4820
2504 43240
2508 24200
2517 28540
2521 3220
2523 3560
2531 2680
2533 3640
2538 4560
2541 4340
2544 16900
2548 4460
2557 6020
2561 3660
2563 19800
2571 23880
2573 3340
2578 22420
2581 2680
2584 4040
2588 7180
2597 8580
2601 85500
2603 4620
2611 3760
2613 2500
2618 4260
2621 23880
2624 4860
2628 6540
2637 5100
2641 28540
2643 6020
2651 4520
2653 14200
2658 2900
2661 3760
2664 3960
2668 23960
2677 16740
2681 6020
2683 4440
2691 4560
2693 2680
2698 2140
2701 4520
2704 9480
2708 6620
2717 5460
2721 8580
2723 24200
2731 22420
2733 4400
2738 6780
2741 4560
2744 3640
2748 6200
2757 5360
2761 5100
2763 4460
2771 4260
2773 3660
2778 3220
2781 22420
2784 3340
2788 3880
2797 3560
2801 16740
2803 7180
2811 2900
2813 25840
2818 3660
2821 4260
2824 2500
2828 72380
2837 19800
2841 5460
2843 6540
2851 2140
2853 5340
2858 85500
2861 2900
2864 14200
2868 23160
2877 4620
2881 5360
2883 23960
2891 6780
2893 6400
2898 28540
2901 2140
2904 2680
2908 12320
2917 6020
2921 3560
2923 6620
2931 3220
2933 3460
2938 6020
2941 6780
2944 4400
2948 10440
2957 4440
2961 19800
2963 49440
2971 3660
2973 21220
2978 8580
2981 3220
2984 3660
