0 0
145 43240
185 16900
225 4040
265 4860
305 3960
345 9480
385 3640
425 3340
465 2500
505 14200
545 2680
585 4400
625 3660
630 43240
665 25840
670 16900
705 48580
710 4040
745 23300
750 4860
785 7500
790 3960
825 26080
830 9480
865 8780
870 3640
905 13820
910 3340
945 6320
950 2500
985 27220
990 14200
1025 6260
1030 2680
1065 18720
1070 4400
1105 7240
1110 3660
1145 26820
1150 25840
1185 7920
1190 5340
1225 28740
1230 6400
1265 7480
1270 3460
1305 13180
1310 21220
1345 6680
1350 4820
1368 43240
1383 43240
1385 24880
1390 4340
1408 16900
1419 43240
1423 16900
1425 90320
1430 2680
1448 4040
1459 16900
1463 4040
1465 32880
1470 23880
1488 4860
1499 4040
1503 4860
1505 8700
1510 3760
1528 3960
1539 4860
1543 3960
1545 32460
1550 4520
1568 9480
1579 3960
1583 9480
1585 8860
1590 4560
1608 3640
1619 9480
1623 3640
1625 21260
1630 22420
1648 3340
1659 3640
1663 3340
1665 10020
1670 4260
1688 2500
1699 3340
1703 2500
1705 71020
1710 2900
1728 14200
1739 2500
1743 14200
1745 24720
1750 2140
1768 2680
1779 14200
1783 2680
1785 26740
1790 6780
1808 4400
1819 2680
1823 4400
1825 11620
1830 3220
1848 3660
1859 4400
1863 3660
1865 16760
1870 3660
1888 25840
1899 3660
1903 25840
1905 17140
1910 85500
1928 5340
1939 25840
1943 5340
1945 31500
1950 28540
1968 6400
1979 5340
1983 6400
1985 93300
1990 6020
2008 3460
2011 43240
2019 6400
2023 3460
2025 38220
2030 8580
2048 21220
2051 16900
2059 3460
2063 21220
2065 26760
2070 5100
2088 4820
2091 4040
2099 21220
2103 4820
2105 35220
2110 16740
2128 4340
2131 4860
2139 4820
2143 4340
2145 16120
2150 5460
2168 2680
2171 3960
2179 4340
2183 2680
2185 26600
2190 5360
2208 23880
2211 9480
2219 2680
2220 43240
2223 23880
2225 35180
2227 43240
2230 3560
2248 3760
2251 3640
2259 23880
2260 16900
2263 3760
2265 39840
2267 16900
2270 19800
2272 43240
2288 4520
2291 3340
2299 3760
2300 4040
2303 4520
2305 16220
2307 4040
2310 4620
2312 16900
2328 4560
2331 2500
2339 4520
2340 4860
2343 4560
2345 31540
2347 4860
2350 6020
2352 4040
2368 22420
2371 14200
2379 4560
2380 3960
2383 22420
2385 31420
2387 3960
2390 4440
2392 4860
2408 4260
2411 2680
2419 22420
2420 9480
2423 4260
2425 35260
2427 9480
2430 24200
2432 3960
2448 2900
2451 4400
2459 4260
2460 3640
2463 2900
2465 14520
2467 3640
2470 4460
2472 9480
2488 2140
2491 3660
2499 2900
2500 3340
2503 2140
2505 34340
2507 3340
2510 7180
2512 3640
2528 6780
2531 25840
2539 2140
2540 2500
2543 6780
2545 33380
2547 2500
2550 6540
2552 3340
2568 3220
2571 5340
2579 6780
2580 14200
2583 3220
2585 20120
2587 14200
2590 23960
2592 2500
2608 3660
2611 6400
2619 3220
2620 2680
2623 3660
2625 16200
2627 2680
2630 6620
2632 14200
2648 85500
2651 3460
2659 3660
2660 4400
2663 85500
2665 34900
2667 4400
2670 6200
2672 2680
2688 28540
2691 21220
2699 85500
2700 3660
2703 28540
2705 143380
2707 3660
2710 3880
2712 4400
2728 6020
2731 4820
2739 28540
2740 25840
2743 6020
2745 36560
2747 25840
2750 29140
2752 3660
2768 8580
2771 4340
2779 6020
2780 5340
2783 8580
2785 12780
2787 5340
2790 6260
2792 25840
2808 5100
2810 43240
2811 2680
2819 8580
2820 6400
2823 5100
2825 40360
2827 6400
2830 8280
2832 5340
2848 16740
2850 16900
2851 23880
2859 5100
2860 3460
2863 16740
2865 18900
2867 3460
2870 5580
2872 6400
2888 5460
2890 4040
2891 3760
2899 16740
2900 21220
2903 5460
2905 35080
2907 21220
2910 24420
2912 3460
2928 5360
2930 4860
2931 4520
2939 5460
2940 4820
2943 5360
2945 15720
2947 4820
2950 5740
2952 21220
2968 3560
2970 3960
2971 4560
2979 5360
2980 4340
2983 3560
2985 119320
2987 4340
2990 7460
