0 0
703 43240
743 16900
783 4040
823 4860
863 3960
903 9480
943 3640
983 3340
1023 2500
1063 14200
1067 43240
1103 2680
1107 16900
1143 4400
1147 4040
1183 3660
1187 4860
1223 25840
1227 3960
1263 5340
1267 9480
1303 6400
1306 43240
1307 3640
1343 3460
1346 16900
1347 3340
1383 21220
1386 4040
1387 2500
1423 4820
1426 4860
1427 14200
1463 4340
1466 3960
1467 2680
1503 2680
1506 9480
1507 4400
1543 23880
1546 3640
1547 3660
1550 43240
1583 3760
1586 3340
1587 25840
1590 16900
1604 43240
1623 4520
1626 2500
1627 5340
1630 4040
1644 16900
1663 4560
1666 14200
1667 6400
1670 4860
1684 4040
1703 22420
1706 2680
1707 3460
1710 3960
1724 4860
1743 4260
1745 43240
1746 4400
1747 21220
1750 9480
1764 3960
1783 2900
1785 16900
1786 3660
1787 4820
1790 3640
1801 43240
1804 9480
1823 2140
1825 4040
1826 25840
1827 4340
1830 3340
1841 16900
1844 3640
1863 6780
1865 4860
1866 5340
1867 2680
1870 2500
1881 4040
1884 3340
1903 3220
1905 3960
1906 6400
1907 23880
1910 14200
1921 4860
1924 2500
1943 3660
1945 9480
1946 3460
1947 3760
1950 2680
1961 3960
1964 14200
1983 85500
1985 3640
1986 21220
1987 4520
1990 4400
2001 9480
2004 2680
2023 28540
2025 3340
2026 4820
2027 4560
2030 3660
2041 3640
2044 4400
2063 6020
2065 2500
2066 4340
2067 22420
2070 25840
2081 3340
2084 3660
2103 8580
2105 14200
2106 2680
2107 4260
2110 5340
2121 2500
2124 25840
2143 5100
2145 2680
2146 23880
2147 2900
2150 6400
2161 14200
2164 5340
2183 16740
2185 4400
2186 3760
2187 2140
2190 3460
2201 2680
2204 6400
2223 5460
2225 3660
2226 4520
2227 6780
2230 21220
2241 4400
2244 3460
2263 5360
2265 25840
2266 4560
2267 3220
2270 4820
2281 3660
2284 21220
2303 3560
2305 5340
2306 22420
2307 3660
2310 4340
2321 25840
2324 4820
2343 19800
2345 6400
2346 4260
2347 85500
2350 2680
2361 5340
2364 4340
2383 4620
2385 3460
2386 2900
2387 28540
2390 23880
2401 6400
2404 2680
2422 43240
2423 6020
2425 21220
2426 2140
2427 6020
2430 3760
2441 3460
2444 23880
2462 16900
2463 4440
2465 4820
2466 6780
2467 8580
2470 4520
2481 21220
2484 3760
2502 4040
2503 24200
2505 4340
2506 3220
2507 5100
2510 4560
2521 4820
2524 4520
2542 4860
2543 4460
2545 2680
2546 3660
2547 16740
2550 22420
2561 4340
2564 4560
2582 3960
2583 7180
2585 23880
2586 85500
2587 5460
2590 4260
2601 2680
2604 22420
2607 43240
2622 9480
2623 6540
2625 3760
2626 28540
2627 5360
2630 2900
2641 23880
2644 4260
2647 16900
2662 3640
2663 23960
2665 4520
2666 6020
2667 3560
2670 2140
2681 3760
2684 2900
2687 4040
2702 3340
2703 6620
2705 4560
2706 8580
2707 19800
2710 6780
2721 4520
2724 2140
2727 4860
2742 2500
2743 6200
2745 22420
2746 5100
2747 4620
2750 3220
2761 4560
2764 6780
2767 3960
2782 14200
2783 3880
2785 4260
2786 16740
2787 6020
2790 3660
2801 22420
2804 3220
2807 9480
2822 2680
2823 29140
2825 2900
2826 48700
2827 4440
2830 85500
2841 4260
2844 3660
2847 3640
2862 4400
2863 6260
2865 2140
2866 22260
2867 24200
2870 28540
2881 2900
2884 85500
2887 3340
2902 3660
2903 8280
2905 6780
2906 7600
2907 4460
2910 6020
2918 43240
2921 2140
2924 28540
2927 2500
2942 25840
2943 5580
2945 3220
2946 24660
2947 7180
2950 8580
2958 16900
2961 6780
2964 6020
2967 14200
2982 5340
2983 24420
2985 2196
