0 0
161 43240
201 16900
241 4040
281 4860
321 3960
361 9480
401 3640
441 3340
481 2500
521 14200
561 2680
601 4400
641 3660
681 25840
721 5340
730 43240
761 6400
770 16900
801 3460
810 4040
841 21220
850 4860
881 4820
890 3960
921 4340
930 9480
961 2680
970 3640
1001 23880
1010 3340
1013 43240
1041 3760
1050 2500
1053 16900
1081 4520
1090 14200
1093 4040
1121 4560
1130 2680
1133 4860
1161 22420
1170 4400
1173 3960
1201 4260
1210 3660
1213 9480
1241 2900
1250 25840
1253 3640
1281 2140
1290 5340
1293 3340
1321 6780
1330 6400
1333 2500
1361 3220
1370 3460
1373 14200
1401 3660
1410 21220
1413 2680
1441 85500
1447 43240
1450 4820
1453 4400
1481 28540
1487 16900
1490 4340
1493 3660
1521 6020
1527 4040
1530 2680
1533 25840
1561 8580
1567 4860
1570 23880
1573 5340
1601 5100
1607 3960
1610 3760
1613 6400
1641 16740
1647 9480
1650 4520
1653 3460
1681 5460
1687 3640
1690 4560
1693 21220
1721 5360
1727 3340
1730 22420
1733 4820
1761 3560
1767 2500
1770 4260
1773 4340
1801 19800
1807 14200
1810 2900
1813 2680
1841 4620
1847 2680
1850 2140
1853 23880
1858 43240
1881 6020
1887 4400
1890 6780
1893 3760
1898 16900
1921 4440
1927 3660
1930 3220
1933 4520
1938 4040
1961 24200
1967 25840
1970 3660
1973 4560
1978 4860
2001 4460
2007 5340
2010 85500
2013 22420
2018 3960
2041 7180
2047 6400
2050 28540
2053 4260
2058 9480
2081 6540
2087 3460
2090 6020
2093 2900
2098 3640
2121 23960
2127 21220
2130 8580
2133 2140
2138 3340
2149 43240
2161 6620
2167 4820
2170 5100
2173 6780
2178 2500
2189 16900
2201 6200
2205 43240
2207 4340
2210 16740
2213 3220
2218 14200
2229 4040
2241 3880
2245 16900
2247 2680
2250 5460
2253 3660
2258 2680
2269 4860
2281 29140
2285 4040
2287 23880
2290 5360
2293 85500
2298 4400
2309 3960
2316 43240
2321 6260
2325 4860
2327 3760
2330 3560
2333 28540
2338 3660
2349 9480
2356 16900
2361 8280
2365 3960
2367 4520
2370 19800
2373 6020
2378 25840
2389 3640
2396 4040
2401 5580
2405 9480
2407 4560
2410 4620
2413 8580
2418 5340
2429 3340
2436 4860
2441 24420
2445 3640
2447 22420
2450 6020
2453 5100
2458 6400
2469 2500
2476 3960
2481 5740
2485 3340
2487 4260
2488 43240
2490 4440
2493 16740
2498 3460
2509 14200
2516 9480
2521 7460
2525 2500
2527 2900
2528 16900
2530 24200
2533 5460
2538 21220
2549 2680
2556 3640
2561 5040
2565 14200
2567 2140
2568 4040
2570 4460
2573 5360
2578 4820
2589 4400
2596 3340
2601 9180
2605 2680
2607 6780
2608 4860
2610 7180
2613 3560
2618 4340
2629 3660
2636 2500
2641 5140
2645 4400
2647 3220
2648 3960
2650 6540
2653 19800
2658 2680
2669 25840
2676 14200
2681 6380
2685 3660
2687 3660
2688 9480
2690 23960
2693 4620
2698 23880
2709 5340
2716 2680
2721 114340
2725 25840
2727 85500
2728 3640
2730 6620
2733 6020
2738 3760
2749 6400
2756 4400
2761 26100
2765 5340
2767 28540
2768 3340
2770 6200
2773 4440
2778 4520
2789 3460
2796 3660
2801 6000
2805 6400
2807 6020
2808 2500
2810 3880
2813 24200
2818 4560
2829 21220
2836 25840
2841 9080
2845 3460
2847 8580
2848 14200
2850 29140
2853 4460
2858 22420
2869 4820
2876 5340
2881 5860
2885 21220
2887 5100
2888 2680
2890 6260
2893 7180
2898 4260
2908 43240
2909 4340
2916 6400
2921 23580
2925 4820
2927 16740
2928 4400
2930 8280
2933 6540
2938 2900
2948 16900
2949 2680
2956 3460
2961 6480
2965 4340
2967 5460
2968 3660
2970 5580
2973 23960
2978 2140
2988 404
