0 0
932 43240
948 43240
972 16900
988 16900
1012 4040
1028 4040
1052 4860
1068 4860
1092 3960
1108 3960
1132 9480
1148 9480
1172 3640
1188 3640
1212 3340
1228 3340
1252 2500
1268 2500
1292 14200
1308 14200
1332 2680
1348 2680
1372 4400
1388 4400
1412 3660
1428 3660
1452 25840
1468 25840
1492 5340
1508 5340
1532 6400
1548 6400
1572 3460
1588 3460
1612 21220
1628 21220
1630 43240
1652 4820
1668 4820
1670 16900
1692 4340
1708 4340
1710 4040
1732 2680
1748 2680
1750 4860
1772 23880
1788 23880
1790 3960
1812 3760
1828 3760
1830 9480
1831 43240
1852 4520
1868 4520
1870 3640
1871 16900
1892 4560
1908 4560
1910 3340
1911 4040
1930 43240
1932 22420
1948 22420
1950 2500
1951 4860
1970 16900
1972 4260
1988 4260
1990 14200
1991 3960
2010 4040
2012 2900
2028 2900
2030 2680
2031 9480
2050 4860
2052 2140
2068 2140
2070 4400
2071 3640
2090 3960
2092 6780
2108 6780
2110 3660
2111 3340
2126 43240
2130 9480
2132 3220
2148 3220
2150 25840
2151 2500
2166 16900
2170 3640
2172 3660
2188 3660
2190 5340
2191 14200
2206 4040
2210 3340
2212 85500
2228 85500
2230 6400
2231 2680
2246 4860
2250 2500
2252 28540
2268 28540
2270 3460
2271 4400
2286 3960
2290 14200
2292 6020
2308 6020
2310 21220
2311 3660
2326 9480
2330 2680
2332 8580
2348 8580
2350 4820
2351 25840
2366 3640
2370 4400
2372 5100
2388 5100
2390 4340
2391 5340
2406 3340
2410 3660
2412 16740
2428 16740
2430 2680
2431 6400
2440 43240
2446 2500
2450 25840
2452 5460
2468 5460
2470 23880
2471 3460
2480 16900
2486 14200
2490 5340
2492 5360
2508 5360
2510 3760
2511 21220
2520 4040
2526 2680
2530 6400
2532 3560
2548 3560
2550 4520
2551 4820
2560 4860
2566 4400
2570 3460
2572 19800
2588 19800
2590 4560
2591 4340
2600 3960
2606 3660
2610 21220
2612 4620
2628 4620
2630 22420
2631 2680
2640 9480
2646 25840
2650 4820
2652 6020
2668 6020
2670 4260
2671 23880
2680 3640
2686 5340
2690 4340
2692 4440
2708 4440
2710 2900
2711 3760
2720 3340
2726 6400
2730 2680
2732 24200
2748 24200
2750 2140
2751 4520
2760 2500
2766 3460
2767 43240
2770 23880
2772 4460
2788 4460
2790 6780
2791 4560
2800 14200
2806 21220
2807 16900
2810 3760
2812 7180
2828 7180
2830 3220
2831 22420
2840 2680
2846 4820
2847 4040
2850 4520
2852 6540
2868 6540
2870 3660
2871 4260
2880 4400
2886 4340
2887 4860
2890 4560
2892 23960
2908 23960
2910 85500
2911 2900
2915 43240
2920 3660
2926 2680
2927 3960
2930 22420
2932 6620
2948 6620
2950 28540
2951 2140
2955 16900
2960 25840
2966 23880
2967 9480
2970 4260
2972 6200
2973 43240
2988 6200
2990 6020
2991 6780
