0 0
481 43240
521 16900
561 4040
601 4860
641 3960
681 9480
721 3640
761 3340
801 2500
841 14200
881 2680
889 43240
921 4400
924 43240
929 16900
961 3660
964 16900
969 4040
1001 69080
1004 4040
1009 4860
1041 22240
1044 4860
1049 3960
1081 10440
1084 3960
1089 9480
1109 43240
1121 8320
1124 9480
1129 3640
1149 16900
1161 25180
1164 3640
1169 3340
1189 4040
1200 43240
1201 14300
1204 3340
1209 2500
1229 4860
1240 16900
1241 7980
1244 2500
1249 14200
1269 3960
1280 4040
1281 6020
1284 14200
1289 2680
1309 9480
1320 4860
1321 26380
1324 2680
1329 4400
1349 3640
1360 3960
1361 17960
1364 4400
1369 3660
1389 3340
1400 9480
1401 7200
1404 3660
1409 25840
1429 2500
1440 3640
1441 8960
1444 25840
1449 5340
1469 14200
1480 3340
1481 26080
1484 5340
1489 6400
1509 2680
1520 2500
1521 30100
1524 6400
1529 3460
1549 4400
1560 14200
1561 8240
1564 3460
1569 21220
1589 3660
1600 2680
1601 8540
1604 21220
1609 4820
1629 25840
1640 4400
1641 10240
1644 4820
1649 4340
1669 5340
1680 3660
1681 24440
1684 4340
1689 2680
1709 6400
1720 25840
1721 8480
1724 2680
1729 23880
1749 3460
1760 5340
1761 89840
1764 23880
1769 3760
1789 21220
1800 6400
1801 31220
1804 3760
1809 4520
1829 4820
1840 3460
1841 29900
1844 4520
1849 4560
1869 4340
1880 21220
1881 12340
1884 4560
1889 22420
1909 2680
1920 4820
1921 9620
1924 22420
1929 4260
1949 23880
1960 4340
1961 21300
1964 4260
1965 43240
1968 43240
1969 2900
1989 3760
2000 2680
2001 27880
2004 46140
2005 16900
2008 16900
2009 2140
2029 4520
2040 23880
2041 9620
2044 19040
2045 4040
2048 4040
2049 6780
2069 4560
2080 3760
2081 6460
2084 10820
2085 4860
2088 4860
2089 3220
2109 22420
2120 4520
2121 21940
2124 8080
2125 3960
2128 3960
2129 3660
2149 4260
2160 4560
2161 11400
2164 7620
2165 9480
2168 9480
2169 85500
2189 2900
2200 22420
2201 9240
2204 94980
2205 3640
2208 3640
2209 28540
2210 43240
2229 2140
2240 4260
2241 8100
2244 32180
2245 3340
2248 3340
2249 6020
2250 16900
2269 6780
2271 43240
2280 2900
2281 109700
2284 9360
2285 2500
2288 2500
2289 8580
2290 4040
2309 3220
2311 16900
2320 2140
2321 33000
2324 11080
2325 14200
2328 14200
2329 5100
2330 4860
2349 3660
2351 4040
2360 6780
2361 13200
2364 19300
2365 2680
2368 2680
2369 16740
2370 3960
2389 85500
2391 4860
2400 3220
2401 15120
2404 19420
2405 4400
2408 4400
2409 5460
2410 9480
2429 28540
2431 3960
2440 3660
2441 29060
2444 9860
2445 3660
2448 3660
2449 5360
2450 3640
2469 6020
2471 9480
2480 85500
2481 23360
2484 9020
2485 25840
2488 25840
2489 3560
2490 3340
2509 8580
2511 3640
2520 28540
2521 11660
2524 29400
2525 5340
2528 5340
2529 19800
2530 2500
2549 5100
2551 3340
2560 6020
2561 9240
2564 25140
2565 6400
2568 6400
2569 4620
2570 14200
2589 16740
2591 2500
2600 8580
2601 32700
2604 11020
2605 3460
2608 3460
2609 6020
2610 2680
2629 5460
2631 14200
2640 5100
2641 26060
2644 9480
2645 21220
2648 21220
2649 4440
2650 4400
2669 5360
2671 2680
2680 16740
2681 12900
2684 25660
2685 4820
2688 4820
2689 24200
2690 3660
2709 3560
2711 4400
2720 5460
2721 11600
2724 29020
2725 4340
2728 4340
2729 4460
2730 25840
2749 19800
2751 3660
2760 5360
2761 28860
2764 8800
2765 2680
2768 2680
2769 7180
2770 5340
2789 4620
2791 25840
2800 3560
2801 29940
2804 9860
2805 23880
2808 23880
2809 6540
2810 6400
2829 6020
2831 5340
2838 43240
2840 19800
2841 11920
2844 30420
2845 3760
2848 3760
2849 23960
2850 3460
2869 4440
2871 6400
2878 16900
2880 4620
2881 12220
2884 27720
2885 4520
2888 4520
2889 6620
2890 21220
2909 24200
2911 3460
2918 4040
2920 6020
2921 15720
2924 11140
2925 4560
2928 4560
2929 6200
2930 4820
2949 4460
2951 21220
2958 4860
2960 4440
2961 29100
2964 10760
2965 22420
2968 22420
2969 3880
2970 4340
2989 7180
2991 4820
2998 792
