0 0
231 43240
271 16900
311 4040
351 4860
391 3960
431 9480
471 3640
511 3340
551 2500
591 14200
631 2680
671 4400
711 3660
751 25840
779 43240
791 5340
819 16900
831 6400
846 43240
859 4040
871 3460
886 16900
899 4860
911 21220
921 43240
926 4040
939 3960
951 4820
961 16900
966 4860
979 9480
981 43240
991 4340
1001 4040
1006 3960
1019 3640
1021 16900
1031 2680
1041 4860
1046 9480
1054 43240
1059 3340
1061 4040
1071 23880
1081 3960
1086 3640
1094 16900
1099 2500
1101 4860
1111 3760
1121 9480
1126 3340
1134 4040
1139 14200
1141 3960
1151 4520
1161 3640
1166 2500
1174 4860
1179 2680
1181 9480
1191 4560
1201 3340
1206 14200
1214 3960
1219 4400
1221 3640
1231 22420
1241 2500
1246 2680
1254 9480
1259 3660
1261 3340
1271 4260
1281 14200
1286 4400
1294 3640
1299 25840
1301 2500
1311 2900
1321 2680
1326 3660
1334 3340
1339 5340
1341 14200
1351 2140
1361 4400
1366 25840
1374 2500
1379 6400
1381 2680
1391 6780
1401 3660
1406 5340
1414 14200
1419 3460
1421 4400
1431 3220
1441 25840
1446 6400
1454 2680
1459 21220
1461 3660
1471 3660
1481 5340
1486 3460
1494 4400
1499 4820
1501 25840
1511 85500
1521 6400
1526 21220
1534 3660
1539 4340
1541 5340
1551 28540
1561 3460
1566 4820
1574 25840
1579 2680
1581 6400
1591 6020
1601 21220
1606 4340
1614 5340
1619 23880
1621 3460
1631 8580
1641 4820
1646 2680
1654 6400
1659 3760
1661 21220
1671 5100
1681 4340
1686 23880
1694 3460
1699 4520
1701 4820
1711 16740
1721 2680
1726 3760
1734 21220
1739 4560
1741 4340
1751 5460
1761 23880
1766 4520
1774 4820
1779 22420
1781 2680
1791 5360
1801 3760
1806 4560
1814 4340
1819 4260
1821 23880
1831 3560
1841 4520
1846 22420
1854 2680
1859 2900
1861 3760
1871 19800
1881 4560
1886 4260
1894 23880
1899 2140
1901 4520
1911 4620
1920 43240
1921 22420
1926 2900
1934 3760
1939 6780
1941 4560
1951 6020
1960 16900
1961 4260
1966 2140
1974 4520
1979 3220
1981 22420
1991 4440
2000 4040
2001 2900
2006 6780
2014 4560
2019 3660
2021 4260
2031 24200
2040 4860
2041 2140
2046 3220
2054 22420
2059 85500
2061 2900
2071 4460
2080 3960
2081 6780
2086 3660
2094 4260
2099 28540
2101 2140
2111 7180
2120 9480
2121 3220
2126 85500
2134 2900
2139 6020
2141 6780
2147 43240
2151 6540
2160 3640
2161 3660
2166 28540
2174 2140
2179 8580
2181 3220
2187 16900
2191 23960
2200 3340
2201 85500
2206 6020
2214 6780
2219 5100
2221 3660
2227 4040
2231 6620
2240 2500
2241 28540
2246 8580
2254 3220
2259 16740
2261 85500
2267 4860
2271 6200
2280 14200
2281 6020
2286 5100
2294 3660
2299 5460
2301 28540
2307 3960
2311 3880
2320 2680
2321 8580
2326 16740
2334 85500
2339 5360
2341 6020
2347 9480
2351 29140
2360 4400
2361 5100
2366 5460
2374 28540
2379 3560
2381 8580
2387 3640
2391 6260
2400 3660
2401 16740
2406 5360
2414 6020
2419 19800
2421 5100
2427 3340
2431 8280
2440 25840
2441 5460
2446 3560
2454 8580
2459 4620
2461 16740
2467 2500
2471 5580
2480 5340
2481 5360
2486 19800
2494 5100
2499 6020
2501 5460
2507 14200
2511 24420
2520 6400
2521 3560
2526 4620
2534 16740
2539 4440
2541 5360
2547 2680
2551 5740
2560 3460
2561 19800
2566 6020
2574 5460
2579 24200
2581 3560
2587 4400
2591 7460
2600 21220
2601 4620
2606 4440
2614 5360
2619 4460
2621 19800
2627 3660
2631 5040
2640 4820
2641 6020
2646 24200
2654 3560
2659 7180
2661 4620
2667 25840
2671 9180
2680 4340
2681 4440
2686 4460
2694 19800
2699 6540
2701 6020
2707 5340
2711 5140
2720 2680
2721 24200
2726 7180
2734 4620
2739 23960
2741 4440
2747 6400
2751 6380
2760 23880
2761 4460
2766 6540
2774 6020
2779 6620
2781 24200
2787 3460
2791 114340
2800 3760
2801 7180
2806 23960
2814 4440
2819 6200
2821 4460
2827 21220
2831 26100
2840 4520
2841 6540
2846 6620
2854 24200
2859 3880
2861 7180
2867 4820
2871 6000
2880 4560
2881 23960
2886 6200
2894 4460
2899 29140
2901 6540
2907 4340
2911 9080
2920 22420
2921 6620
2926 3880
2934 7180
2939 6260
2941 23960
2947 2680
2951 5860
2960 4260
2961 6200
2966 29140
2974 6540
2979 8280
