0 0
165 43240
205 16900
245 4040
285 4860
325 3960
365 9480
405 3640
445 3340
485 2500
525 14200
565 2680
605 4400
645 3660
685 25840
725 5340
765 6400
805 3460
845 21220
885 4820
925 4340
965 2680
1005 23880
1045 3760
1085 4520
1125 4560
1165 22420
1205 4260
1245 2900
1285 2140
1325 6780
1327 43240
1344 43240
1365 3220
1367 16900
1384 16900
1405 3660
1407 4040
1424 4040
1445 85500
1447 4860
1464 4860
1485 28540
1487 3960
1504 3960
1525 6020
1527 9480
1544 9480
1547 43240
1565 8580
1567 3640
1584 3640
1587 16900
1605 5100
1607 3340
1624 3340
1627 4040
1645 16740
1647 2500
1664 2500
1667 4860
1685 5460
1687 14200
1704 14200
1707 3960
1725 5360
1727 2680
1744 2680
1747 9480
1765 3560
1767 4400
1784 4400
1787 3640
1805 19800
1807 3660
1811 43240
1824 3660
1827 3340
1845 4620
1847 25840
1851 16900
1864 25840
1867 2500
1885 6020
1887 5340
1891 4040
1904 5340
1907 57440
1925 4440
1927 6400
1931 4860
1944 6400
1947 19580
1965 24200
1967 3460
1971 3960
1977 43240
1984 3460
1987 8440
2004 43240
2005 4460
2007 21220
2011 9480
2017 16900
2024 21220
2027 8520
2044 16900
2045 7180
2047 4820
2051 3640
2057 4040
2064 4820
2067 29800
2075 43240
2084 4040
2085 6540
2087 4340
2091 3340
2097 4860
2098 43240
2104 4340
2107 14820
2115 16900
2124 4860
2125 23960
2127 2680
2131 2500
2137 3960
2138 16900
2144 2680
2147 10040
2155 4040
2164 3960
2165 6620
2167 23880
2171 14200
2177 9480
2178 4040
2184 23880
2187 6800
2195 4860
2204 9480
2205 6200
2207 3760
2211 2680
2217 3640
2218 4860
2224 3760
2227 23720
2235 3960
2244 3640
2245 3880
2247 4520
2251 4400
2257 3340
2258 3960
2264 4520
2267 19020
2275 9480
2284 3340
2285 29140
2287 4560
2291 3660
2297 2500
2298 9480
2304 4560
2307 7020
2315 3640
2324 2500
2325 6260
2327 22420
2331 25840
2334 43240
2337 14200
2338 3640
2344 22420
2347 7080
2349 43240
2355 3340
2364 14200
2365 8280
2367 4260
2371 5340
2374 16900
2377 2680
2378 3340
2384 4260
2387 27540
2389 16900
2395 2500
2404 2680
2405 5580
2407 2900
2411 6400
2414 4040
2417 4400
2418 2500
2424 2900
2427 29600
2429 4040
2435 14200
2444 4400
2445 24420
2447 2140
2451 3460
2454 4860
2457 3660
2458 14200
2464 2140
2467 9860
2469 4860
2475 2680
2484 3660
2485 5740
2487 6780
2491 21220
2494 3960
2497 25840
2498 2680
2504 6780
2507 10960
2509 3960
2515 4400
2524 25840
2525 7460
2527 3220
2531 4820
2534 9480
2537 5340
2538 4400
2544 3220
2547 25880
2549 9480
2555 3660
2564 5340
2565 5040
2567 3660
2571 4340
2574 3640
2577 6400
2578 3660
2584 3660
2587 25480
2589 3640
2595 25840
2604 6400
2605 9180
2607 85500
2611 45920
2614 3340
2617 3460
2618 25840
2624 85500
2627 7720
2629 3340
2635 5340
2644 3460
2645 5140
2647 28540
2651 40780
2654 2500
2657 21220
2658 5340
2664 28540
2667 6480
2669 2500
2675 6400
2684 21220
2685 6380
2687 6020
2691 7800
2694 14200
2697 4820
2698 6400
2704 6020
2707 9460
2709 14200
2715 3460
2724 4820
2725 114340
2727 8580
2731 9380
2734 2680
2737 4340
2738 3460
2744 8580
2747 27100
2749 2680
2755 21220
2764 4340
2765 26100
2767 5100
2771 8520
2774 4400
2777 2680
2778 64460
2784 5100
2787 7420
2789 4400
2795 4820
2804 2680
2805 6000
2807 16740
2811 31900
2814 3660
2817 23880
2818 21720
2824 16740
2827 90020
2829 3660
2835 4340
2844 23880
2845 9080
2847 5460
2851 7900
2854 25840
2857 3760
2858 8380
2864 5460
2867 33100
2869 25840
2874 43240
2875 2680
2884 3760
2885 5860
2887 5360
2891 6240
2894 5340
2897 4520
2898 7540
2904 5360
2907 28440
2909 5340
2914 16900
2915 23880
2924 4520
2925 23580
2926 43240
2927 3560
2931 4640
2934 6400
2937 4560
2938 27840
2944 3560
2947 12840
2949 6400
2954 4040
2955 3760
2964 4560
2965 6480
2966 16900
2967 19800
2971 20980
2974 3460
2977 22420
2978 13240
2984 19800
2987 8000
