0 0
142 43240
182 16900
222 4040
262 4860
302 3960
342 9480
382 3640
422 3340
462 2500
502 14200
542 2680
582 4400
622 3660
662 25840
702 5340
742 6400
782 3460
822 21220
840 43240
862 4820
880 16900
902 4340
920 4040
942 2680
960 4860
982 23880
1000 3960
1022 3760
1040 9480
1062 4520
1080 3640
1098 43240
1102 4560
1120 3340
1138 16900
1142 22420
1160 2500
1178 4040
1182 4260
1200 14200
1218 4860
1222 2900
1240 2680
1258 3960
1262 2140
1280 4400
1298 9480
1302 6780
1320 3660
1338 3640
1342 3220
1360 25840
1378 3340
1382 3660
1400 5340
1418 2500
1422 85500
1440 6400
1443 43240
1458 14200
1462 28540
1480 3460
1483 16900
1498 2680
1500 43240
1502 6020
1520 21220
1523 4040
1538 4400
1540 16900
1542 8580
1559 43240
1560 4820
1563 4860
1578 3660
1580 4040
1582 5100
1599 16900
1600 4340
1603 3960
1618 25840
1620 4860
1622 16740
1639 4040
1640 2680
1643 9480
1658 5340
1660 3960
1662 5460
1679 4860
1680 23880
1683 3640
1698 6400
1700 9480
1702 5360
1719 3960
1720 3760
1723 3340
1738 3460
1740 3640
1742 3560
1759 9480
1760 4520
1763 2500
1778 21220
1780 3340
1782 19800
1799 3640
1800 4560
1803 14200
1818 4820
1820 2500
1822 4620
1839 3340
1840 22420
1843 2680
1858 4340
1860 14200
1862 6020
1879 2500
1880 4260
1883 4400
1898 2680
1900 2680
1902 4440
1919 14200
1920 2900
1923 3660
1938 23880
1940 4400
1942 24200
1959 2680
1960 2140
1963 25840
1978 3760
1980 3660
1982 4460
1999 4400
2000 6780
2003 5340
2018 4520
2020 25840
2022 7180
2039 3660
2040 3220
2043 6400
2058 4560
2060 5340
2062 6540
2079 25840
2080 3660
2083 3460
2098 22420
2100 6400
2102 23960
2119 5340
2120 85500
2123 21220
2138 4260
2140 3460
2142 6620
2159 6400
2160 28540
2163 4820
2178 2900
2180 21220
2182 6200
2199 3460
2200 6020
2203 4340
2213 43240
2218 2140
2220 4820
2222 3880
2239 21220
2240 8580
2243 2680
2253 16900
2258 6780
2260 4340
2262 29140
2279 4820
2280 5100
2283 23880
2293 4040
2298 3220
2300 2680
2302 6260
2319 4340
2320 16740
2323 3760
2333 4860
2338 3660
2340 23880
2342 8280
2359 2680
2360 5460
2363 4520
2373 3960
2378 85500
2380 3760
2382 5580
2399 23880
2400 5360
2403 4560
2413 9480
2418 28540
2420 4520
2422 24420
2439 3760
2440 3560
2443 22420
2453 3640
2458 6020
2460 4560
2462 5740
2479 4520
2480 19800
2483 4260
2493 3340
2498 8580
2500 22420
2502 7460
2519 4560
2520 4620
2523 2900
2533 2500
2538 5100
2540 4260
2542 5040
2559 22420
2560 6020
2563 2140
2573 14200
2578 16740
2580 2900
2582 9180
2585 43240
2599 4260
2600 4440
2603 6780
2613 2680
2618 5460
2620 2140
2622 5140
2625 16900
2639 2900
2640 24200
2643 3220
2653 4400
2658 5360
2660 6780
2662 6380
2665 4040
2679 2140
2680 4460
2683 3660
2693 3660
2698 3560
2700 3220
2702 114340
2705 4860
2719 6780
2720 7180
2723 85500
2733 25840
2738 19800
2740 3660
2742 26100
2745 3960
2758 43240
2759 3220
2760 6540
2763 28540
2773 5340
2778 4620
2780 85500
2782 6000
2785 9480
2798 16900
2799 3660
2800 23960
2803 6020
2813 6400
2818 6020
2820 28540
2822 9080
2825 3640
2838 4040
2839 85500
2840 6620
2843 8580
2853 3460
2858 4440
2860 6020
2862 5860
2865 3340
2878 4860
2879 28540
2880 6200
2883 5100
2893 21220
2898 24200
2900 8580
2902 23580
2905 2500
2918 3960
2919 6020
2920 3880
2923 16740
2932 43240
2933 4820
2938 4460
2940 5100
2942 6480
2945 14200
2958 9480
2959 8580
2960 29140
2963 5460
2972 16900
2973 2604
