0 0
171 43240
211 16900
251 4040
291 4860
331 3960
371 9480
373 43240
411 3640
413 16900
451 3340
453 4040
491 2500
493 4860
526 43240
531 14200
533 3960
566 16900
571 2680
573 9480
606 4040
611 4400
613 3640
646 4860
651 3660
653 3340
686 3960
691 25840
693 2500
701 43240
726 9480
731 5340
733 14200
741 16900
766 3640
771 6400
773 2680
781 4040
806 3340
811 3460
813 4400
821 4860
846 2500
851 21220
853 3660
861 3960
886 14200
891 4820
893 25840
901 9480
926 2680
931 4340
933 5340
941 3640
966 4400
971 2680
973 6400
981 3340
1006 3660
1011 23880
1013 3460
1021 2500
1046 25840
1051 3760
1053 21220
1061 14200
1086 5340
1091 4520
1093 4820
1101 2680
1126 6400
1131 4560
1133 4340
1141 4400
1166 3460
1171 22420
1173 2680
1181 3660
1206 21220
1211 4260
1213 23880
1221 25840
1246 4820
1251 2900
1253 3760
1258 43240
1261 5340
1286 4340
1291 2140
1293 4520
1298 16900
1301 6400
1326 2680
1331 6780
1333 4560
1338 4040
1341 3460
1366 23880
1371 3220
1373 22420
1378 4860
1381 21220
1406 3760
1411 3660
1413 4260
1418 3960
1421 4820
1446 4520
1451 85500
1453 2900
1458 9480
1461 4340
1486 4560
1491 28540
1493 2140
1498 3640
1501 2680
1507 43240
1526 22420
1531 6020
1533 6780
1538 3340
1541 23880
1547 16900
1566 4260
1571 8580
1573 3220
1578 2500
1581 3760
1587 4040
1606 2900
1611 5100
1613 3660
1618 14200
1621 4520
1627 4860
1646 2140
1651 16740
1653 85500
1658 2680
1661 4560
1667 3960
1686 6780
1691 5460
1693 28540
1698 4400
1701 22420
1707 9480
1726 3220
1731 5360
1733 6020
1738 3660
1741 4260
1747 3640
1766 3660
1771 3560
1773 8580
1778 25840
1781 2900
1787 3340
1806 85500
1811 19800
1813 5100
1818 5340
1821 45380
1827 2500
1846 28540
1851 4620
1853 16740
1858 6400
1861 23680
1867 14200
1886 6020
1891 6020
1893 5460
1898 3460
1901 7260
1907 2680
1926 8580
1931 4440
1933 5360
1938 21220
1941 8520
1947 4400
1966 5100
1971 24200
1973 3560
1978 4820
1981 89460
1987 3660
2006 16740
2011 4460
2013 19800
2018 4340
2021 38020
2027 25840
2046 5460
2051 7180
2053 4620
2058 2680
2061 9660
2067 5340
2086 5360
2091 6540
2093 6020
2098 23880
2101 11920
2107 6400
2126 3560
2131 23960
2133 4440
2138 3760
2141 7600
2147 3460
2166 19800
2171 6620
2173 24200
2178 4520
2181 30940
2187 21220
2206 4620
2211 6200
2213 4460
2218 4560
2221 8140
2227 4820
2246 6020
2251 3880
2253 7180
2258 22420
2261 9760
2267 4340
2286 4440
2291 29140
2293 6540
2298 4260
2301 7220
2307 2680
2326 24200
2331 6260
2333 23960
2338 2900
2341 45640
2347 23880
2366 4460
2371 8280
2373 6620
2378 2140
2381 9960
2387 3760
2406 7180
2411 5580
2413 6200
2418 50020
2421 12420
2427 4520
2446 6540
2451 24420
2453 3880
2458 20120
2461 7900
2467 4560
2486 23960
2491 5740
2493 29140
2498 7700
2500 43240
2501 45420
2507 22420
2526 6620
2531 7460
2533 6260
2538 90360
2540 16900
2541 9280
2547 4260
2566 6200
2571 48280
2573 8280
2578 32500
2580 4040
2581 11520
2587 2900
2606 3880
2611 26080
2613 5580
2618 15500
2620 4860
2621 9220
2627 2140
2646 29140
2651 9180
2653 24420
2658 12220
2660 3960
2661 47840
2667 6780
2686 6260
2691 11240
2693 5740
2698 8440
2700 9480
2701 10380
2707 3220
2726 8280
2731 118300
2733 7460
2738 19240
2740 3640
2741 10720
2747 3660
2766 5580
2771 35580
2773 5040
2778 19660
2780 3340
2781 8440
2787 85500
2806 24420
2811 9640
2813 9180
2818 8040
2820 2500
2821 51560
2827 28540
2846 5740
2851 12420
2853 5140
2858 7960
2860 14200
2861 10520
2867 6020
2886 7460
2891 8360
2893 6380
2898 23460
2900 2680
2901 11180
2907 8580
2926 5040
2931 37780
2933 114340
2938 30460
2940 4400
2941 7720
2947 5100
2966 9180
2971 9160
2973 26100
2978 11360
2980 3660
2981 31200
2987 15066
