0 0
158 43240
198 16900
238 4040
243 43240
278 4860
283 16900
312 43240
315 43240
318 3960
323 4040
352 16900
355 16900
358 9480
363 4860
377 43240
392 4040
395 4040
398 3640
401 43240
403 3960
417 16900
432 4860
435 4860
438 3340
441 16900
443 9480
457 4040
472 3960
475 3960
478 2500
481 4040
483 3640
497 4860
512 9480
515 9480
518 14200
521 4860
523 3340
537 47200
552 3640
555 3640
558 2680
561 3960
563 2500
577 26380
592 3340
595 3340
598 4400
601 9480
603 14200
617 7680
632 2500
635 2500
638 3660
641 3640
643 2680
657 8200
672 14200
675 14200
678 25840
681 3340
683 4400
697 6460
712 2680
715 2680
718 5340
721 2500
723 3660
737 23680
752 4400
755 4400
758 6400
761 14200
763 25840
777 6320
790 43240
792 3660
795 3660
798 3460
801 2680
803 5340
817 7740
830 16900
832 25840
835 25840
838 21220
840 43240
841 4400
843 6400
857 6160
870 4040
872 5340
875 5340
878 4820
880 16900
881 3660
883 3460
897 40040
910 4860
912 6400
915 6400
918 4340
920 4040
921 25840
923 21220
937 8020
950 3960
952 3460
955 3460
958 2680
960 4860
961 5340
963 4820
977 10800
990 9480
992 21220
995 21220
998 23880
1000 3960
1001 6400
1003 4340
1017 7120
1030 3640
1032 4820
1035 4820
1038 3760
1039 43240
1040 9480
1041 3460
1043 2680
1057 47060
1070 3340
1072 4340
1075 4340
1078 4520
1079 16900
1080 3640
1081 21220
1083 23880
1097 10160
1110 2500
1112 2680
1115 2680
1118 4560
1119 4040
1120 3340
1121 4820
1123 3760
1137 10740
1147 43240
1150 14200
1152 23880
1155 23880
1158 22420
1159 4860
1160 2500
1161 4340
1163 4520
1177 6140
1187 16900
1190 2680
1192 3760
1195 3760
1198 4260
1199 3960
1200 14200
1201 2680
1203 4560
1217 45100
1227 4040
1230 4400
1232 4520
1235 4520
1238 2900
1239 9480
1240 2680
1241 23880
1243 22420
1257 8580
1267 4860
1270 3660
1272 4560
1275 4560
1278 2140
1279 3640
1280 4400
1281 3760
1283 4260
1297 8860
1307 3960
1310 25840
1312 22420
1315 22420
1318 6780
1319 3340
1320 3660
1321 4520
1323 2900
1337 7240
1347 9480
1350 5340
1352 4260
1355 4260
1358 3220
1359 2500
1360 25840
1361 4560
1363 2140
1377 46300
1387 3640
1390 6400
1392 2900
1395 2900
1398 3660
1399 14200
1400 5340
1401 22420
1403 6780
1406 43240
1417 8020
1427 3340
1430 3460
1432 2140
1435 2140
1438 85500
1439 2680
1440 6400
1441 4260
1443 3220
1446 16900
1454 43240
1457 7420
1467 2500
1470 21220
1472 6780
1475 93260
1478 28540
1479 4400
1480 3460
1481 2900
1483 3660
1486 4040
1494 16900
1497 6700
1507 14200
1510 4820
1512 3220
1515 37020
1518 6020
1519 3660
1520 21220
1521 2140
1523 85500
1526 4860
1534 4040
1537 29200
1547 2680
1550 4340
1552 3660
1555 11740
1558 8580
1559 25840
1560 4820
1561 6780
1563 28540
1566 3960
1574 4860
1577 7480
1587 4400
1590 2680
1592 85500
1595 95220
1598 5100
1599 5340
1600 4340
1601 3220
1603 6020
1606 9480
1614 3960
1617 6560
1627 3660
1630 23880
1632 28540
1635 36460
1638 16740
1639 6400
1640 2680
1641 3660
1643 8580
1646 3640
1654 9480
1657 87640
1667 25840
1670 3760
1672 6020
1675 24980
1678 5460
1679 3460
1680 23880
1681 85500
1683 5100
1686 3340
1694 3640
1697 35320
1707 5340
1710 4520
1712 8580
1715 15860
1718 5360
1719 21220
1720 3760
1721 28540
1723 16740
1726 2500
1734 3340
1737 9240
1747 6400
1750 4560
1752 5100
1755 11780
1758 3560
1759 4820
1760 4520
1761 6020
1763 5460
1766 14200
1774 2500
1777 12240
1787 3460
1790 22420
1792 16740
1795 21740
1798 19800
1799 4340
1800 4560
1801 8580
1803 5360
1806 2680
1814 14200
1817 90600
1827 21220
1830 4260
1832 5460
1835 33860
1838 4620
1839 45920
1840 22420
1841 5100
1843 3560
1846 4400
1854 2680
1857 45280
1867 48060
1870 2900
1872 5360
1875 10720
1878 6020
1879 40780
1880 4260
1881 16740
1883 19800
1886 3660
1894 4400
1897 11480
1907 21240
1910 2140
1912 3560
1915 12360
1918 4440
1919 7800
1920 2900
1921 5460
1923 4620
1926 25840
1934 3660
1937 13940
1947 6720
1950 6780
1952 19800
1955 27120
1958 24200
1959 9380
1960 2140
1961 5360
1963 6020
1966 5340
1974 25840
1977 8660
1987 28740
1990 3220
1992 4620
1995 56300
1998 4460
1999 8520
2000 6780
2001 3560
2003 4440
2006 6400
2014 5340
2017 36540
2027 7720
2030 3660
2032 6020
2035 16700
2038 7180
2039 31900
2040 3220
2041 19800
2043 24200
2046 3460
2054 6400
2057 10080
2067 14000
2070 85500
2072 4440
2075 17240
2078 6540
2079 7900
2080 3660
2081 4620
2083 4460
2086 21220
2094 3460
2097 11380
2107 8200
2110 28540
2112 24200
2115 31120
2118 23960
2119 6240
2120 85500
2121 6020
2123 7180
2126 4820
2134 21220
2137 8000
2147 25760
2150 6020
2152 4460
2155 46900
2158 6620
2159 4640
2160 28540
2161 4440
2163 6540
2166 4340
2174 4820
2177 44000
2187 6760
2190 8580
2192 7180
2195 16820
2198 6200
2199 20980
2200 6020
2201 24200
2203 23960
2206 2680
2214 4340
2217 9080
2227 17100
2230 5100
2232 6540
2235 15220
2238 3880
2239 5900
2240 8580
2241 4460
2243 6620
2246 23880
2254 2680
2257 13200
2267 4820
2270 16740
2272 23960
2275 29320
2278 29140
2279 8060
2280 5100
2281 7180
2283 6200
2286 3760
2294 23880
2297 10980
2307 11180
2310 5460
2312 6620
2315 54380
2318 6260
2319 89160
2320 16740
2321 6540
2323 3880
2326 4520
2334 3760
2337 48160
2347 6880
2350 5360
2352 6200
2355 13720
2358 8280
2359 54380
2360 5460
2361 23960
2363 29140
2366 4560
2374 4520
2377 11080
2387 29500
2390 3560
2392 3880
2395 12920
2398 5580
2399 11360
2400 5360
2401 6620
2403 6260
2406 22420
2414 4560
2417 13380
2427 90840
2430 19800
2432 29140
2435 38260
2438 24420
2439 14980
2440 3560
2441 6200
2443 8280
2446 4260
2454 22420
2457 10420
2467 34940
2470 4620
2472 6260
2475 51100
2478 5740
2479 8560
2480 19800
2481 3880
2483 5580
2486 2900
2494 4260
2497 53100
2507 9480
2510 6020
2512 8280
2515 16800
2518 7460
2519 37960
2520 4620
2521 29140
2523 24420
2526 2140
2534 2900
2537 12880
2547 29800
2550 4440
2552 5580
2555 11380
2558 5040
2559 10280
2560 6020
2561 6260
2563 5740
2566 6780
2574 2140
2577 14480
2587 9920
2588 43240
2590 24200
2592 24420
2595 28700
2598 9180
2599 9700
2600 4440
2601 8280
2603 7460
2606 3220
2614 6780
2617 9460
2627 21080
2628 16900
2630 4460
2632 5740
2635 19300
2638 5140
2639 6240
2640 24200
2641 5580
2643 5040
2646 3660
2654 3220
2657 53560
2667 8140
2668 4040
2670 7180
2672 7460
2675 13900
2678 6380
2679 43680
2680 4460
2681 24420
2683 9180
2686 85500
2694 3660
2697 12000
2707 29240
2708 4860
2710 6540
2712 5040
2715 12360
2718 114340
2719 8380
2720 7180
2721 5740
2723 5140
2726 28540
2734 85500
2737 15740
2747 7320
2748 3960
2750 23960
2752 9180
2755 180180
2758 26100
2759 10540
2760 6540
2761 7460
2763 6380
2766 6020
2774 28540
2777 10620
2787 24320
2788 9480
2790 6620
2792 5140
2795 62220
2798 6000
2799 9000
2800 23960
2801 5040
2803 114340
2806 8580
2814 6020
2817 33600
2827 9180
2828 3640
2830 6200
2832 6380
2835 18420
2838 9080
2839 46620
2840 6620
2841 9180
2843 26100
2846 5100
2854 8580
2857 10880
2867 28440
2868 3340
2870 3880
2872 114340
2875 131500
2878 5860
2879 8720
2880 6200
2881 5140
2883 6000
2886 16740
2894 5100
2897 13840
2907 8700
2908 2500
2910 29140
2912 26100
2915 36300
2918 23580
2919 10080
2920 3880
2921 6380
2923 9080
2926 5460
2934 16740
2937 119380
2939 43240
2947 27100
2948 14200
2950 6260
2952 6000
2955 39480
2958 6480
2959 8680
2960 29140
2961 114340
2963 5860
2966 5360
2974 5460
2977 35280
2979 16900
2987 6600
2988 2680
2990 8280
2992 8172
