0 0
163 43240
203 16900
211 43240
243 4040
251 16900
283 4860
291 4040
323 3960
331 4860
363 9480
371 3960
403 3640
411 9480
425 43240
443 3340
451 3640
465 16900
483 2500
491 3340
505 4040
523 14200
531 2500
545 4860
563 2680
571 14200
578 43240
585 3960
603 4400
611 2680
618 16900
623 43240
625 9480
643 3660
651 4400
658 4040
663 16900
665 3640
680 43240
683 25840
691 3660
698 4860
703 4040
705 3340
720 16900
723 5340
731 25840
738 3960
743 4860
745 2500
760 4040
763 6400
771 5340
778 9480
783 3960
785 14200
800 4860
803 3460
811 6400
818 3640
823 9480
825 2680
840 3960
843 21220
851 3460
858 3340
863 3640
865 4400
880 9480
883 4820
891 21220
898 2500
899 43240
903 3340
905 3660
920 3640
923 4340
931 4820
938 14200
939 16900
943 2500
945 25840
960 3340
963 2680
971 4340
978 2680
979 4040
983 14200
985 5340
1000 2500
1003 23880
1011 2680
1018 4400
1019 4860
1023 2680
1025 6400
1040 14200
1043 3760
1051 23880
1058 3660
1059 3960
1063 4400
1065 3460
1080 2680
1083 4520
1091 3760
1098 25840
1099 9480
1103 3660
1105 21220
1120 4400
1123 4560
1131 4520
1138 5340
1139 3640
1143 25840
1145 4820
1160 3660
1163 22420
1171 4560
1178 6400
1179 3340
1183 5340
1185 4340
1200 25840
1203 4260
1211 22420
1218 3460
1219 2500
1223 6400
1225 2680
1240 5340
1243 2900
1249 43240
1251 4260
1258 21220
1259 14200
1263 3460
1265 23880
1280 6400
1283 2140
1289 16900
1291 2900
1298 4820
1299 2680
1303 21220
1305 3760
1320 3460
1323 6780
1329 4040
1331 2140
1338 4340
1339 4400
1343 4820
1345 4520
1360 21220
1363 3220
1369 4860
1371 6780
1378 2680
1379 3660
1383 4340
1385 4560
1400 4820
1403 3660
1409 3960
1411 3220
1418 23880
1419 25840
1423 2680
1425 22420
1440 4340
1443 85500
1449 9480
1451 3660
1458 3760
1459 5340
1463 23880
1465 4260
1480 2680
1483 28540
1489 3640
1491 85500
1498 4520
1499 6400
1503 3760
1505 2900
1520 23880
1523 6020
1529 3340
1531 28540
1538 4560
1539 3460
1543 4520
1545 2140
1560 3760
1563 8580
1569 2500
1571 6020
1578 22420
1579 21220
1583 4560
1585 6780
1600 4520
1603 5100
1609 14200
1611 8580
1618 4260
1619 4820
1623 22420
1625 3220
1640 4560
1643 16740
1649 2680
1651 5100
1658 2900
1659 4340
1663 4260
1665 3660
1680 22420
1683 5460
1689 4400
1691 16740
1698 2140
1699 2680
1703 2900
1705 85500
1720 4260
1723 5360
1729 3660
1731 5460
1738 6780
1739 23880
1741 43240
1743 2140
1745 28540
1760 2900
1763 3560
1769 25840
1771 5360
1778 3220
1779 3760
1781 16900
1783 6780
1785 6020
1800 2140
1803 19800
1809 5340
1811 3560
1818 3660
1819 4520
1821 4040
1823 3220
1825 8580
1840 6780
1843 4620
1849 6400
1851 19800
1858 85500
1859 4560
1861 4860
1863 3660
1865 5100
1880 3220
1883 6020
1888 43240
1889 3460
1891 4620
1898 28540
1899 22420
1901 3960
1903 85500
1905 16740
1920 3660
1923 4440
1928 16900
1929 21220
1931 6020
1938 6020
1939 4260
1941 9480
1943 28540
1945 5460
1960 85500
1963 24200
1968 4040
1969 4820
1971 4440
1978 8580
1979 2900
1981 3640
1983 6020
1985 5360
2000 28540
2003 4460
2008 4860
2009 4340
2011 24200
2018 5100
2019 2140
2021 3340
2023 8580
2025 3560
2040 6020
2043 7180
2048 3960
2049 2680
2051 4460
2058 16740
2059 6780
2061 2500
2063 5100
2065 19800
2080 8580
2083 6540
2088 9480
2089 23880
2091 7180
2098 5460
2099 3220
2101 14200
2103 16740
2105 4620
2120 5100
2123 23960
2128 3640
2129 3760
2131 6540
2138 5360
2139 3660
2141 2680
2143 5460
2145 6020
2160 16740
2163 6620
2168 3340
2169 4520
2171 23960
2178 3560
2179 85500
2181 4400
2183 5360
2185 4440
2200 5460
2203 6200
2208 2500
2209 4560
2211 6620
2218 19800
2219 28540
2221 3660
2223 3560
2225 24200
2240 5360
2243 3880
2248 14200
2249 22420
2251 6200
2258 4620
2259 6020
2261 25840
2263 19800
2265 4460
2280 3560
2283 29140
2288 2680
2289 4260
2291 3880
2298 6020
2299 8580
2301 5340
2303 4620
2305 7180
2320 19800
2323 6260
2328 4400
2329 2900
2331 29140
2338 4440
2339 5100
2341 6400
2343 6020
2345 6540
2360 4620
2363 8280
2368 3660
2369 2140
2371 6260
2378 24200
2379 16740
2381 3460
2383 4440
2385 23960
2400 6020
2403 5580
2408 25840
2409 6780
2411 8280
2418 4460
2419 5460
2421 21220
2423 24200
2425 6620
2440 4440
2443 24420
2448 5340
2449 3220
2451 5580
2458 7180
2459 5360
2461 4820
2463 4460
2465 6200
2480 24200
2483 5740
2488 6400
2489 3660
2491 24420
2498 6540
2499 3560
2501 4340
2503 7180
2505 3880
2520 4460
2523 7460
2528 3460
2529 85500
2531 5740
2538 23960
2539 19800
2541 2680
2543 6540
2545 29140
2560 7180
2563 5040
2568 21220
2569 28540
2571 7460
2578 6620
2579 4620
2581 23880
2583 23960
2585 6260
2600 6540
2603 9180
2608 4820
2609 6020
2611 5040
2618 6200
2619 6020
2621 3760
2623 6620
2625 8280
2640 23960
2643 5140
2648 4340
2649 8580
2651 9180
2658 3880
2659 4440
2661 4520
2663 6200
2665 5580
2680 6620
2683 6380
2688 2680
2689 5100
2691 5140
2698 29140
2699 24200
2701 4560
2703 3880
2705 24420
2720 6200
2723 114340
2728 23880
2729 16740
2731 6380
2738 6260
2739 4460
2741 22420
2743 29140
2745 5740
2760 3880
2763 26100
2768 3760
2769 5460
2771 114340
2778 8280
2779 7180
2781 4260
2783 6260
2785 7460
2800 29140
2803 6000
2808 4520
2809 5360
2811 26100
2818 5580
2819 6540
2821 2900
2823 8280
2825 5040
2840 6260
2843 9080
2848 4560
2849 3560
2851 6000
2858 24420
2859 23960
2861 2140
2863 5580
2865 9180
2880 8280
2883 5860
2888 22420
2889 19800
2891 9080
2898 5740
2899 6620
2901 6780
2903 24420
2905 5140
2920 5580
2923 23580
2928 4260
2929 4620
2931 5860
2938 7460
2939 6200
2941 46460
2943 5740
2945 6380
2960 24420
2963 6480
2968 2900
2969 6020
2971 23580
2978 5040
2979 3880
2981 20560
2983 7460
2985 92962
