0 0
116 43240
156 16900
196 4040
200 43240
236 4860
240 16900
276 3960
280 4040
316 9480
320 4860
356 3640
360 3960
396 3340
400 9480
436 2500
440 3640
476 14200
480 3340
516 2680
520 2500
556 4400
560 14200
596 3660
600 2680
636 25840
640 4400
676 5340
677 43240
680 3660
716 6400
717 16900
720 25840
756 3460
757 4040
760 5340
786 43240
796 21220
797 4860
800 6400
826 16900
836 4820
837 3960
840 3460
866 4040
876 4340
877 9480
880 21220
906 4860
916 2680
917 3640
920 4820
946 3960
954 43240
956 23880
957 3340
960 4340
986 9480
994 16900
996 3760
997 2500
1000 2680
1026 3640
1034 4040
1036 4520
1037 14200
1040 23880
1066 3340
1074 4860
1076 4560
1077 2680
1080 3760
1106 2500
1114 3960
1116 22420
1117 4400
1120 4520
1146 14200
1154 9480
1156 4260
1157 3660
1160 4560
1177 43240
1186 2680
1194 3640
1196 2900
1197 25840
1200 22420
1217 16900
1226 4400
1234 3340
1236 2140
1237 5340
1240 4260
1257 4040
1266 3660
1274 2500
1276 6780
1277 6400
1280 2900
1297 4860
1306 25840
1314 14200
1316 3220
1317 3460
1320 2140
1337 3960
1346 5340
1354 2680
1356 3660
1357 21220
1360 6780
1377 9480
1386 6400
1394 4400
1396 85500
1397 4820
1400 3220
1417 3640
1426 3460
1434 3660
1436 28540
1437 4340
1440 3660
1457 3340
1466 21220
1474 25840
1476 6020
1477 2680
1480 85500
1497 2500
1506 4820
1514 5340
1516 8580
1517 23880
1520 28540
1537 14200
1546 4340
1554 6400
1556 5100
1557 3760
1560 6020
1577 2680
1586 2680
1594 3460
1596 16740
1597 4520
1600 8580
1617 4400
1626 23880
1634 21220
1636 5460
1637 4560
1640 5100
1657 3660
1666 3760
1674 4820
1676 5360
1677 22420
1680 16740
1697 25840
1700 43240
1706 4520
1714 4340
1716 3560
1717 4260
1720 5460
1730 43240
1737 5340
1740 16900
1746 4560
1754 2680
1756 19800
1757 2900
1760 5360
1770 16900
1777 6400
1780 4040
1786 22420
1794 23880
1796 4620
1797 2140
1800 3560
1810 4040
1817 3460
1820 4860
1826 4260
1834 3760
1836 6020
1837 6780
1840 19800
1850 4860
1857 21220
1860 3960
1866 2900
1874 4520
1876 4440
1877 3220
1880 4620
1890 3960
1897 4820
1900 9480
1906 2140
1914 4560
1916 24200
1917 3660
1920 6020
1923 43240
1930 9480
1937 4340
1940 3640
1946 6780
1954 22420
1956 4460
1957 85500
1960 47680
1963 16900
1970 3640
1977 2680
1980 3340
1986 3220
1994 4260
1996 7180
1997 28540
2000 41100
2003 4040
2010 3340
2017 23880
2020 2500
2026 3660
2034 2900
2036 6540
2037 6020
2040 8500
2043 4860
2050 2500
2057 3760
2060 14200
2066 85500
2074 2140
2076 23960
2077 8580
2080 12040
2083 3960
2090 14200
2097 4520
2100 2680
2106 28540
2114 6780
2116 6620
2117 5100
2120 10500
2123 9480
2130 2680
2137 4560
2140 4400
2146 6020
2154 3220
2156 6200
2157 16740
2160 33440
2163 3640
2170 4400
2177 22420
2180 3660
2186 8580
2194 3660
2196 3880
2197 5460
2200 10260
2203 3340
2210 3660
2217 4260
2220 25840
2226 5100
2234 85500
2236 29140
2237 5360
2240 9540
2243 2500
2250 25840
2257 2900
2260 5340
2266 16740
2274 28540
2276 6260
2277 3560
2280 6380
2283 14200
2290 5340
2297 2140
2300 6400
2306 5460
2314 6020
2316 8280
2317 19800
2320 43340
2323 2680
2330 6400
2337 6780
2340 3460
2346 5360
2354 8580
2356 5580
2357 4620
2360 8940
2363 4400
2370 3460
2377 3220
2380 21220
2386 3560
2394 5100
2396 24420
2397 6020
2400 12680
2403 3660
2410 21220
2417 3660
2420 4820
2426 19800
2434 16740
2436 5740
2437 4440
2440 9240
2443 25840
2450 4820
2457 85500
2460 4340
2466 4620
2474 5460
2476 7460
2477 24200
2480 50260
2483 5340
2490 4340
2497 28540
2500 2680
2506 6020
2514 5360
2516 5040
2517 4460
2520 11080
2523 6400
2530 2680
2537 6020
2540 23880
2546 4440
2554 3560
2556 9180
2557 7180
2560 13860
2563 3460
2570 23880
2577 8580
2580 3760
2586 24200
2594 19800
2596 5140
2597 6540
2600 8500
2603 21220
2610 3760
2617 5100
2620 4520
2626 4460
2629 43240
2634 4620
2636 6380
2637 23960
2640 30400
2643 4820
2650 4520
2657 16740
2660 4560
2666 7180
2669 16900
2674 6020
2676 114340
2677 6620
2680 9960
2683 4340
2690 4560
2697 5460
2700 22420
2706 6540
2709 4040
2714 4440
2716 26100
2717 6200
2720 10720
2723 2680
2730 22420
2737 48600
2740 4260
2746 23960
2749 4860
2754 24200
2756 6000
2757 3880
2760 117020
2763 23880
2770 4260
2777 20460
2780 2900
2786 6620
2789 3960
2794 4460
2796 9080
2797 29140
2800 49980
2803 3760
2810 2900
2817 23840
2820 2140
2826 6200
2829 9480
2834 7180
2836 5860
2837 6260
2840 9760
2843 4520
2850 2140
2857 9480
2860 6780
2866 3880
2869 3640
2874 6540
2876 23580
2877 8280
2880 13600
2883 4560
2890 6780
2897 9980
2900 3220
2906 29140
2909 3340
2914 23960
2916 6480
2917 5580
2920 10420
2923 22420
2930 3220
2937 13920
2940 3660
2946 6260
2949 2500
2954 6620
2956 9400
2957 24420
2960 46000
2963 4260
2970 3660
2977 27840
2980 67105
