0 0
139 43240
179 16900
219 4040
259 4860
299 3960
339 9480
379 3640
419 3340
459 2500
499 14200
539 2680
548 43240
579 4400
588 16900
619 3660
628 4040
659 25840
668 4860
699 5340
708 3960
739 6400
748 9480
779 3460
788 3640
819 21220
828 3340
859 4820
868 2500
890 43240
899 4340
908 14200
930 16900
939 2680
948 2680
970 4040
979 23880
988 4400
1010 4860
1019 3760
1028 3660
1050 3960
1059 4520
1068 25840
1090 9480
1099 4560
1108 5340
1130 3640
1139 22420
1148 6400
1170 3340
1179 4260
1188 3460
1210 2500
1219 2900
1228 21220
1250 14200
1259 2140
1268 4820
1290 2680
1299 6780
1308 4340
1330 4400
1339 3220
1348 2680
1370 3660
1379 3660
1388 23880
1410 25840
1419 85500
1428 3760
1450 5340
1457 43240
1459 28540
1468 4520
1490 6400
1497 16900
1499 6020
1508 4560
1530 3460
1532 43240
1537 4040
1539 8580
1548 22420
1570 21220
1572 16900
1577 4860
1579 5100
1588 4260
1610 4820
1612 4040
1617 3960
1619 16740
1621 43240
1628 2900
1650 4340
1652 4860
1657 9480
1659 5460
1661 16900
1668 2140
1690 2680
1692 3960
1697 3640
1699 5360
1701 4040
1708 6780
1730 23880
1732 9480
1737 3340
1739 3560
1741 4860
1748 3220
1770 3760
1772 3640
1777 2500
1779 19800
1781 3960
1788 3660
1810 4520
1812 3340
1817 14200
1819 4620
1821 9480
1828 85500
1850 4560
1852 2500
1857 2680
1859 6020
1861 3640
1868 28540
1890 22420
1892 14200
1897 4400
1899 4440
1901 3340
1908 6020
1930 4260
1932 2680
1937 3660
1939 24200
1941 2500
1948 8580
1970 2900
1972 4400
1977 25840
1979 4460
1981 14200
1988 5100
2007 43240
2010 2140
2012 3660
2017 5340
2019 7180
2021 2680
2028 16740
2047 16900
2050 6780
2052 25840
2057 6400
2059 6540
2061 4400
2068 5460
2080 43240
2087 4040
2088 43240
2090 3220
2092 5340
2097 3460
2099 23960
2101 3660
2108 5360
2120 16900
2127 4860
2128 16900
2130 3660
2132 6400
2137 21220
2139 6620
2141 25840
2148 3560
2160 47280
2167 3960
2168 4040
2170 85500
2172 46700
2177 4820
2179 6200
2181 5340
2188 19800
2200 21760
2207 9480
2208 4860
2210 28540
2212 38120
2217 4340
2219 3880
2221 6400
2228 4620
2240 8000
2247 3640
2248 3960
2250 6020
2252 8860
2257 2680
2259 29140
2261 3460
2268 6020
2280 14340
2287 3340
2288 9480
2290 8580
2292 9200
2297 23880
2299 6260
2301 21220
2308 4440
2320 7600
2327 2500
2328 3640
2330 5100
2332 6640
2337 3760
2339 8280
2341 4820
2348 24200
2360 12820
2367 14200
2368 3340
2370 16740
2372 33360
2377 4520
2379 5580
2381 4340
2388 4460
2400 6140
2407 2680
2408 2500
2410 5460
2412 7400
2417 4560
2419 24420
2421 2680
2428 7180
2440 17540
2447 4400
2448 14200
2450 5360
2452 7860
2457 22420
2459 5740
2461 23880
2468 6540
2480 5180
2487 3660
2488 2680
2490 3560
2492 7060
2497 4260
2499 7460
2501 3760
2508 23960
2520 18600
2527 25840
2528 4400
2530 19800
2532 36620
2537 2900
2539 5040
2541 4520
2548 6620
2560 6340
2567 5340
2568 3660
2570 4620
2572 6940
2577 2140
2579 9180
2581 4560
2588 6200
2600 30240
2607 6400
2608 25840
2610 6020
2612 7300
2617 6780
2619 5140
2621 22420
2628 3880
2640 9000
2647 3460
2648 48580
2650 4440
2652 5800
2657 3220
2659 6380
2661 4260
2668 29140
2680 32240
2687 21220
2688 23300
2690 24200
2692 32620
2697 3660
2699 114340
2701 2900
2708 6260
2720 8800
2727 4820
2728 7500
2730 4460
2732 8560
2737 85500
2739 26100
2741 2140
2748 8280
2754 43240
2760 27620
2767 4340
2768 26080
2770 7180
2772 10060
2777 28540
2779 6000
2781 6780
2788 5580
2794 16900
2800 8280
2807 2680
2808 8780
2810 6540
2812 88960
2817 6020
2819 9080
2821 3220
2828 24420
2834 4040
2840 25560
2847 23880
2848 13820
2850 23960
2852 49760
2855 43240
2857 8580
2859 5860
2861 3660
2868 5740
2874 4860
2880 7500
2887 3760
2888 6320
2890 6620
2892 10840
2895 16900
2897 5100
2899 23580
2901 85500
2908 7460
2914 3960
2920 28220
2927 4520
2928 27220
2930 6200
2932 12920
2935 4040
2937 16740
2939 6480
2941 28540
2948 5040
2954 9480
2960 6440
2967 4560
2968 6260
2970 3880
2972 7780
2975 4860
2977 3549
