0 0
182 43240
222 16900
262 4040
302 4860
342 3960
382 9480
422 3640
462 3340
502 2500
542 14200
582 2680
622 4400
662 3660
702 25840
742 5340
782 6400
822 3460
862 21220
902 4820
924 43240
942 4340
964 16900
982 2680
1004 4040
1022 23880
1044 4860
1062 3760
1084 3960
1102 4520
1124 9480
1142 4560
1164 3640
1182 22420
1204 3340
1222 4260
1244 2500
1262 2900
1275 43240
1284 14200
1302 2140
1315 16900
1324 2680
1342 6780
1355 4040
1364 4400
1382 3220
1395 4860
1404 3660
1422 3660
1435 3960
1444 25840
1462 85500
1475 9480
1484 5340
1502 28540
1515 3640
1524 6400
1542 6020
1555 3340
1564 3460
1582 8580
1595 2500
1604 21220
1622 5100
1635 14200
1644 4820
1657 43240
1662 16740
1675 2680
1684 4340
1697 16900
1702 5460
1715 4400
1719 43240
1724 2680
1737 4040
1742 5360
1755 3660
1759 16900
1764 23880
1777 4860
1782 3560
1795 25840
1799 4040
1804 3760
1817 3960
1822 19800
1835 5340
1839 4860
1844 4520
1857 9480
1862 4620
1875 6400
1879 3960
1884 4560
1897 3640
1902 6020
1915 3460
1919 9480
1924 22420
1937 3340
1942 4440
1955 21220
1959 3640
1964 4260
1977 2500
1982 24200
1995 4820
1999 3340
2004 2900
2017 14200
2022 4460
2035 4340
2039 2500
2044 2140
2057 2680
2062 7180
2071 43240
2075 2680
2079 14200
2084 6780
2097 4400
2102 6540
2111 16900
2115 23880
2119 2680
2124 3220
2137 3660
2139 43240
2142 23960
2151 4040
2155 3760
2159 4400
2164 3660
2177 25840
2179 16900
2182 6620
2191 4860
2195 4520
2199 3660
2204 85500
2217 5340
2219 4040
2222 6200
2231 3960
2235 4560
2239 25840
2244 28540
2257 6400
2259 4860
2262 3880
2265 43240
2271 9480
2275 22420
2279 5340
2284 6020
2297 3460
2299 3960
2302 29140
2305 16900
2311 3640
2315 4260
2319 6400
2324 8580
2337 21220
2339 9480
2342 6260
2345 4040
2351 3340
2355 2900
2359 3460
2364 5100
2377 4820
2379 3640
2382 8280
2385 4860
2391 2500
2395 2140
2399 21220
2404 16740
2417 4340
2419 3340
2422 5580
2425 3960
2431 14200
2435 6780
2439 4820
2444 5460
2457 2680
2459 2500
2462 24420
2465 9480
2471 2680
2475 3220
2479 4340
2484 5360
2497 23880
2499 14200
2502 5740
2505 3640
2511 4400
2515 3660
2519 2680
2524 3560
2537 3760
2539 2680
2542 7460
2545 3340
2551 3660
2555 85500
2559 23880
2564 19800
2577 4520
2579 4400
2582 5040
2585 2500
2591 25840
2595 28540
2599 3760
2604 4620
2617 4560
2619 3660
2622 9180
2625 14200
2631 5340
2635 6020
2639 4520
2644 6020
2657 22420
2659 69080
2662 5140
2665 2680
2671 6400
2675 8580
2679 4560
2684 4440
2697 4260
2699 22240
2702 6380
2705 4400
2711 3460
2715 5100
2719 22420
2724 24200
2737 2900
2739 10440
2742 114340
2745 3660
2746 43240
2751 21220
2755 16740
2759 4260
2764 4460
2777 2140
2779 8320
2782 26100
2785 25840
2786 103380
2791 4820
2795 5460
2799 2900
2804 7180
2817 6780
2819 25180
2822 6000
2825 5340
2826 37840
2831 4340
2835 5360
2839 2140
2844 6540
2857 3220
2859 14300
2862 9080
2865 6400
2866 12940
2871 2680
2875 3560
2879 6780
2884 23960
2897 3660
2899 7980
2902 5860
2905 3460
2906 13680
2911 23880
2915 19800
2919 3220
2924 6620
2937 85500
2939 6020
2942 23580
2945 21220
2946 17400
2951 3760
2955 4620
2959 3660
2964 6200
2977 28540
2979 26380
2982 6480
2985 4820
2986 19756
