0 0
1018 43240
1058 16900
1098 4040
1138 4860
1178 3960
1218 9480
1258 3640
1265 43240
1298 3340
1305 16900
1338 2500
1345 4040
1378 14200
1385 4860
1418 2680
1425 3960
1445 43240
1458 4400
1465 9480
1485 16900
1498 3660
1505 3640
1525 4040
1538 25840
1545 3340
1565 4860
1578 5340
1579 43240
1585 2500
1605 3960
1618 6400
1619 16900
1625 14200
1645 9480
1658 3460
1659 4040
1665 2680
1685 3640
1698 21220
1699 4860
1705 4400
1725 3340
1738 4820
1739 3960
1745 3660
1765 2500
1778 4340
1779 9480
1785 25840
1805 14200
1818 2680
1819 3640
1823 43240
1825 5340
1845 2680
1858 23880
1859 3340
1863 16900
1865 6400
1885 4400
1898 3760
1899 2500
1903 4040
1905 3460
1925 3660
1938 4520
1939 14200
1943 4860
1945 21220
1953 43240
1965 25840
1978 4560
1979 2680
1983 3960
1985 4820
1993 16900
2005 5340
2018 22420
2019 4400
2023 9480
2025 4340
2033 4040
2045 6400
2058 4260
2059 3660
2063 3640
2065 2680
2073 4860
2085 3460
2098 2900
2099 25840
2103 3340
2105 23880
2113 3960
2125 21220
2138 2140
2139 5340
2143 2500
2145 3760
2153 9480
2165 4820
2178 6780
2179 6400
2183 14200
2185 4520
2193 3640
2205 4340
2218 3220
2219 3460
2223 2680
2225 4560
2233 3340
2245 2680
2258 3660
2259 21220
2263 4400
2265 22420
2273 2500
2285 23880
2298 85500
2299 4820
2303 3660
2305 4260
2313 14200
2320 43240
2325 3760
2338 28540
2339 4340
2343 25840
2345 2900
2353 2680
2360 16900
2365 4520
2378 6020
2379 2680
2383 5340
2385 2140
2393 4400
2400 4040
2405 4560
2418 8580
2419 23880
2423 6400
2425 6780
2433 3660
2440 4860
2445 22420
2458 5100
2459 3760
2460 43240
2463 3460
2465 3220
2473 25840
2475 43240
2480 3960
2485 4260
2498 16740
2499 4520
2500 16900
2503 21220
2505 3660
2513 5340
2515 16900
2520 9480
2525 2900
2538 5460
2539 4560
2540 4040
2543 4820
2545 85500
2548 43240
2553 6400
2555 4040
2560 3640
2565 2140
2578 5360
2579 22420
2580 4860
2583 4340
2585 28540
2588 60140
2593 3460
2595 4860
2600 3340
2605 6780
2618 3560
2619 4260
2620 3960
2623 2680
2625 6020
2628 20940
2633 21220
2635 3960
2640 2500
2645 3220
2658 19800
2659 2900
2660 9480
2663 23880
2665 8580
2668 8900
2673 4820
2675 9480
2680 14200
2685 3660
2689 43240
2698 4620
2699 2140
2700 3640
2703 3760
2705 5100
2708 8820
2713 4340
2715 3640
2720 2680
2725 85500
2729 16900
2738 6020
2739 6780
2740 3340
2743 4520
2745 16740
2748 13440
2753 2680
2755 3340
2760 4400
2765 28540
2769 4040
2778 4440
2779 3220
2780 2500
2783 4560
2785 5460
2788 13120
2793 23880
2795 2500
2800 3660
2805 6020
2809 4860
2818 24200
2819 3660
2820 14200
2823 22420
2825 5360
2828 6980
2833 3760
2835 14200
2840 25840
2845 8580
2849 3960
2858 4460
2859 85500
2860 2680
2863 4260
2865 3560
2868 5840
2873 4520
2875 2680
2880 5340
2885 5100
2889 9480
2898 7180
2899 28540
2900 4400
2903 2900
2905 19800
2908 16700
2913 4560
2915 4400
2920 6400
2925 16740
2929 3640
2938 49780
2939 6020
2940 3660
2943 2140
2945 4620
2948 16880
2953 22420
2955 3660
2960 3460
2965 5460
2969 3340
2978 40860
2979 8580
