0 0
173 43240
179 43240
213 16900
219 16900
253 4040
259 4040
293 4860
299 4860
333 47200
339 3960
373 26380
379 9480
413 7680
419 3640
453 8200
459 3340
493 6460
499 2500
533 23680
539 14200
573 6320
579 2680
586 43240
613 7740
619 4400
626 16900
653 6160
659 3660
666 4040
693 40040
699 25840
706 4860
733 8020
739 5340
746 3960
773 10800
779 6400
786 9480
813 7120
819 3460
826 3640
840 43240
853 47060
859 21220
866 3340
880 16900
893 10160
899 4820
906 2500
920 4040
933 10740
939 4340
946 14200
960 4860
973 6140
979 2680
986 2680
1000 3960
1013 45100
1019 23880
1026 4400
1040 9480
1053 8580
1059 3760
1066 3660
1080 3640
1093 8860
1099 4520
1106 25840
1120 3340
1133 7240
1139 4560
1146 5340
1160 2500
1173 46300
1179 22420
1186 6400
1200 14200
1213 8020
1219 4260
1226 3460
1240 2680
1253 7420
1257 43240
1259 2900
1266 21220
1280 4400
1293 6700
1297 16900
1299 2140
1306 4820
1320 3660
1333 29200
1337 4040
1339 6780
1346 4340
1360 25840
1373 7480
1377 4860
1379 3220
1386 2680
1400 5340
1413 6560
1417 3960
1419 3660
1426 23880
1440 6400
1453 87640
1457 9480
1459 85500
1466 3760
1480 3460
1493 35320
1497 3640
1499 28540
1506 4520
1520 21220
1533 9240
1537 3340
1539 6020
1546 4560
1553 43240
1560 4820
1573 12240
1577 2500
1579 8580
1586 22420
1593 16900
1600 4340
1613 90600
1617 14200
1619 5100
1626 4260
1633 4040
1640 2680
1652 43240
1653 45280
1657 2680
1659 16740
1666 2900
1673 4860
1680 23880
1692 16900
1693 11480
1697 4400
1699 5460
1706 2140
1711 43240
1713 3960
1720 3760
1732 4040
1733 13940
1737 3660
1739 5360
1746 6780
1751 16900
1753 9480
1760 4520
1772 4860
1773 8660
1777 25840
1779 3560
1786 3220
1791 4040
1793 3640
1800 4560
1802 43240
1812 3960
1813 36540
1817 5340
1819 19800
1826 3660
1831 4860
1833 3340
1840 22420
1842 16900
1852 9480
1853 10080
1857 6400
1859 4620
1866 85500
1871 3960
1873 2500
1880 4260
1882 4040
1892 3640
1893 11380
1897 3460
1899 6020
1906 28540
1911 9480
1913 14200
1920 2900
1922 4860
1932 3340
1933 8000
1937 21220
1939 4440
1946 6020
1951 3640
1953 2680
1960 2140
1962 3960
1970 43240
1972 2500
1973 44000
1977 4820
1979 24200
1986 8580
1991 3340
1993 4400
2000 6780
2002 9480
2010 16900
2012 14200
2013 9080
2017 4340
2019 4460
2026 5100
2031 2500
2033 3660
2040 3220
2042 3640
2050 4040
2052 2680
2053 13200
2057 2680
2059 7180
2066 16740
2071 14200
2073 25840
2080 3660
2082 3340
2090 4860
2092 4400
2093 10980
2097 23880
2099 6540
2106 5460
2111 2680
2113 5340
2120 85500
2122 2500
2130 3960
2132 3660
2133 48160
2137 3760
2139 23960
2146 5360
2151 4400
2153 6400
2160 28540
2162 14200
2170 9480
2172 25840
2173 11080
2177 4520
2179 6620
2186 3560
2191 3660
2193 3460
2200 6020
2202 2680
2210 3640
2212 5340
2213 13380
2217 4560
2219 6200
2226 19800
2231 25840
2233 21220
2240 8580
2242 4400
2250 3340
2252 6400
2253 10420
2257 22420
2259 3880
2266 4620
2271 5340
2273 4820
2280 5100
2282 3660
2290 2500
2292 3460
2293 53100
2297 4260
2299 29140
2306 6020
2311 6400
2313 4340
2320 16740
2322 25840
2330 14200
2332 21220
2333 12880
2337 2900
2339 6260
2346 4440
2351 3460
2353 2680
2360 5460
2362 5340
2370 2680
2372 4820
2373 14480
2377 2140
2379 8280
2386 24200
2391 21220
2393 23880
2400 5360
2402 6400
2410 4400
2412 4340
2413 9460
2417 6780
2419 5580
2426 4460
2431 4820
2433 3760
2440 3560
2442 3460
2450 3660
2452 2680
2453 53560
2457 3220
2459 24420
2466 7180
2471 4340
2473 4520
2480 19800
2482 21220
2490 25840
2492 23880
2493 12000
2497 3660
2499 5740
2506 6540
2511 2680
2513 4560
2520 4620
2522 4820
2530 5340
2532 3760
2533 15740
2537 85500
2539 7460
2546 23960
2551 23880
2553 22420
2560 6020
2562 4340
2570 6400
2572 4520
2573 10620
2577 28540
2579 5040
2586 6620
2591 3760
2593 4260
2600 4440
2602 2680
2610 3460
2612 4560
2613 33600
2617 6020
2619 9180
2626 6200
2631 4520
2633 2900
2640 24200
2642 23880
2650 21220
2652 22420
2653 10880
2657 8580
2659 5140
2666 3880
2671 4560
2673 2140
2680 4460
2682 3760
2690 4820
2692 4260
2693 13840
2697 5100
2699 6380
2706 29140
2711 22420
2713 6780
2720 7180
2722 4520
2730 4340
2732 2900
2733 119380
2737 16740
2739 114340
2746 6260
2751 4260
2753 3220
2760 6540
2762 4560
2770 2680
2772 2140
2773 35280
2777 5460
2779 26100
2786 8280
2791 2900
2793 3660
2800 23960
2802 22420
2810 23880
2812 6780
2813 11140
2817 5360
2819 6000
2826 5580
2831 2140
2833 85500
2837 43240
2840 6620
2842 4260
2850 3760
2852 3220
2853 15460
2857 3560
2859 9080
2866 24420
2871 6780
2873 28540
2877 16900
2880 6200
2882 2900
2890 4520
2892 3660
2893 120200
2897 19800
2899 5860
2906 5740
2911 3220
2913 6020
2917 4040
2920 3880
2922 2140
2930 4560
2932 85500
2933 49680
2937 4620
2939 23580
2946 7460
2951 3660
2953 8580
2957 4860
2960 29140
2962 6780
2967 43240
2970 22420
2972 28540
2973 12480
2977 6020
2979 6480
2986 5040
