0 0
314 86480
329 43240
354 33800
369 16900
371 43240
394 8080
409 4040
411 16900
425 43240
434 9720
449 4860
451 4040
465 16900
474 7920
489 3960
491 4860
505 4040
514 18960
529 9480
531 3960
545 4860
554 7280
569 3640
571 9480
585 3960
594 6680
609 3340
611 3640
625 9480
634 5000
649 2500
651 3340
665 3640
674 28400
689 14200
691 2500
705 3340
714 5360
721 43240
729 2680
731 14200
745 2500
754 8800
758 43240
761 16900
769 4400
771 2680
785 14200
794 7320
798 16900
801 4040
809 3660
811 4400
825 2680
834 51680
838 4040
841 4860
849 25840
851 3660
865 4400
874 10680
878 4860
881 3960
889 5340
891 25840
905 3660
914 12800
918 3960
921 9480
929 6400
931 5340
945 25840
954 6920
958 9480
961 3640
969 3460
971 6400
985 5340
994 42440
998 3640
1001 3340
1009 21220
1011 3460
1025 6400
1034 9640
1038 3340
1041 2500
1049 4820
1051 21220
1065 3460
1074 8680
1078 2500
1081 14200
1089 4340
1091 4820
1105 21220
1114 5360
1118 14200
1121 2680
1129 2680
1131 4340
1145 4820
1154 47760
1158 2680
1161 4400
1169 23880
1171 2680
1185 4340
1194 7520
1198 4400
1201 3660
1209 3760
1211 23880
1212 43240
1225 2680
1234 9040
1238 3660
1241 25840
1249 4520
1251 3760
1252 16900
1265 23880
1274 9120
1278 25840
1281 5340
1289 4560
1291 4520
1292 4040
1305 3760
1314 44840
1318 5340
1321 6400
1329 22420
1331 4560
1332 4860
1345 4520
1354 8520
1358 6400
1361 3460
1369 4260
1371 22420
1372 3960
1385 4560
1394 5800
1398 3460
1401 21220
1409 2900
1411 4260
1412 9480
1425 22420
1434 4280
1438 21220
1441 4820
1449 2140
1451 2900
1452 3640
1465 4260
1474 13560
1478 4820
1481 4340
1489 6780
1491 2140
1492 3340
1505 2900
1514 6440
1518 4340
1519 43240
1521 2680
1529 3220
1531 6780
1532 2500
1540 43240
1545 2140
1554 7320
1558 2680
1559 16900
1561 23880
1569 3660
1571 3220
1572 14200
1580 16900
1585 6780
1594 171000
1598 23880
1599 4040
1601 3760
1609 85500
1611 3660
1612 2680
1620 4040
1625 3220
1630 43240
1634 57080
1638 3760
1639 4860
1641 4520
1649 28540
1651 85500
1652 4400
1660 4860
1665 3660
1670 16900
1674 12040
1678 4520
1679 3960
1681 4560
1689 6020
1691 28540
1692 3660
1700 3960
1705 85500
1710 4040
1714 17160
1718 4560
1719 9480
1721 22420
1729 8580
1731 6020
1732 25840
1740 9480
1745 28540
1750 4860
1754 10200
1758 22420
1759 3640
1761 4260
1769 5100
1771 8580
1772 5340
1780 3640
1785 6020
1790 3960
1794 33480
1798 4260
1799 3340
1801 2900
1809 16740
1811 5100
1812 6400
1820 3340
1825 8580
1830 9480
1834 10920
1838 2900
1839 2500
1841 2140
1849 5460
1851 16740
1852 3460
1860 2500
1865 5100
1870 3640
1874 10720
1878 2140
1879 14200
1881 6780
1889 5360
1891 5460
1892 21220
1900 14200
1905 16740
1910 3340
1914 7120
1918 6780
1919 2680
1921 3220
1929 3560
1931 5360
1932 4820
1940 2680
1945 5460
1950 2500
1954 39600
1958 3220
1959 4400
1961 3660
1969 19800
1971 3560
1972 4340
1980 4400
1985 5360
1990 14200
1994 9240
1998 3660
1999 3660
2001 85500
2009 4620
2011 19800
2012 2680
2020 3660
2025 3560
2030 2680
2034 12040
2038 85500
2039 25840
2041 28540
2049 6020
2051 4620
2052 23880
2060 25840
2065 19800
2070 4400
2074 8880
2078 28540
2079 5340
2081 6020
2089 4440
2091 6020
2092 3760
2100 5340
2105 4620
2110 3660
2114 48400
2118 6020
2119 6400
2121 8580
2129 24200
2131 4440
2132 4520
2140 6400
2145 6020
2150 25840
2154 8920
2158 8580
2159 3460
2161 5100
2169 4460
2171 24200
2172 4560
2180 3460
2185 4440
2190 5340
2194 14360
2198 5100
2199 21220
2201 16740
2209 7180
2211 4460
2212 22420
2220 21220
2225 24200
2230 6400
2234 13080
2238 16740
2239 4820
2241 5460
2249 6540
2251 7180
2252 4260
2260 4820
2265 4460
2270 3460
2274 47920
2278 5460
2279 4340
2281 5360
2289 23960
2291 6540
2292 2900
2300 4340
2305 7180
2310 21220
2314 13240
2318 5360
2319 2680
2321 3560
2329 6620
2331 23960
2332 2140
2340 2680
2345 6540
2348 43240
2350 4820
2354 12400
2358 3560
2359 23880
2361 19800
2369 6200
2371 6620
2372 6780
2380 23880
2385 23960
2388 16900
2390 4340
2394 7760
2398 19800
2399 3760
2401 4620
2409 3880
2411 6200
2412 3220
2420 3760
2425 6620
2428 4040
2430 2680
2434 58280
2438 4620
2439 4520
2441 6020
2449 29140
2451 3880
2452 3660
2460 4520
2465 6200
2468 4860
2470 23880
2474 12520
2478 6020
2479 4560
2481 4440
2489 6260
2491 29140
2492 85500
2500 4560
2505 3880
2508 3960
2510 3760
2514 16560
2518 4440
2519 22420
2521 24200
2529 8280
2530 43240
2531 6260
2532 28540
2540 22420
2545 29140
2548 9480
2550 4520
2554 11160
2558 24200
2559 4260
2561 4460
2569 5580
2570 16900
2571 8280
2572 6020
2580 4260
2585 6260
2588 3640
2590 4560
2594 48840
2598 4460
2599 2900
2601 7180
2609 24420
2610 4040
2611 5580
2612 8580
2620 2900
2625 8280
2628 3340
2630 22420
2634 11480
2638 7180
2639 2140
2641 6540
2649 5740
2650 4860
2651 24420
2652 5100
2660 2140
2665 5580
2668 2500
2670 4260
2674 14920
2678 6540
2679 6780
2681 23960
2689 7460
2690 3960
2691 5740
2692 16740
2700 6780
2705 24420
2708 14200
2710 2900
2714 10080
2718 23960
2719 3220
2721 6620
2729 5040
2730 9480
2731 7460
2732 5460
2740 3220
2745 5740
2748 2680
2750 2140
2754 18360
2758 6620
2759 3660
2761 6200
2769 9180
2770 3640
2771 5040
2772 5360
2780 3660
2785 7460
2788 4400
2790 6780
2794 10280
2798 6200
2799 85500
2801 3880
2809 5140
2810 3340
2811 9180
2812 3560
2820 85500
2825 5040
2828 3660
2830 3220
2834 12760
2838 3880
2839 28540
2841 29140
2842 43240
2849 6380
2850 2500
2851 5140
2852 19800
2860 28540
2865 9180
2868 25840
2870 3660
2874 228680
2878 29140
2879 6020
2881 6260
2882 16900
2889 114340
2890 14200
2891 6380
2892 4620
2900 6020
2905 5140
2908 5340
2910 85500
2914 52200
2918 6260
2919 8580
2921 8280
2922 4040
2929 26100
2930 2680
2931 114340
2932 6020
2940 8580
2945 6380
2948 6400
2950 28540
2954 12000
2958 8280
2959 5100
2961 5580
2962 4860
2969 6000
2970 4400
2971 26100
2972 4440
2980 5100
2985 114340
2988 173
