0 0
339 43240
379 16900
419 4040
459 4860
499 3960
539 9480
579 3640
619 3340
659 2500
687 43240
699 14200
727 16900
739 2680
767 4040
779 4400
807 4860
819 3660
847 3960
859 25840
887 9480
899 5340
927 3640
939 6400
948 43240
967 3340
979 3460
988 16900
1007 2500
1019 21220
1028 47280
1047 14200
1059 4820
1068 21760
1087 2680
1099 4340
1108 8000
1127 4400
1139 2680
1148 14340
1167 3660
1179 23880
1188 7600
1207 25840
1219 3760
1228 12820
1247 5340
1259 4520
1268 6140
1287 6400
1299 4560
1308 17540
1327 3460
1339 22420
1348 5180
1367 21220
1379 4260
1388 18600
1407 4820
1419 2900
1425 43240
1428 6340
1447 4340
1459 2140
1465 16900
1468 30240
1487 2680
1499 6780
1505 4040
1508 9000
1527 23880
1539 3220
1545 4860
1548 32240
1567 3760
1579 3660
1585 3960
1588 8800
1607 4520
1619 85500
1625 9480
1628 27620
1647 4560
1659 28540
1665 3640
1668 8280
1687 22420
1699 6020
1705 3340
1708 25560
1727 4260
1734 43240
1739 8580
1745 2500
1748 7500
1767 2900
1774 16900
1779 5100
1785 14200
1788 28220
1807 2140
1814 4040
1819 16740
1825 2680
1828 6440
1847 6780
1854 4860
1859 5460
1865 4400
1868 28400
1887 3220
1894 3960
1899 5360
1905 3660
1908 8320
1927 3660
1934 9480
1939 3560
1945 25840
1948 26940
1967 85500
1974 3640
1979 19800
1985 5340
1988 8820
2007 28540
2014 3340
2019 4620
2022 43240
2025 6400
2028 25320
2047 6020
2054 2500
2059 6020
2062 16900
2065 3460
2068 6400
2087 8580
2094 14200
2099 4440
2102 4040
2105 21220
2108 9680
2127 5100
2134 2680
2139 24200
2142 4860
2145 4820
2148 5360
2167 16740
2174 4400
2179 4460
2182 3960
2185 4340
2188 10440
2207 5460
2214 3660
2219 7180
2222 9480
2225 2680
2228 88720
2247 5360
2254 25840
2259 6540
2262 3640
2265 23880
2268 32200
2287 3560
2294 5340
2299 23960
2302 3340
2305 3760
2308 91520
2327 19800
2334 6400
2339 6620
2342 2500
2345 4520
2348 37120
2367 4620
2374 3460
2379 6200
2382 14200
2385 4560
2388 11120
2389 43240
2407 6020
2414 21220
2419 3880
2422 2680
2425 22420
2428 25320
2429 16900
2447 4440
2454 4820
2459 29140
2462 4400
2465 4260
2468 10560
2469 4040
2487 24200
2494 4340
2499 6260
2502 3660
2505 2900
2508 22100
2509 4860
2527 4460
2534 2680
2539 8280
2540 43240
2542 25840
2545 2140
2548 9020
2549 3960
2567 7180
2574 23880
2579 5580
2580 16900
2582 5340
2585 6780
2588 25160
2589 9480
2607 6540
2614 3760
2619 24420
2620 4040
2622 6400
2625 3220
2628 8180
2629 3640
2647 23960
2654 4520
2659 5740
2660 4860
2662 3460
2665 3660
2668 25820
2669 3340
2687 6620
2694 4560
2699 7460
2700 3960
2702 21220
2705 85500
2708 9060
2709 2500
2727 6200
2734 22420
2739 5040
2740 9480
2742 4820
2745 28540
2748 30220
2749 14200
2767 3880
2774 4260
2779 9180
2780 3640
2782 4340
2785 6020
2788 8900
2789 2680
2807 29140
2814 2900
2819 5140
2820 3340
2822 2680
2825 8580
2828 31380
2829 4400
2838 43240
2847 6260
2854 2140
2859 6380
2860 2500
2862 23880
2865 5100
2868 11000
2869 3660
2878 16900
2887 8280
2894 6780
2899 114340
2900 14200
2902 3760
2905 16740
2908 31140
2909 25840
2918 4040
2927 5580
2934 3220
2939 26100
2940 2680
2942 4520
2945 5460
2948 13160
2949 5340
2958 4860
2967 24420
2974 3660
2979 6000
