0 0
166 43240
193 43240
206 16900
233 16900
246 4040
273 4040
286 4860
313 4860
322 43240
326 3960
353 3960
354 43240
362 16900
366 9480
393 9480
394 16900
402 4040
406 3640
433 3640
434 4040
442 4860
446 3340
473 3340
474 4860
482 3960
486 2500
513 2500
514 3960
522 9480
526 14200
553 14200
554 9480
562 3640
566 2680
593 2680
594 3640
602 3340
606 4400
633 4400
634 3340
642 2500
646 3660
673 3660
674 2500
682 14200
686 25840
711 43240
713 25840
714 14200
722 2680
726 5340
751 16900
753 5340
754 2680
762 4400
766 6400
791 4040
793 6400
794 4400
802 3660
806 3460
831 4860
833 3460
834 3660
842 25840
846 21220
871 3960
873 21220
874 25840
882 5340
886 4820
911 9480
913 4820
914 5340
922 6400
926 4340
951 3640
953 4340
954 6400
962 3460
966 2680
991 3340
993 2680
994 3460
1002 21220
1006 23880
1014 43240
1031 2500
1033 23880
1034 21220
1042 4820
1046 3760
1054 16900
1071 14200
1073 3760
1074 4820
1082 4340
1086 4520
1094 4040
1111 2680
1113 4520
1114 4340
1122 2680
1126 4560
1134 4860
1151 4400
1153 4560
1154 2680
1162 23880
1166 22420
1174 3960
1191 3660
1193 22420
1194 23880
1202 3760
1206 4260
1214 9480
1231 25840
1233 4260
1234 3760
1242 4520
1246 2900
1254 3640
1271 5340
1273 2900
1274 4520
1282 4560
1286 2140
1294 3340
1311 6400
1313 2140
1314 4560
1322 22420
1326 6780
1334 2500
1351 3460
1353 6780
1354 22420
1362 4260
1366 3220
1374 14200
1391 21220
1393 3220
1394 4260
1402 2900
1406 3660
1414 2680
1431 4820
1433 3660
1434 2900
1442 2140
1446 85500
1454 4400
1471 4340
1473 85500
1474 2140
1482 6780
1486 28540
1494 3660
1511 2680
1513 28540
1514 6780
1522 3220
1526 6020
1534 25840
1551 23880
1553 6020
1554 3220
1562 3660
1566 8580
1574 5340
1591 3760
1593 8580
1594 3660
1602 85500
1606 5100
1614 6400
1631 4520
1633 5100
1634 85500
1642 28540
1646 16740
1654 3460
1671 4560
1673 16740
1674 28540
1682 6020
1684 43240
1686 5460
1694 21220
1711 22420
1713 5460
1714 6020
1722 8580
1724 16900
1726 5360
1734 4820
1751 4260
1753 5360
1754 8580
1762 5100
1764 4040
1766 3560
1774 4340
1791 2900
1793 3560
1794 5100
1802 16740
1804 4860
1806 19800
1814 2680
1831 2140
1833 19800
1834 16740
1842 5460
1844 3960
1846 4620
1854 23880
1871 6780
1873 4620
1874 5460
1882 5360
1884 9480
1886 6020
1894 3760
1911 3220
1913 6020
1914 5360
1922 3560
1924 3640
1926 4440
1934 4520
1951 3660
1953 4440
1954 3560
1962 19800
1964 3340
1966 24200
1974 4560
1991 85500
1993 24200
1994 19800
2002 4620
2004 2500
2006 4460
2014 22420
2031 28540
2033 4460
2034 4620
2042 6020
2044 14200
2046 7180
2054 4260
2071 6020
2073 7180
2074 6020
2082 4440
2084 2680
2086 6540
2094 2900
2111 8580
2113 6540
2114 4440
2122 24200
2124 4400
2126 23960
2134 2140
2151 5100
2153 23960
2154 24200
2162 4460
2164 3660
2166 6620
2174 6780
2191 16740
2193 6620
2194 4460
2202 7180
2204 25840
2206 6200
2214 3220
2231 5460
2233 6200
2234 7180
2242 6540
2244 5340
2246 3880
2254 3660
2271 5360
2273 3880
2274 6540
2282 23960
2284 6400
2286 29140
2294 85500
2311 3560
2313 29140
2314 23960
2322 6620
2324 3460
2326 6260
2334 28540
2351 19800
2353 6260
2354 6620
2362 6200
2364 21220
2366 8280
2374 6020
2391 4620
2393 8280
2394 6200
2402 3880
2404 4820
2406 5580
2414 8580
2431 6020
2433 5580
2434 3880
2442 29140
2444 4340
2446 24420
2454 5100
2471 4440
2473 24420
2474 29140
2482 6260
2484 2680
2486 5740
2494 16740
2511 24200
2513 5740
2514 6260
2522 8280
2524 23880
2526 7460
2534 5460
2551 4460
2553 7460
2554 8280
2562 5580
2564 3760
2566 5040
2574 5360
2591 7180
2593 5040
2594 5580
2602 24420
2604 4520
2606 9180
2614 3560
2631 6540
2633 9180
2634 24420
2642 5740
2644 4560
2646 5140
2654 19800
2671 23960
2673 5140
2674 5740
2682 7460
2684 22420
2686 6380
2694 4620
2704 43240
2711 6620
2713 6380
2714 7460
2722 5040
2724 4260
2726 114340
2734 6020
2744 16900
2751 6200
2753 114340
2754 5040
2762 9180
2764 2900
2766 26100
2774 4440
2784 4040
2791 3880
2793 26100
2794 9180
2802 5140
2804 2140
2806 6000
2814 24200
2824 4860
2831 29140
2833 6000
2834 5140
2835 43240
2842 6380
2844 6780
2846 9080
2854 4460
2864 3960
2871 6260
2873 9080
2874 6380
2875 16900
2882 114340
2884 3220
2886 5860
2894 7180
2904 9480
2911 8280
2913 5860
2914 114340
2915 4040
2922 26100
2924 3660
2926 23580
2934 6540
2944 3640
2951 5580
2953 23580
2954 26100
2955 48100
2962 6000
2964 85500
2966 6480
2974 23960
2984 3340
