0 0
167 43240
180 43240
207 16900
220 16900
247 4040
260 4040
287 4860
300 4860
327 3960
340 3960
367 9480
380 9480
407 3640
420 3640
447 3340
460 3340
487 2500
500 2500
527 57440
540 14200
567 19580
580 2680
607 8440
620 4400
647 8520
660 3660
687 29800
700 25840
727 14820
740 5340
767 10040
780 6400
807 6800
820 3460
847 23720
860 21220
887 19020
898 43240
900 4820
927 7020
938 16900
940 4340
967 7080
978 4040
980 2680
1007 27540
1018 4860
1020 23880
1047 29600
1058 3960
1060 3760
1087 9860
1098 9480
1100 4520
1127 10960
1138 3640
1140 4560
1167 25880
1178 3340
1180 22420
1207 25480
1218 2500
1220 4260
1247 7720
1258 14200
1260 2900
1287 6480
1297 43240
1298 2680
1300 2140
1327 9460
1337 16900
1338 4400
1340 6780
1367 27100
1377 4040
1378 3660
1380 3220
1398 43240
1407 7420
1417 4860
1418 25840
1420 3660
1438 16900
1447 90020
1457 3960
1458 5340
1460 85500
1478 4040
1487 33100
1497 9480
1498 6400
1500 28540
1518 4860
1527 28440
1537 3640
1538 3460
1540 6020
1558 3960
1567 12840
1577 3340
1578 21220
1580 8580
1598 9480
1607 8000
1617 2500
1618 4820
1620 5100
1638 3640
1647 18880
1657 14200
1658 4340
1660 16740
1678 3340
1687 12240
1697 2680
1698 2680
1700 5460
1718 2500
1727 8580
1737 4400
1738 23880
1740 5360
1758 14200
1767 7220
1777 3660
1778 3760
1780 3560
1798 2680
1807 105300
1817 25840
1818 4520
1820 19800
1838 4400
1847 33160
1857 5340
1858 4560
1860 4620
1878 3660
1887 12040
1897 6400
1898 22420
1900 6020
1918 25840
1927 13020
1937 3460
1938 4260
1940 4440
1958 5340
1967 29300
1977 21220
1978 2900
1980 24200
1998 6400
2007 21200
2017 4820
2018 2140
2020 4460
2038 3460
2047 12640
2057 4340
2058 6780
2060 7180
2078 21220
2087 11900
2097 2680
2098 3220
2100 6540
2118 4820
2127 27520
2137 23880
2138 3660
2140 23960
2156 43240
2158 4340
2167 26420
2177 3760
2178 85500
2180 6620
2196 16900
2198 2680
2207 10820
2217 4520
2218 28540
2220 6200
2236 4040
2238 23880
2247 9900
2257 4560
2258 6020
2260 3880
2276 4860
2278 3760
2287 33580
2297 22420
2298 8580
2300 29140
2302 43240
2316 3960
2318 4520
2327 30460
2337 4260
2338 5100
2340 6260
2342 16900
2356 9480
2357 43240
2358 4560
2367 12740
2377 2900
2378 16740
2380 8280
2382 4040
2396 3640
2397 16900
2398 22420
2407 12760
2417 2140
2418 5460
2420 5580
2422 4860
2436 3340
2437 4040
2438 4260
2447 30960
2457 50020
2458 5360
2460 24420
2462 3960
2468 43240
2476 2500
2477 4860
2478 2900
2487 29700
2497 20120
2498 3560
2500 5740
2502 9480
2508 16900
2516 14200
2517 3960
2518 2140
2527 14080
2537 7700
2538 19800
2540 7460
2542 3640
2548 4040
2556 2680
2557 9480
2558 6780
2567 11240
2577 90360
2578 4620
2580 5040
2582 3340
2588 4860
2596 4400
2597 3640
2598 3220
2607 13060
2617 32500
2618 6020
2620 9180
2622 2500
2628 3960
2636 3660
2637 3340
2638 3660
2647 34280
2657 15500
2658 4440
2660 5140
2662 14200
2668 9480
2676 25840
2677 2500
2678 85500
2680 43240
2687 12640
2697 12220
2698 24200
2700 6380
2702 2680
2708 3640
2716 5340
2717 14200
2718 28540
2720 16900
2727 122620
2737 8440
2738 4460
2740 114340
2742 4400
2748 3340
2756 6400
2757 2680
2758 6020
2760 4040
2767 31680
2777 19240
2778 7180
2780 26100
2782 3660
2788 2500
2796 3460
2797 4400
2798 8580
2800 4860
2807 30420
2817 19660
2818 6540
2820 6000
2822 25840
2828 14200
2836 21220
2837 3660
2838 5100
2840 3960
2847 14820
2857 8040
2858 23960
2860 9080
2862 5340
2868 2680
2876 4820
2877 25840
2878 16740
2880 9480
2887 13320
2897 7960
2898 6620
2900 5860
2902 6400
2908 4400
2916 4340
2917 5340
2918 5460
2920 3640
2927 28620
2937 23460
2938 6200
2940 23580
2942 3460
2948 3660
2956 2680
2957 6400
2958 5360
2960 3340
2967 15660
2977 30460
2978 3880
2980 6480
2982 21220
2988 25840
2996 23880
2997 3460
