0 0
227 43240
249 43240
267 16900
289 16900
307 4040
329 4040
347 4860
369 4860
387 3960
409 3960
427 9480
429 43240
449 9480
467 3640
469 16900
489 3640
507 3340
509 4040
529 3340
547 2500
549 4860
569 2500
587 14200
589 3960
609 14200
627 2680
629 9480
649 2680
667 4400
669 3640
679 43240
689 4400
707 3660
709 3340
719 16900
729 3660
747 25840
749 2500
759 4040
769 25840
787 5340
789 14200
799 4860
809 5340
827 6400
829 2680
839 3960
849 6400
867 3460
869 4400
879 9480
889 3460
907 21220
909 3660
919 3640
929 21220
947 4820
949 25840
959 3340
969 4820
987 4340
989 5340
999 2500
1009 4340
1024 43240
1027 2680
1029 6400
1036 43240
1039 14200
1049 2680
1064 16900
1067 23880
1069 3460
1076 16900
1079 2680
1089 23880
1104 4040
1107 3760
1109 21220
1116 4040
1119 4400
1129 3760
1144 4860
1147 4520
1149 4820
1156 4860
1159 3660
1169 4520
1184 3960
1187 4560
1189 4340
1196 3960
1199 25840
1209 4560
1224 9480
1227 22420
1229 2680
1236 9480
1239 5340
1249 22420
1264 3640
1267 4260
1269 23880
1276 3640
1279 6400
1289 4260
1304 3340
1307 2900
1309 3760
1316 3340
1319 3460
1329 2900
1344 2500
1347 2140
1349 4520
1356 2500
1359 21220
1369 2140
1384 14200
1387 6780
1389 4560
1396 14200
1399 4820
1409 6780
1424 2680
1427 3220
1429 22420
1436 2680
1439 4340
1449 3220
1464 4400
1467 3660
1469 4260
1475 43240
1476 4400
1479 2680
1489 3660
1504 3660
1507 85500
1509 2900
1515 16900
1516 3660
1519 23880
1529 85500
1544 25840
1547 28540
1549 2140
1555 4040
1556 25840
1559 3760
1569 28540
1584 5340
1587 6020
1589 6780
1595 4860
1596 5340
1599 4520
1609 6020
1624 6400
1627 8580
1629 3220
1635 3960
1636 6400
1639 4560
1649 8580
1664 3460
1667 5100
1669 3660
1675 9480
1676 3460
1679 22420
1689 5100
1704 21220
1706 43240
1707 16740
1709 85500
1715 3640
1716 21220
1719 4260
1729 16740
1744 4820
1746 16900
1747 5460
1749 28540
1755 3340
1756 4820
1759 2900
1764 43240
1769 5460
1784 4340
1786 4040
1787 5360
1789 6020
1795 2500
1796 4340
1799 2140
1804 16900
1809 5360
1824 2680
1826 4860
1827 3560
1829 8580
1835 14200
1836 2680
1839 6780
1844 4040
1849 3560
1864 23880
1866 3960
1867 19800
1869 5100
1875 2680
1876 23880
1879 3220
1884 4860
1889 19800
1898 43240
1904 3760
1906 9480
1907 4620
1909 16740
1915 4400
1916 3760
1919 3660
1924 3960
1929 4620
1938 16900
1944 4520
1946 3640
1947 6020
1949 5460
1955 3660
1956 4520
1959 85500
1964 9480
1969 6020
1978 4040
1984 4560
1986 3340
1987 4440
1989 5360
1995 25840
1996 4560
1999 28540
2004 3640
2009 4440
2018 4860
2024 22420
2026 2500
2027 24200
2029 3560
2035 5340
2036 22420
2039 6020
2044 3340
2049 24200
2058 3960
2064 4260
2066 14200
2067 4460
2069 19800
2075 6400
2076 4260
2079 8580
2084 2500
2089 4460
2098 9480
2104 2900
2106 2680
2107 7180
2109 4620
2115 3460
2116 2900
2119 5100
2124 14200
2129 7180
2138 3640
2144 2140
2146 4400
2147 6540
2149 6020
2155 21220
2156 2140
2159 16740
2164 2680
2169 6540
2178 3340
2184 6780
2186 3660
2187 23960
2189 4440
2195 4820
2196 6780
2199 5460
2204 4400
2209 23960
2218 2500
2224 3220
2226 25840
2227 6620
2229 24200
2235 4340
2236 3220
2239 5360
2244 3660
2249 6620
2258 14200
2264 3660
2266 5340
2267 6200
2269 4460
2275 2680
2276 3660
2279 3560
2284 25840
2289 6200
2298 2680
2304 85500
2306 6400
2307 3880
2309 7180
2315 23880
2316 85500
2319 19800
2324 5340
2329 3880
2338 4400
2344 28540
2346 3460
2347 29140
2349 6540
2355 3760
2356 28540
2359 4620
2364 6400
2365 43240
2369 29140
2378 3660
2384 6020
2386 21220
2387 6260
2389 23960
2395 4520
2396 6020
2399 6020
2404 3460
2405 16900
2409 6260
2418 25840
2424 8580
2426 4820
2427 8280
2429 6620
2435 4560
2436 8580
2439 4440
2444 21220
2445 4040
2449 8280
2458 5340
2464 5100
2466 4340
2467 5580
2469 6200
2475 22420
2476 5100
2479 24200
2484 4820
2485 4860
2489 5580
2498 6400
2504 16740
2506 2680
2507 24420
2509 3880
2515 4260
2516 16740
2519 4460
2524 4340
2525 3960
2529 24420
2530 43240
2538 3460
2544 5460
2546 23880
2547 5740
2549 29140
2555 2900
2556 5460
2559 7180
2564 2680
2565 9480
2569 5740
2570 16900
2578 21220
2584 5360
2586 3760
2587 7460
2589 6260
2595 2140
2596 5360
2599 6540
2604 23880
2605 3640
2609 7460
2610 4040
2618 4820
2624 3560
2625 43240
2626 4520
2627 5040
2629 8280
2635 6780
2636 3560
2639 23960
2644 3760
2645 3340
2649 5040
2650 4860
2658 4340
2664 19800
2665 16900
2666 4560
2667 9180
2669 5580
2675 3220
2676 19800
2679 6620
2684 4520
2685 2500
2689 9180
2690 3960
2698 2680
2704 4620
2705 4040
2706 22420
2707 5140
2709 24420
2715 3660
2716 4620
2719 6200
2724 4560
2725 14200
2729 5140
2730 9480
2738 23880
2744 6020
2745 4860
2746 4260
2747 6380
2749 5740
2755 85500
2756 6020
2759 3880
2764 22420
2765 2680
2769 6380
2770 3640
2778 3760
2784 4440
2785 3960
2786 2900
2787 114340
2789 7460
2795 28540
2796 4440
2799 29140
2804 4260
2805 4400
2809 114340
2810 3340
2818 4520
2824 24200
2825 9480
2826 2140
2827 26100
2829 5040
2835 6020
2836 24200
2839 6260
2844 2900
2845 3660
2849 26100
2850 2500
2858 4560
2864 4460
2865 3640
2866 6780
2867 6000
2869 9180
2875 8580
2876 4460
2879 8280
2884 2140
2885 25840
2889 6000
2890 14200
2898 22420
2904 7180
2905 3340
2906 3220
2907 9080
2909 5140
2915 5100
2916 7180
2919 5580
2924 6780
2925 5340
2929 9080
2930 2680
2938 4260
2944 6540
2945 2500
2946 3660
2947 5860
2949 6380
2955 16740
2956 6540
2959 24420
2964 3220
2965 6400
2969 5860
2970 4400
2978 2900
2984 23960
2985 14200
2986 85500
2987 23580
