0 0
188 43240
196 43240
207 43240
228 16900
236 16900
247 16900
268 4040
270 43240
276 4040
287 4040
308 4860
310 16900
316 4860
327 4860
348 3960
350 4040
356 3960
358 43240
367 3960
388 9480
390 4860
396 9480
398 16900
407 9480
428 3640
430 3960
436 3640
438 4040
447 3640
468 3340
470 9480
476 3340
478 4860
487 3340
508 2500
510 3640
516 2500
518 3960
527 2500
548 14200
550 3340
552 43240
556 14200
558 9480
567 14200
588 2680
590 2500
592 16900
596 2680
598 3640
607 2680
628 4400
630 14200
632 4040
636 4400
638 3340
647 4400
668 3660
670 2680
672 4860
676 3660
678 2500
687 3660
708 25840
710 4400
712 3960
716 25840
718 14200
727 25840
748 5340
750 3660
752 9480
756 5340
758 2680
767 5340
788 6400
790 25840
792 3640
796 6400
798 4400
807 6400
823 43240
828 46700
830 5340
832 3340
836 3460
838 3660
847 3460
863 16900
868 38120
870 6400
872 2500
876 21220
878 25840
887 21220
903 4040
908 8860
910 3460
912 14200
916 4820
918 5340
927 4820
943 4860
948 9200
950 21220
952 2680
956 4340
958 6400
967 4340
983 3960
988 6640
990 4820
992 4400
996 2680
998 3460
1007 2680
1023 9480
1028 33360
1030 4340
1032 3660
1036 23880
1038 21220
1047 23880
1063 3640
1068 7400
1070 2680
1072 25840
1076 3760
1078 4820
1087 3760
1103 3340
1108 7860
1110 23880
1112 5340
1116 4520
1118 4340
1127 4520
1143 2500
1148 7060
1150 3760
1152 6400
1156 4560
1158 2680
1167 4560
1183 14200
1188 36620
1190 4520
1192 3460
1196 22420
1198 23880
1207 22420
1223 2680
1228 6940
1230 4560
1232 21220
1236 4260
1238 3760
1247 4260
1263 4400
1268 7300
1270 22420
1272 4820
1276 2900
1277 43240
1278 4520
1287 2900
1303 3660
1308 5800
1310 4260
1312 4340
1316 2140
1317 16900
1318 4560
1327 2140
1343 25840
1348 32620
1350 2900
1352 2680
1356 6780
1357 4040
1358 22420
1367 6780
1383 5340
1388 8560
1390 2140
1392 23880
1396 3220
1397 4860
1398 4260
1407 3220
1412 43240
1423 6400
1428 10060
1430 6780
1432 3760
1436 3660
1437 3960
1438 2900
1447 3660
1452 16900
1463 3460
1468 88960
1470 3220
1472 4520
1476 85500
1477 9480
1478 2140
1487 85500
1492 4040
1503 21220
1508 49760
1510 3660
1512 4560
1516 28540
1517 3640
1518 6780
1527 28540
1532 4860
1535 43240
1543 4820
1548 10840
1550 85500
1552 22420
1556 6020
1557 3340
1558 3220
1567 6020
1572 3960
1575 16900
1583 4340
1588 12920
1590 28540
1592 4260
1596 8580
1597 2500
1598 3660
1607 8580
1612 9480
1615 4040
1623 2680
1628 7780
1630 6020
1632 2900
1636 5100
1637 14200
1638 85500
1647 5100
1652 3640
1655 4860
1663 23880
1668 40620
1670 8580
1672 2140
1676 16740
1677 2680
1678 28540
1687 16740
1692 3340
1695 3960
1703 3760
1708 9220
1710 5100
1712 6780
1716 5460
1717 4400
1718 6020
1727 5460
1732 2500
1735 9480
1743 4520
1748 9880
1750 16740
1752 3220
1756 5360
1757 3660
1758 8580
1767 5360
1772 14200
1775 3640
1783 4560
1788 8120
1790 5460
1792 3660
1796 3560
1797 25840
1798 5100
1807 3560
1812 2680
1815 3340
1823 22420
1828 42220
1830 5360
1832 85500
1836 19800
1837 5340
1838 16740
1847 19800
1852 4400
1855 2500
1863 4260
1868 8880
1870 3560
1872 28540
1876 4620
1877 6400
1878 5460
1887 4620
1892 3660
1895 14200
1903 2900
1908 8920
1910 19800
1912 6020
1916 6020
1917 3460
1918 5360
1927 6020
1932 25840
1935 2680
1943 2140
1948 6580
1950 4620
1952 8580
1956 4440
1957 21220
1958 3560
1967 4440
1972 5340
1975 4400
1983 6780
1988 30980
1990 6020
1992 5100
1996 24200
1997 4820
1998 19800
2007 24200
2012 6400
2015 3660
2023 3220
2028 7680
2030 4440
2032 16740
2036 4460
2037 4340
2038 4620
2047 4460
2052 3460
2055 25840
2063 3660
2068 10840
2070 24200
2072 5460
2076 7180
2077 2680
2078 6020
2087 7180
2092 21220
2095 5340
2103 85500
2108 92040
2110 4460
2112 5360
2116 6540
2117 23880
2118 4440
2127 6540
2132 4820
2135 6400
2143 28540
2148 52500
2150 7180
2152 3560
2156 23960
2157 3760
2158 24200
2167 23960
2172 4340
2175 3460
2183 6020
2188 12640
2190 6540
2192 19800
2196 6620
2197 4520
2198 4460
2207 6620
2212 2680
2215 21220
2223 8580
2228 14780
2230 23960
2232 4620
2236 6200
2237 4560
2238 7180
2247 6200
2252 23880
2255 4820
2263 5100
2268 8980
2270 6620
2272 6020
2276 3880
2277 22420
2278 6540
2287 3880
2292 3760
2295 4340
2303 16740
2308 45880
2310 6200
2312 4440
2316 29140
2317 4260
2318 23960
2319 43240
2327 29140
2332 4520
2335 2680
2343 5460
2348 11720
2350 3880
2352 24200
2356 6260
2357 2900
2358 6620
2359 16900
2367 6260
2372 4560
2375 23880
2383 5360
2388 13640
2390 29140
2392 4460
2396 8280
2397 2140
2398 6200
2399 4040
2407 8280
2412 22420
2415 3760
2423 3560
2428 9140
2430 6260
2432 7180
2436 5580
2437 6780
2438 3880
2439 4860
2447 5580
2452 4260
2455 4520
2463 19800
2468 44220
2470 8280
2472 6540
2476 24420
2477 3220
2478 29140
2479 3960
2487 24420
2492 2900
2495 4560
2503 4620
2508 10360
2510 5580
2512 23960
2516 5740
2517 3660
2518 6260
2519 9480
2527 5740
2532 2140
2535 22420
2543 6020
2548 13480
2550 24420
2552 6620
2556 7460
2557 85500
2558 8280
2559 3640
2567 7460
2572 6780
2575 4260
2583 4440
2588 9480
2590 5740
2592 6200
2596 5040
2597 28540
2598 5580
2599 3340
2607 5040
2612 3220
2615 2900
2623 24200
2628 33380
2630 7460
2632 3880
2636 9180
2637 6020
2638 24420
2639 2500
2647 9180
2652 3660
2655 2140
2663 4460
2668 9600
2670 5040
2672 29140
2676 5140
2677 8580
2678 5740
2679 14200
2687 5140
2692 85500
2695 6780
2703 7180
2708 13560
2710 9180
2712 6260
2716 6380
2717 5100
2718 7460
2719 2680
2727 6380
2732 28540
2735 3220
2740 43240
2743 6540
2748 120880
2750 5140
2752 8280
2756 114340
2757 16740
2758 5040
2759 4400
2767 114340
2772 6020
2775 3660
2780 16900
2783 23960
2786 43240
2788 50060
2790 6380
2792 5580
2796 26100
2797 5460
2798 9180
2799 3660
2807 26100
2812 8580
2815 85500
2820 4040
2823 6620
2826 16900
2828 12620
2830 114340
2832 24420
2836 6000
2837 5360
2838 5140
2839 25840
2847 6000
2852 5100
2855 28540
2860 4860
2863 6200
2866 4040
2868 15280
2870 26100
2872 5740
2876 9080
2877 3560
2878 6380
2879 5340
2887 9080
2892 16740
2895 6020
2900 3960
2903 3880
2906 4860
2908 9740
2910 6000
2912 7460
2916 5860
2917 19800
2918 114340
2919 6400
2927 5860
2932 5460
2935 8580
2940 9480
2943 29140
2946 3960
2948 52720
2950 9080
2952 5040
2956 23580
2957 4620
2958 26100
2959 3460
2967 23580
2972 5360
2975 5100
2980 3640
2983 6260
2986 9480
2988 12740
2990 5860
2992 9180
2996 6480
2997 6020
2998 6000
