0 0
268 43240
308 16900
348 4040
387 43240
388 4860
427 16900
428 3960
467 4040
468 9480
507 4860
508 3640
547 3960
548 3340
587 9480
588 2500
627 3640
628 14200
667 3340
668 2680
707 2500
708 4400
735 43240
747 14200
748 3660
775 16900
787 2680
788 25840
815 4040
827 4400
828 5340
855 4860
867 3660
868 6400
895 3960
907 25840
908 3460
935 9480
947 5340
948 21220
975 3640
987 6400
988 4820
1015 3340
1027 3460
1028 4340
1055 2500
1067 21220
1068 2680
1087 43240
1095 14200
1107 4820
1108 23880
1127 16900
1135 2680
1147 4340
1148 3760
1167 4040
1175 4400
1187 2680
1188 4520
1207 4860
1215 3660
1227 23880
1228 4560
1247 3960
1255 25840
1267 3760
1268 22420
1287 9480
1295 5340
1307 4520
1308 4260
1327 3640
1335 6400
1347 4560
1348 2900
1367 3340
1375 3460
1387 22420
1388 2140
1407 2500
1415 21220
1427 4260
1428 6780
1447 14200
1455 4820
1467 2900
1468 3220
1487 2680
1495 4340
1507 2140
1508 3660
1527 4400
1535 2680
1547 6780
1548 85500
1565 43240
1567 3660
1575 23880
1587 3220
1588 28540
1605 16900
1607 25840
1615 3760
1627 3660
1628 6020
1645 4040
1647 5340
1655 4520
1667 85500
1668 8580
1685 4860
1687 6400
1695 4560
1707 28540
1708 5100
1725 3960
1727 3460
1735 22420
1747 6020
1748 16740
1765 9480
1767 21220
1775 4260
1787 8580
1788 5460
1805 3640
1807 4820
1815 2900
1827 5100
1828 5360
1845 3340
1847 4340
1855 2140
1867 16740
1868 3560
1885 2500
1887 2680
1895 6780
1907 5460
1908 19800
1925 14200
1927 23880
1935 3220
1938 43240
1947 5360
1948 4620
1965 2680
1967 3760
1975 3660
1978 16900
1987 3560
1988 6020
2005 4400
2007 4520
2015 85500
2018 4040
2027 19800
2028 4440
2045 3660
2047 4560
2055 28540
2058 4860
2067 4620
2068 24200
2085 25840
2087 22420
2095 6020
2097 43240
2098 3960
2107 6020
2108 4460
2116 43240
2125 5340
2127 4260
2135 8580
2137 16900
2138 9480
2147 4440
2148 7180
2156 16900
2165 6400
2167 2900
2175 5100
2177 4040
2178 3640
2187 24200
2188 6540
2196 4040
2205 3460
2207 2140
2215 16740
2217 4860
2218 3340
2227 4460
2228 23960
2236 4860
2245 21220
2247 6780
2255 5460
2257 3960
2258 2500
2267 7180
2268 6620
2276 3960
2285 4820
2287 3220
2295 5360
2297 9480
2298 14200
2307 6540
2308 6200
2316 9480
2325 4340
2327 3660
2335 3560
2337 3640
2338 2680
2347 23960
2348 3880
2356 3640
2365 2680
2367 85500
2375 19800
2377 3340
2378 4400
2387 6620
2388 29140
2396 3340
2405 23880
2407 28540
2415 4620
2417 2500
2418 3660
2427 6200
2428 6260
2436 2500
2445 3760
2447 6020
2455 6020
2457 14200
2458 25840
2467 3880
2468 8280
2476 14200
2485 4520
2487 8580
2495 4440
2497 2680
2498 5340
2507 29140
2508 5580
2516 2680
2525 4560
2527 5100
2535 24200
2537 4400
2538 6400
2547 6260
2548 24420
2556 4400
2565 22420
2567 16740
2575 4460
2577 3660
2578 3460
2587 8280
2588 5740
2596 3660
2605 4260
2607 5460
2615 7180
2617 25840
2618 21220
2627 5580
2628 7460
2636 25840
2645 2900
2647 5360
2655 6540
2657 5340
2658 4820
2667 24420
2668 5040
2676 5340
2685 2140
2687 3560
2695 23960
2697 6400
2698 4340
2707 5740
2708 9180
2716 6400
2725 6780
2727 19800
2735 6620
2737 3460
2738 2680
2747 7460
2748 5140
2756 3460
2765 3220
2767 4620
2775 6200
2777 21220
2778 23880
2787 5040
2788 6380
2796 21220
2805 3660
2807 6020
2815 3880
2817 4820
2818 3760
2827 9180
2828 114340
2836 4820
2845 85500
2847 4440
2855 29140
2857 4340
2858 4520
2867 5140
2868 26100
2876 4340
2885 28540
2887 24200
2888 43240
2895 6260
2897 2680
2898 4560
2907 6380
2908 6000
2916 2680
2925 6020
2927 4460
2928 16900
2935 8280
2937 23880
2938 22420
2947 114340
2948 9080
2956 23880
2965 8580
2967 7180
2968 4040
2975 5580
2977 3760
2978 4260
2987 6525
