0 0
128 43240
168 16900
179 43240
208 4040
219 16900
248 4860
249 43240
259 4040
288 3960
289 16900
299 4860
328 9480
329 4040
339 3960
368 3640
369 4860
379 9480
408 3340
409 3960
419 3640
448 2500
449 9480
459 3340
488 14200
489 3640
499 2500
528 2680
529 3340
539 14200
567 43240
568 4400
569 2500
579 2680
607 16900
608 3660
609 14200
619 4400
647 4040
648 25840
649 2680
659 3660
687 4860
688 5340
689 4400
699 25840
727 3960
728 6400
729 3660
739 5340
767 9480
768 3460
769 25840
779 6400
807 3640
808 21220
809 5340
819 3460
847 3340
848 4820
849 6400
851 43240
859 21220
887 2500
888 4340
889 3460
891 16900
899 4820
927 14200
928 2680
929 21220
931 4040
939 4340
967 2680
968 23880
969 4820
971 4860
979 2680
1007 4400
1008 3760
1009 4340
1011 3960
1019 23880
1047 3660
1048 4520
1049 2680
1051 9480
1059 3760
1087 25840
1088 4560
1089 23880
1091 3640
1099 4520
1127 5340
1128 22420
1129 3760
1131 3340
1139 4560
1167 6400
1168 4260
1169 4520
1171 2500
1179 22420
1207 3460
1208 2900
1209 4560
1211 14200
1219 4260
1247 21220
1248 2140
1249 22420
1251 2680
1259 2900
1287 4820
1288 6780
1289 4260
1291 4400
1299 2140
1327 4340
1328 3220
1329 2900
1331 3660
1339 6780
1367 2680
1368 3660
1369 2140
1371 25840
1379 3220
1407 23880
1408 85500
1409 6780
1411 5340
1419 3660
1447 3760
1448 28540
1449 3220
1451 6400
1459 85500
1487 4520
1488 6020
1489 3660
1491 3460
1499 28540
1527 4560
1528 8580
1529 85500
1531 21220
1539 6020
1567 22420
1568 5100
1569 28540
1571 4820
1579 8580
1607 4260
1608 16740
1609 6020
1610 43240
1611 4340
1619 5100
1647 2900
1648 5460
1649 8580
1650 16900
1651 2680
1659 16740
1687 2140
1688 5360
1689 5100
1690 4040
1691 23880
1699 5460
1714 43240
1727 6780
1728 3560
1729 16740
1730 4860
1731 3760
1739 5360
1754 16900
1767 3220
1768 19800
1769 5460
1770 3960
1771 4520
1779 3560
1794 4040
1807 3660
1808 4620
1809 5360
1810 9480
1811 4560
1819 19800
1834 4860
1847 85500
1848 6020
1849 3560
1850 3640
1851 22420
1859 4620
1874 3960
1887 28540
1888 4440
1889 19800
1890 3340
1891 4260
1899 6020
1914 9480
1927 6020
1928 24200
1929 4620
1930 2500
1931 2900
1939 4440
1954 3640
1967 8580
1968 4460
1969 6020
1970 14200
1971 2140
1979 24200
1994 3340
2007 5100
2008 7180
2009 4440
2010 2680
2011 6780
2019 4460
2034 2500
2047 16740
2048 6540
2049 24200
2050 4400
2051 3220
2059 7180
2074 14200
2087 5460
2088 23960
2089 4460
2090 3660
2091 3660
2099 6540
2114 2680
2127 5360
2128 6620
2129 7180
2130 25840
2131 85500
2139 23960
2154 4400
2167 3560
2168 6200
2169 6540
2170 5340
2171 28540
2179 6620
2194 3660
2207 19800
2208 3880
2209 23960
2210 6400
2211 6020
2219 6200
2234 25840
2247 4620
2248 29140
2249 6620
2250 3460
2251 8580
2259 3880
2274 5340
2287 6020
2288 6260
2289 6200
2290 21220
2291 5100
2299 29140
2314 6400
2327 4440
2328 8280
2329 3880
2330 4820
2331 16740
2339 6260
2354 3460
2367 24200
2368 5580
2369 29140
2370 4340
2371 5460
2379 8280
2394 21220
2407 4460
2408 24420
2409 6260
2410 2680
2411 5360
2419 5580
2434 4820
2447 7180
2448 5740
2449 8280
2450 23880
2451 3560
2459 24420
2474 4340
2487 6540
2488 7460
2489 5580
2490 3760
2491 19800
2495 43240
2499 5740
2514 2680
2527 23960
2528 5040
2529 24420
2530 4520
2531 4620
2535 16900
2539 7460
2554 23880
2567 6620
2568 9180
2569 5740
2570 4560
2571 6020
2575 4040
2579 5040
2594 3760
2607 6200
2608 5140
2609 7460
2610 22420
2611 4440
2615 4860
2619 9180
2634 4520
2647 3880
2648 6380
2649 5040
2650 4260
2651 24200
2655 3960
2659 5140
2674 4560
2687 29140
2688 114340
2689 9180
2690 2900
2691 4460
2695 9480
2699 6380
2714 22420
2727 6260
2728 26100
2729 5140
2730 2140
2731 7180
2735 3640
2739 114340
2754 4260
2767 8280
2768 6000
2769 6380
2770 6780
2771 6540
2775 3340
2779 26100
2794 2900
2807 5580
2808 9080
2809 114340
2810 3220
2811 23960
2815 2500
2819 6000
2834 2140
2847 24420
2848 5860
2849 26100
2850 3660
2851 6620
2855 14200
2859 9080
2874 6780
2887 5740
2888 23580
2889 6000
2890 85500
2891 6200
2895 2680
2899 5860
2914 3220
2927 7460
2928 6480
2929 9080
2930 28540
2931 3880
2935 4400
2939 23580
2954 3660
2967 5040
2968 9400
2969 5860
2970 6020
2971 29140
2975 3660
2979 6480
2994 11530
