0 0
174 43240
214 16900
254 4040
286 43240
294 4860
326 16900
334 3960
366 4040
374 9480
406 4860
414 3640
446 3960
454 3340
486 9480
492 43240
494 2500
526 3640
532 16900
534 14200
566 3340
572 4040
574 2680
606 2500
612 4860
614 4400
646 14200
652 3960
654 3660
686 2680
692 9480
694 25840
726 4400
732 3640
734 5340
735 43240
766 3660
772 3340
774 6400
775 16900
806 25840
812 2500
814 3460
815 4040
846 5340
852 14200
854 21220
855 4860
886 6400
892 2680
894 4820
895 3960
926 3460
932 4400
934 4340
935 9480
966 21220
972 3660
974 2680
975 3640
1006 4820
1012 25840
1014 23880
1015 3340
1046 4340
1052 5340
1054 3760
1055 2500
1086 2680
1092 6400
1094 4520
1095 14200
1126 23880
1132 3460
1134 4560
1135 2680
1166 3760
1172 21220
1174 22420
1175 4400
1206 4520
1212 4820
1214 4260
1215 3660
1246 4560
1252 4340
1254 2900
1255 25840
1278 43240
1286 22420
1292 2680
1294 2140
1295 5340
1318 16900
1326 4260
1332 23880
1334 6780
1335 6400
1358 4040
1366 2900
1372 3760
1374 3220
1375 3460
1382 43240
1398 4860
1406 2140
1412 4520
1414 3660
1415 21220
1422 16900
1438 3960
1446 6780
1452 4560
1454 85500
1455 4820
1462 4040
1478 9480
1486 3220
1492 22420
1494 28540
1495 4340
1502 4860
1518 3640
1526 3660
1532 4260
1534 6020
1535 2680
1542 3960
1558 3340
1566 85500
1572 2900
1574 8580
1575 23880
1582 9480
1598 2500
1606 28540
1612 2140
1614 5100
1615 3760
1622 3640
1638 14200
1646 6020
1652 6780
1654 16740
1655 4520
1662 3340
1678 2680
1686 8580
1692 3220
1694 5460
1695 4560
1702 2500
1718 4400
1726 5100
1732 3660
1734 5360
1735 22420
1742 14200
1758 3660
1766 16740
1772 85500
1774 3560
1775 4260
1782 2680
1798 25840
1806 5460
1812 28540
1814 19800
1815 2900
1822 4400
1838 5340
1846 5360
1852 6020
1854 4620
1855 2140
1862 3660
1864 43240
1878 6400
1886 3560
1892 8580
1894 6020
1895 6780
1902 25840
1904 16900
1918 3460
1926 19800
1932 5100
1934 4440
1935 3220
1942 5340
1944 4040
1958 21220
1966 4620
1972 16740
1974 24200
1975 3660
1982 6400
1984 4860
1998 4820
2006 6020
2012 5460
2014 4460
2015 85500
2022 3460
2024 47200
2038 4340
2046 4440
2052 5360
2054 7180
2055 28540
2062 21220
2064 26380
2078 2680
2086 24200
2092 3560
2094 6540
2095 6020
2102 4820
2104 7680
2118 23880
2126 4460
2132 19800
2134 23960
2135 8580
2142 4340
2144 8200
2147 43240
2158 3760
2166 7180
2172 4620
2174 6620
2175 5100
2182 2680
2184 6460
2187 16900
2198 4520
2206 6540
2212 6020
2214 6200
2215 16740
2222 23880
2224 23680
2227 4040
2238 4560
2246 23960
2252 4440
2254 3880
2255 5460
2262 3760
2264 6320
2267 4860
2278 22420
2286 6620
2292 24200
2294 29140
2295 5360
2302 4520
2304 7740
2307 3960
2318 4260
2326 6200
2332 4460
2334 6260
2335 3560
2342 4560
2344 6160
2347 9480
2358 2900
2366 3880
2372 7180
2374 8280
2375 19800
2382 22420
2384 40040
2387 3640
2398 2140
2406 29140
2412 6540
2414 5580
2415 4620
2422 4260
2424 8020
2427 3340
2438 6780
2446 6260
2452 23960
2454 24420
2455 6020
2462 2900
2464 10800
2467 2500
2478 3220
2486 8280
2492 6620
2494 5740
2495 4440
2502 45380
2504 7120
2507 14200
2518 3660
2526 5580
2532 6200
2534 7460
2535 24200
2542 23680
2544 47060
2547 2680
2558 85500
2566 24420
2572 3880
2574 5040
2575 4460
2582 7260
2584 10160
2587 4400
2598 28540
2606 5740
2612 29140
2614 9180
2615 7180
2622 8520
2624 10740
2627 3660
2638 6020
2646 7460
2652 6260
2654 5140
2655 6540
2662 89460
2664 6140
2667 25840
2675 43240
2678 8580
2680 43240
2686 5040
2692 8280
2694 6380
2695 23960
2702 38020
2704 45100
2707 5340
2715 16900
2718 5100
2720 16900
2726 9180
2732 5580
2734 114340
2735 6620
2742 9660
2744 8580
2747 6400
2755 4040
2758 16740
2760 4040
2766 5140
2772 24420
2774 26100
2775 6200
2782 11920
2784 8860
2787 3460
2795 4860
2798 5460
2800 4860
2806 6380
2812 5740
2814 6000
2815 3880
2822 7600
2824 7240
2827 21220
2835 3960
2838 5360
2840 3960
2846 114340
2852 7460
2854 9080
2855 29140
2862 30940
2864 46300
2867 4820
2875 9480
2878 3560
2880 9480
2886 26100
2892 5040
2894 5860
2895 6260
2902 8140
2904 8020
2907 4340
2915 3640
2918 19800
2920 3640
2926 6000
2932 9180
2934 23580
2935 8280
2942 9760
2944 7420
2947 2680
2955 3340
2958 4620
2960 3340
2966 9080
2972 5140
2974 6480
2975 5580
2982 7220
