0 0
174 43240
197 43240
214 16900
237 16900
254 4040
277 4040
294 4860
317 4860
334 3960
342 43240
357 3960
374 9480
382 16900
397 9480
414 3640
422 4040
437 3640
454 3340
462 4860
477 3340
494 2500
502 3960
517 2500
534 14200
542 9480
557 14200
574 2680
582 3640
597 2680
614 4400
622 3340
628 43240
637 4400
654 3660
662 2500
668 16900
677 3660
694 25840
702 14200
708 4040
717 25840
734 5340
742 2680
748 4860
757 5340
774 6400
782 4400
788 3960
797 6400
814 3460
822 3660
828 9480
837 3460
854 21220
862 25840
868 3640
877 21220
894 4820
902 5340
908 3340
917 4820
934 4340
942 6400
948 2500
957 4340
974 2680
982 3460
988 14200
997 2680
1014 23880
1022 21220
1028 2680
1037 23880
1054 3760
1062 4820
1068 4400
1077 3760
1094 4520
1102 4340
1108 3660
1117 4520
1134 4560
1142 2680
1148 25840
1157 4560
1174 22420
1182 23880
1188 5340
1197 22420
1214 4260
1222 3760
1228 6400
1237 4260
1254 2900
1262 4520
1268 3460
1277 2900
1294 2140
1302 4560
1308 21220
1317 2140
1334 6780
1342 22420
1348 4820
1357 6780
1374 3220
1382 4260
1388 4340
1397 3220
1414 3660
1422 2900
1428 2680
1437 3660
1454 85500
1462 2140
1468 23880
1477 85500
1478 43240
1494 28540
1502 6780
1508 3760
1517 28540
1518 16900
1534 6020
1542 3220
1548 4520
1557 6020
1558 4040
1574 8580
1582 3660
1588 4560
1597 8580
1598 4860
1614 5100
1622 85500
1628 22420
1637 5100
1638 3960
1654 16740
1662 28540
1668 4260
1677 16740
1678 9480
1694 5460
1702 6020
1708 2900
1717 5460
1718 3640
1733 43240
1734 5360
1742 8580
1748 2140
1757 5360
1758 3340
1766 43240
1773 16900
1774 3560
1782 5100
1788 6780
1797 3560
1798 2500
1806 16900
1813 4040
1814 19800
1822 16740
1828 3220
1837 19800
1838 14200
1846 4040
1853 4860
1854 4620
1862 5460
1868 3660
1877 4620
1878 2680
1886 4860
1893 3960
1894 6020
1902 5360
1908 85500
1917 6020
1918 4400
1926 3960
1933 9480
1934 4440
1942 3560
1948 28540
1957 4440
1958 3660
1966 9480
1973 3640
1974 24200
1982 19800
1988 6020
1997 24200
1998 25840
2006 3640
2013 3340
2014 4460
2022 4620
2028 8580
2037 4460
2038 5340
2046 3340
2053 2500
2054 7180
2062 6020
2068 5100
2077 7180
2078 6400
2086 2500
2093 14200
2094 6540
2102 4440
2108 16740
2117 6540
2118 3460
2126 14200
2133 2680
2134 23960
2142 24200
2148 5460
2157 23960
2158 21220
2166 2680
2173 4400
2174 6620
2182 4460
2188 5360
2197 6620
2198 4820
2206 4400
2213 3660
2214 6200
2222 7180
2228 3560
2237 6200
2238 4340
2246 3660
2253 25840
2254 3880
2262 6540
2268 19800
2277 3880
2278 2680
2286 25840
2293 5340
2294 29140
2302 23960
2308 4620
2317 29140
2318 23880
2326 5340
2333 6400
2334 6260
2342 6620
2345 43240
2348 6020
2357 6260
2358 3760
2366 6400
2373 3460
2374 8280
2382 6200
2385 16900
2388 4440
2397 8280
2398 4520
2406 3460
2413 21220
2414 5580
2422 3880
2425 4040
2428 24200
2437 5580
2438 4560
2446 21220
2453 4820
2454 24420
2462 29140
2465 4860
2468 4460
2477 24420
2478 22420
2486 4820
2493 4340
2494 5740
2502 6260
2505 3960
2508 7180
2517 5740
2518 4260
2526 4340
2533 2680
2534 7460
2542 8280
2545 9480
2548 6540
2557 7460
2558 2900
2566 2680
2573 23880
2574 5040
2582 5580
2585 3640
2588 23960
2597 5040
2598 2140
2606 23880
2613 3760
2614 9180
2622 24420
2625 3340
2628 6620
2637 9180
2638 6780
2646 3760
2653 4520
2654 5140
2662 5740
2665 2500
2668 6200
2677 5140
2678 3220
2686 4520
2693 4560
2694 6380
2702 7460
2705 14200
2708 3880
2717 6380
2718 3660
2726 4560
2733 22420
2734 114340
2742 5040
2745 2680
2748 29140
2757 114340
2758 85500
2766 22420
2773 4260
2774 26100
2782 9180
2785 4400
2788 6260
2797 26100
2798 28540
2806 4260
2813 2900
2814 6000
2822 5140
2825 3660
2828 8280
2837 6000
2838 6020
2846 2900
2853 2140
2854 9080
2862 6380
2865 25840
2868 5580
2877 9080
2878 8580
2886 2140
2893 6780
2894 5860
2902 114340
2905 5340
2908 24420
2917 5860
2918 5100
2926 6780
2933 3220
2934 23580
2942 26100
2945 6400
2948 5740
2957 23580
2958 16740
2966 3220
2973 3660
