0 0
150 43240
190 16900
230 4040
270 4860
310 3960
350 9480
390 3640
430 3340
461 43240
470 2500
501 16900
510 14200
541 4040
550 2680
581 4860
590 4400
621 3960
630 3660
655 43240
661 9480
666 43240
670 25840
695 16900
701 3640
706 16900
710 5340
735 4040
741 3340
746 4040
748 43240
750 6400
775 4860
781 2500
786 4860
788 16900
790 3460
815 3960
821 14200
826 3960
828 4040
830 21220
855 9480
861 2680
866 9480
868 4860
870 4820
895 3640
901 4400
906 3640
908 3960
910 4340
935 3340
941 3660
946 3340
948 9480
950 2680
975 2500
981 25840
986 2500
988 3640
990 23880
1015 14200
1021 5340
1026 14200
1028 3340
1030 3760
1055 2680
1061 6400
1066 2680
1068 2500
1070 4520
1095 4400
1101 3460
1106 4400
1108 14200
1110 4560
1135 3660
1141 21220
1146 3660
1148 2680
1150 22420
1175 25840
1181 4820
1186 25840
1188 4400
1190 4260
1215 5340
1221 4340
1226 5340
1228 3660
1230 2900
1255 6400
1261 2680
1266 6400
1268 25840
1270 2140
1295 3460
1301 23880
1306 3460
1308 5340
1310 6780
1335 21220
1341 3760
1346 21220
1348 6400
1350 3220
1375 4820
1381 4520
1386 4820
1388 3460
1390 3660
1415 4340
1421 4560
1426 4340
1428 21220
1430 85500
1455 2680
1461 22420
1466 2680
1468 4820
1470 28540
1495 23880
1501 4260
1506 23880
1508 4340
1510 6020
1535 3760
1541 2900
1546 3760
1548 2680
1550 8580
1575 4520
1581 2140
1585 43240
1586 4520
1588 23880
1590 5100
1615 4560
1621 6780
1625 16900
1626 4560
1628 3760
1630 16740
1655 22420
1661 3220
1665 4040
1666 22420
1668 4520
1670 5460
1695 4260
1701 3660
1705 4860
1706 4260
1708 4560
1710 5360
1735 2900
1741 85500
1745 3960
1746 2900
1748 22420
1750 3560
1775 2140
1781 28540
1785 9480
1786 2140
1788 4260
1790 19800
1815 6780
1821 6020
1825 3640
1826 6780
1828 2900
1830 4620
1855 3220
1861 8580
1865 3340
1866 3220
1868 2140
1870 6020
1895 3660
1901 5100
1905 2500
1906 3660
1908 6780
1910 4440
1935 85500
1941 16740
1945 14200
1946 85500
1948 3220
1950 24200
1975 28540
1981 5460
1985 2680
1986 28540
1988 3660
1990 4460
2015 6020
2021 5360
2025 4400
2026 6020
2028 85500
2030 7180
2055 8580
2061 3560
2065 3660
2066 8580
2068 28540
2070 6540
2095 5100
2101 19800
2105 25840
2106 5100
2108 6020
2110 23960
2135 16740
2141 4620
2145 5340
2146 16740
2148 8580
2150 6620
2175 5460
2181 6020
2185 6400
2186 5460
2188 5100
2190 6200
2215 5360
2221 4440
2225 3460
2226 5360
2228 16740
2230 3880
2255 3560
2261 24200
2265 21220
2266 3560
2268 5460
2270 29140
2271 43240
2295 19800
2301 4460
2305 4820
2306 19800
2308 5360
2310 6260
2311 16900
2335 4620
2341 7180
2345 4340
2346 4620
2348 3560
2350 8280
2351 4040
2375 6020
2381 6540
2385 2680
2386 6020
2388 19800
2390 5580
2391 4860
2415 4440
2421 23960
2425 23880
2426 4440
2428 4620
2430 24420
2431 3960
2455 24200
2461 6620
2465 3760
2466 24200
2468 6020
2470 5740
2471 9480
2495 4460
2501 6200
2505 4520
2506 4460
2508 4440
2510 7460
2511 3640
2535 7180
2541 3880
2545 4560
2546 7180
2548 24200
2550 5040
2551 3340
2560 43240
2575 6540
2577 43240
2581 29140
2585 22420
2586 6540
2588 4460
2590 9180
2591 2500
2600 16900
2615 23960
2617 16900
2621 6260
2625 4260
2626 23960
2628 7180
2630 5140
2631 14200
2640 4040
2655 6620
2657 4040
2661 8280
2665 2900
2666 6620
2668 6540
2670 6380
2671 2680
2679 43240
2680 4860
2695 6200
2697 4860
2701 5580
2705 2140
2706 6200
2708 23960
2710 114340
2711 4400
2719 16900
2720 3960
2735 3880
2737 3960
2741 24420
2745 6780
2746 3880
2748 6620
2750 26100
2751 3660
2759 4040
2760 9480
2775 29140
2777 9480
2781 5740
2785 3220
2786 29140
2788 6200
2790 6000
2791 25840
2799 4860
2800 3640
2815 6260
2817 3640
2821 7460
2825 3660
2826 6260
2828 3880
2830 9080
2831 5340
2839 3960
2840 3340
2855 8280
2857 3340
2861 5040
2865 85500
2866 8280
2868 29140
2870 5860
2871 6400
2879 9480
2880 2500
2895 5580
2897 2500
2901 9180
2905 28540
2906 5580
2908 6260
2910 23580
2911 3460
2919 3640
2920 14200
2935 24420
2937 14200
2941 5140
2945 6020
2946 24420
2948 8280
2950 6480
2951 21220
2959 3340
2960 2680
2975 5740
2977 2680
2981 6380
2985 8580
2986 5740
2988 5580
2990 9400
2991 4820
