0 0
406 43240
428 43240
434 43240
446 16900
468 16900
474 16900
486 4040
508 4040
514 4040
526 4860
548 4860
554 4860
566 3960
588 3960
594 3960
606 9480
628 9480
634 9480
646 3640
668 3640
674 3640
686 3340
708 3340
714 3340
726 2500
748 2500
754 2500
766 14200
788 14200
794 14200
806 2680
828 2680
834 2680
846 4400
868 4400
874 4400
886 3660
897 43240
908 46900
914 3660
926 25840
937 16900
948 42740
954 25840
966 5340
977 4040
988 9380
992 43240
994 5340
1006 6400
1017 4860
1028 11260
1032 16900
1034 6400
1046 3460
1057 3960
1068 7420
1072 4040
1074 3460
1086 21220
1097 9480
1108 30700
1112 4860
1114 21220
1126 4820
1137 3640
1148 8460
1152 3960
1154 4820
1166 4340
1177 3340
1188 7680
1192 9480
1194 4340
1206 2680
1217 2500
1228 5180
1232 46880
1234 2680
1246 23880
1257 14200
1268 38080
1272 20240
1274 23880
1286 3760
1297 2680
1308 6440
1312 6540
1314 3760
1326 4520
1337 4400
1348 8920
1352 19060
1354 4520
1365 43240
1366 4560
1377 3660
1388 8220
1392 6640
1394 4560
1405 16900
1406 22420
1417 25840
1428 48260
1432 13880
1434 22420
1445 4040
1446 4260
1457 5340
1468 9600
1472 7300
1474 4260
1485 4860
1486 2900
1492 43240
1497 6400
1508 9300
1512 29180
1514 2900
1525 3960
1526 2140
1532 16900
1537 3460
1548 5600
1552 7840
1554 2140
1565 9480
1566 6780
1572 4040
1577 21220
1588 28000
1592 20600
1594 6780
1605 3640
1606 3220
1612 4860
1617 4820
1628 8040
1632 6140
1634 3220
1645 3340
1646 3660
1652 3960
1657 4340
1668 8000
1672 25620
1674 3660
1685 2500
1686 85500
1692 9480
1697 2680
1708 88180
1712 8480
1714 85500
1725 14200
1726 28540
1732 3640
1737 23880
1748 52420
1752 30180
1754 28540
1762 43240
1765 2680
1766 6020
1772 3340
1777 3760
1788 9780
1792 8020
1794 6020
1802 16900
1805 4400
1806 8580
1812 2500
1817 4520
1828 13100
1832 30280
1834 8580
1842 4040
1845 3660
1846 5100
1852 14200
1857 4560
1868 9660
1872 7220
1874 5100
1882 4860
1885 25840
1886 16740
1892 2680
1897 22420
1908 39160
1912 25740
1914 16740
1922 3960
1925 5340
1926 5460
1932 4400
1937 4260
1948 9720
1952 9380
1954 5460
1962 9480
1965 6400
1966 5360
1972 3660
1977 2900
1988 8260
1992 26760
1994 5360
2002 3640
2005 3460
2006 3560
2012 25840
2017 2140
2028 5700
2032 6940
2034 3560
2042 3340
2045 21220
2046 19800
2052 5340
2057 6780
2068 26580
2072 26780
2074 19800
2082 2500
2085 4820
2086 4620
2092 6400
2097 3220
2108 7840
2112 5900
2114 4620
2122 14200
2125 4340
2126 6020
2132 3460
2137 3660
2148 9680
2152 11300
2154 6020
2162 2680
2165 2680
2166 4440
2172 21220
2177 85500
2188 89940
2192 7780
2194 4440
2202 4400
2205 23880
2206 24200
2212 4820
2217 28540
2228 52740
2232 26080
2234 24200
2242 3660
2245 3760
2246 4460
2252 4340
2257 6020
2268 10480
2272 89760
2274 4460
2282 25840
2285 4520
2286 7180
2292 2680
2297 8580
2308 15760
2312 31440
2314 7180
2322 5340
2325 4560
2326 6540
2332 23880
2337 5100
2348 11640
2352 8160
2354 6540
2355 43240
2362 6400
2365 22420
2366 23960
2372 3760
2377 16740
2388 40700
2392 15360
2394 23960
2395 16900
2402 3460
2405 4260
2406 6620
2412 4520
2417 5460
2428 12080
2432 8320
2434 6620
2435 4040
2442 21220
2445 2900
2446 6200
2452 4560
2457 5360
2468 11560
2472 20400
2474 6200
2475 4860
2482 4820
2485 2140
2486 3880
2492 22420
2497 3560
2508 7440
2512 90960
2514 3880
2515 3960
2522 4340
2525 6780
2526 29140
2532 4260
2537 19800
2548 48940
2552 33900
2554 29140
2555 9480
2562 2680
2565 3220
2566 6260
2572 2900
2577 4620
2588 10880
2592 9580
2594 6260
2595 3640
2602 23880
2605 3660
2606 8280
2612 2140
2617 6020
2628 14300
2632 28380
2634 8280
2635 3340
2642 3760
2645 85500
2646 5580
2652 6780
2657 4440
2668 10020
2672 9720
2674 5580
2675 2500
2682 4520
2685 28540
2686 24420
2692 3220
2697 24200
2708 48620
2712 22760
2714 67660
2715 14200
2722 4560
2725 6020
2726 5740
2732 3660
2737 4460
2748 10200
2752 9900
2754 22640
2755 2680
2762 22420
2765 8580
2766 7460
2772 85500
2777 7180
2788 14640
2792 29560
2794 11500
2795 4400
2802 4260
2805 5100
2806 5040
2812 28540
2817 6540
2828 11580
2832 8020
2834 9900
2835 3660
2842 2900
2845 16740
2846 9180
2852 6020
2857 23960
2868 33140
2872 26980
2874 13140
2875 25840
2882 2140
2885 5460
2886 5140
2892 8580
2897 6620
2908 11760
2912 11160
2914 14620
2915 5340
2922 6780
2925 5360
2926 6380
2932 5100
2937 6200
2948 12580
2952 29980
2954 10020
2955 6400
2962 3220
2965 3560
2966 114340
2972 16740
2977 3880
2988 161460
2992 11060
2994 115509
