0 0
169 43240
209 16900
213 43240
220 43240
249 4040
253 16900
260 16900
289 4860
293 4040
300 4040
329 3960
333 4860
340 4860
369 9480
373 3960
380 3960
409 3640
413 9480
420 9480
449 3340
453 3640
460 3640
489 2500
493 3340
500 3340
529 14200
533 2500
540 2500
569 2680
573 14200
580 14200
609 4400
613 2680
620 2680
649 3660
653 4400
660 4400
689 25840
693 3660
700 3660
729 5340
733 25840
740 25840
769 6400
773 5340
780 5340
809 3460
813 6400
820 6400
849 21220
853 3460
860 3460
889 4820
893 21220
900 21220
929 4340
933 4820
940 4820
969 2680
973 4340
980 4340
1009 23880
1013 2680
1020 2680
1049 3760
1053 23880
1060 23880
1089 4520
1093 3760
1100 3760
1129 4560
1133 4520
1140 4520
1169 22420
1173 4560
1180 4560
1209 4260
1213 22420
1220 22420
1249 2900
1253 4260
1260 4260
1289 2140
1293 2900
1300 2900
1329 6780
1333 2140
1340 2140
1369 3220
1373 6780
1380 6780
1409 3660
1413 3220
1420 3220
1449 85500
1453 3660
1460 3660
1489 28540
1493 85500
1500 85500
1529 6020
1533 28540
1540 71780
1569 8580
1573 6020
1580 22920
1609 5100
1613 8580
1618 43240
1620 12620
1649 59980
1653 5100
1655 43240
1658 16900
1660 9960
1689 22360
1693 16740
1695 16900
1698 4040
1700 20700
1704 43240
1729 9400
1733 5460
1735 4040
1738 4860
1740 14940
1744 16900
1755 43240
1769 8420
1773 5360
1775 4860
1778 3960
1780 9000
1784 4040
1795 16900
1809 23760
1813 3560
1815 3960
1818 9480
1820 6900
1824 4860
1835 4040
1849 14100
1853 19800
1855 9480
1858 3640
1860 22300
1864 3960
1875 4860
1889 9660
1893 4620
1895 3640
1898 3340
1900 18820
1904 9480
1915 3960
1929 7780
1933 6020
1935 3340
1938 2500
1940 8700
1944 3640
1955 9480
1969 69940
1973 4440
1975 2500
1978 14200
1980 8840
1984 3340
1995 3640
2009 35560
2013 24200
2015 14200
2018 2680
2020 27860
2024 2500
2026 86480
2035 3340
2049 13900
2053 4460
2055 2680
2058 4400
2060 30300
2064 14200
2066 33800
2075 2500
2089 15800
2093 7180
2095 4400
2098 3660
2100 12520
2104 2680
2106 8080
2115 14200
2129 31580
2133 6540
2135 3660
2138 25840
2140 12940
2144 4400
2146 9720
2155 2680
2169 41940
2173 23960
2175 25840
2178 5340
2180 27420
2184 3660
2186 7920
2195 4400
2209 15180
2213 6620
2215 5340
2218 6400
2220 27840
2224 25840
2226 18960
2235 3660
2249 13620
2253 6200
2255 6400
2258 3460
2260 11020
2264 5340
2266 7280
2275 25840
2289 35100
2293 3880
2295 3460
2298 64460
2300 8220
2304 6400
2306 6680
2315 5340
2329 41680
2333 29140
2335 21220
2338 21720
2340 31820
2344 3460
2346 5000
2355 6400
2369 15780
2373 6260
2375 4820
2378 8380
2380 30140
2384 21220
2386 28400
2395 3460
2409 14320
2413 8280
2415 4340
2418 7540
2420 12040
2424 4820
2426 5360
2435 21220
2449 30760
2453 5580
2455 2680
2458 27840
2460 10100
2464 4340
2466 8800
2475 4820
2489 55460
2493 24420
2495 23880
2498 13240
2500 28980
2504 2680
2506 7320
2515 4340
2529 16560
2533 5740
2535 3760
2538 8160
2540 28160
2544 23880
2546 51680
2555 2680
2569 15960
2573 7460
2575 4520
2578 7900
2580 11720
2584 3760
2586 10680
2595 23880
2609 17200
2613 5040
2615 4560
2618 24920
2620 7940
2624 4520
2626 12800
2635 3760
2649 48780
2653 9180
2655 22420
2658 18460
2660 11320
2664 4560
2666 6920
2672 43240
2675 4520
2689 15460
2693 5140
2695 4260
2698 5580
2700 11920
2704 22420
2706 42440
2712 16900
2715 4560
2729 121580
2733 6380
2735 2900
2738 6540
2740 9600
2744 4260
2746 9640
2752 4040
2755 22420
2769 30920
2773 114340
2775 2140
2778 10440
2780 118000
2784 2900
2786 8680
2792 4860
2795 4260
2809 36660
2813 26100
2815 6780
2818 29060
2820 111600
2824 2140
2826 5360
2832 3960
2835 2900
2849 16060
2853 6000
2855 3220
2858 9000
2860 34540
2864 6780
2866 47760
2872 9480
2875 2140
2889 14040
2893 9080
2895 3660
2898 91900
2900 15100
2904 3220
2906 7520
2912 3640
2915 6780
2929 113640
2933 5860
2935 85500
2938 32000
2940 14440
2944 3660
2946 9040
2952 3340
2955 3220
2969 57440
2973 23580
2975 28540
2978 27240
2980 28680
2984 85500
2986 9120
2992 2500
2995 2928
