0 0
176 43240
215 43240
216 16900
255 16900
256 4040
295 4040
296 4860
330 43240
335 4860
336 3960
370 16900
375 3960
376 9480
410 4040
415 9480
416 3640
450 4860
455 3640
456 3340
490 3960
495 3340
496 2500
530 9480
535 2500
536 14200
570 3640
575 14200
576 2680
610 3340
615 2680
616 4400
650 2500
655 4400
656 3660
690 14200
695 3660
696 25840
730 2680
735 25840
736 5340
770 4400
775 5340
776 6400
810 3660
815 6400
816 3460
850 25840
855 3460
856 21220
890 5340
895 21220
896 4820
930 6400
935 4820
936 4340
968 43240
970 3460
975 4340
976 2680
1008 16900
1010 21220
1015 2680
1016 23880
1048 4040
1050 4820
1055 23880
1056 3760
1088 4860
1090 4340
1095 3760
1096 4520
1128 3960
1130 2680
1135 4520
1136 4560
1168 9480
1170 23880
1175 4560
1176 22420
1208 3640
1210 3760
1215 22420
1216 4260
1248 3340
1250 4520
1255 4260
1256 2900
1288 2500
1290 4560
1295 2900
1296 2140
1328 14200
1330 22420
1335 2140
1336 6780
1368 2680
1370 4260
1371 43240
1375 6780
1376 3220
1408 4400
1410 2900
1411 16900
1415 3220
1416 3660
1448 3660
1450 2140
1451 4040
1455 3660
1456 85500
1488 25840
1490 6780
1491 4860
1495 85500
1496 28540
1528 5340
1530 3220
1531 3960
1535 28540
1536 6020
1568 6400
1570 3660
1571 9480
1575 6020
1576 8580
1608 3460
1610 85500
1611 3640
1615 8580
1616 5100
1648 21220
1650 28540
1651 3340
1655 5100
1656 16740
1688 4820
1690 6020
1691 2500
1695 16740
1696 5460
1728 4340
1730 8580
1731 14200
1735 5460
1736 5360
1768 2680
1770 5100
1771 2680
1775 5360
1776 3560
1808 23880
1810 16740
1811 4400
1815 3560
1816 19800
1848 3760
1850 5460
1851 3660
1855 19800
1856 4620
1888 4520
1890 5360
1891 25840
1895 4620
1896 6020
1928 4560
1930 3560
1931 5340
1935 6020
1936 4440
1968 22420
1970 19800
1971 6400
1975 4440
1976 24200
2008 4260
2010 4620
2011 3460
2015 24200
2016 4460
2048 2900
2050 6020
2051 21220
2055 4460
2056 7180
2088 2140
2090 4440
2091 4820
2095 7180
2096 6540
2128 6780
2130 24200
2131 4340
2135 6540
2136 23960
2168 3220
2170 4460
2171 45920
2175 23960
2176 6620
2208 3660
2210 7180
2211 40780
2215 6620
2216 6200
2248 85500
2250 6540
2251 7800
2255 6200
2256 3880
2288 28540
2290 23960
2291 9380
2295 3880
2296 29140
2328 6020
2330 6620
2331 8520
2335 29140
2336 6260
2368 8580
2370 6200
2371 31900
2375 6260
2376 8280
2384 43240
2408 5100
2410 3880
2411 7900
2415 8280
2416 5580
2424 16900
2448 16740
2450 29140
2451 6240
2455 5580
2456 24420
2464 4040
2488 5460
2490 6260
2491 4640
2495 24420
2496 5740
2501 43240
2502 43240
2504 4860
2528 5360
2530 8280
2531 20980
2535 5740
2536 7460
2541 16900
2542 16900
2544 3960
2568 3560
2570 5580
2571 5900
2575 7460
2576 5040
2581 4040
2582 4040
2584 9480
2608 19800
2610 24420
2611 8060
2615 5040
2616 9180
2621 4860
2622 4860
2624 3640
2648 4620
2650 5740
2651 89160
2655 9180
2656 5140
2661 3960
2662 3960
2664 3340
2688 6020
2690 7460
2691 54380
2695 5140
2696 6380
2701 9480
2702 9480
2704 2500
2728 4440
2730 5040
2731 11360
2735 6380
2736 114340
2741 3640
2742 3640
2744 14200
2768 24200
2770 9180
2771 14980
2775 114340
2776 26100
2781 3340
2782 3340
2784 2680
2808 4460
2810 5140
2811 8560
2815 26100
2816 6000
2821 2500
2822 2500
2824 4400
2848 7180
2850 6380
2851 37960
2855 6000
2856 9080
2861 14200
2862 14200
2864 3660
2888 6540
2890 114340
2891 10280
2895 9080
2896 5860
2901 2680
2902 2680
2904 25840
2928 23960
2930 26100
2931 9700
2935 5860
2936 23580
2941 4400
2942 4400
2944 5340
2956 43240
2968 6620
2970 6000
2971 6240
2975 9432
