0 0
133 43240
173 16900
213 4040
253 4860
293 3960
333 9480
373 3640
413 3340
434 43240
453 2500
474 16900
493 14200
514 4040
533 2680
554 4860
573 4400
591 43240
594 3960
613 3660
631 16900
634 9480
653 25840
671 4040
674 3640
693 5340
711 4860
714 3340
733 6400
740 43240
751 3960
754 2500
773 3460
780 16900
791 9480
794 14200
813 21220
820 4040
830 43240
831 3640
834 2680
853 4820
860 4860
870 16900
871 3340
874 4400
893 4340
900 3960
910 4040
911 2500
914 3660
933 2680
940 9480
950 4860
951 14200
954 25840
973 23880
980 3640
990 3960
991 2680
994 5340
1013 3760
1020 3340
1030 9480
1031 4400
1034 6400
1053 4520
1060 2500
1070 3640
1071 3660
1074 3460
1093 4560
1100 14200
1110 3340
1111 25840
1114 21220
1133 22420
1140 2680
1150 2500
1151 5340
1154 4820
1173 4260
1180 4400
1190 14200
1191 6400
1194 4340
1213 2900
1220 3660
1230 2680
1231 3460
1234 2680
1253 2140
1260 25840
1270 4400
1271 21220
1274 23880
1293 6780
1300 5340
1310 3660
1311 4820
1314 3760
1333 3220
1340 6400
1350 25840
1351 4340
1354 4520
1373 3660
1380 3460
1390 5340
1391 2680
1394 4560
1413 85500
1420 21220
1430 6400
1431 23880
1434 22420
1453 28540
1460 4820
1470 3460
1471 3760
1474 4260
1493 6020
1500 4340
1510 21220
1511 4520
1514 2900
1533 8580
1540 2680
1550 4820
1551 4560
1554 2140
1573 5100
1580 23880
1590 4340
1591 22420
1594 6780
1613 16740
1620 3760
1630 2680
1631 4260
1634 3220
1653 5460
1660 4520
1670 23880
1671 2900
1674 3660
1693 5360
1700 4560
1710 3760
1711 2140
1714 85500
1733 3560
1740 22420
1750 4520
1751 6780
1754 28540
1773 19800
1780 4260
1790 4560
1791 3220
1794 6020
1813 4620
1820 2900
1830 22420
1831 3660
1834 8580
1853 6020
1860 2140
1870 4260
1871 85500
1874 5100
1893 4440
1900 6780
1910 2900
1911 28540
1914 16740
1933 24200
1940 3220
1950 2140
1951 6020
1954 5460
1973 4460
1980 3660
1990 6780
1991 8580
1994 5360
2013 7180
2020 85500
2030 3220
2031 5100
2034 3560
2053 6540
2060 28540
2070 3660
2071 16740
2074 19800
2093 23960
2100 6020
2110 85500
2111 5460
2114 4620
2133 6620
2140 8580
2150 28540
2151 5360
2154 6020
2173 6200
2180 5100
2190 6020
2191 3560
2194 4440
2213 3880
2220 16740
2230 8580
2231 19800
2234 24200
2253 29140
2260 5460
2270 5100
2271 4620
2274 4460
2293 6260
2300 5360
2310 16740
2311 6020
2314 7180
2325 43240
2333 8280
2340 3560
2350 5460
2351 4440
2354 6540
2360 43240
2365 16900
2373 5580
2380 19800
2390 5360
2391 24200
2394 23960
2400 16900
2405 4040
2413 24420
2420 4620
2423 43240
2430 3560
2431 4460
2434 6620
2440 4040
2445 4860
2453 5740
2460 6020
2463 16900
2470 19800
2471 7180
2474 6200
2480 4860
2485 3960
2493 7460
2500 4440
2503 4040
2510 4620
2511 6540
2514 3880
2520 3960
2525 9480
2533 5040
2540 24200
2543 4860
2550 6020
2551 23960
2554 29140
2560 9480
2565 3640
2567 43240
2573 9180
2580 4460
2583 3960
2590 4440
2591 6620
2594 6260
2600 3640
2605 3340
2607 16900
2613 5140
2620 7180
2623 9480
2630 24200
2631 6200
2634 8280
2640 3340
2645 2500
2647 4040
2653 6380
2660 6540
2663 3640
2670 4460
2671 3880
2674 5580
2680 2500
2685 14200
2687 4860
2693 114340
2700 23960
2703 3340
2710 7180
2711 29140
2714 24420
2720 14200
2725 2680
2727 3960
2733 26100
2740 6620
2743 2500
2750 6540
2751 6260
2754 5740
2760 2680
2765 4400
2767 9480
2773 6000
2780 6200
2783 14200
2790 23960
2791 8280
2794 7460
2800 4400
2805 3660
2807 3640
2813 9080
2820 3880
2823 2680
2830 6620
2831 5580
2834 5040
2840 3660
2845 25840
2847 3340
2853 5860
2860 29140
2863 4400
2870 6200
2871 24420
2874 9180
2880 25840
2885 5340
2887 2500
2893 23580
2900 6260
2903 3660
2910 3880
2911 5740
2914 5140
2920 5340
2925 6400
2927 14200
2933 6480
2940 8280
2943 25840
2950 29140
2951 7460
2954 6380
2960 6400
2965 3460
2967 2680
2973 9400
2980 5580
2983 5340
