0 0
451 43240
491 16900
531 4040
571 4860
611 3960
651 9480
691 3640
731 3340
771 2500
811 14200
851 2680
891 4400
931 3660
971 25840
1003 43240
1011 5340
1043 16900
1051 6400
1083 4040
1091 3460
1109 43240
1123 4860
1131 21220
1149 16900
1163 3960
1171 4820
1185 43240
1189 4040
1203 9480
1211 4340
1225 16900
1229 4860
1243 3640
1251 2680
1265 4040
1269 3960
1283 3340
1291 23880
1305 4860
1309 9480
1323 2500
1331 3760
1345 3960
1349 3640
1363 14200
1371 4520
1385 9480
1389 3340
1403 2680
1411 4560
1425 3640
1429 2500
1443 4400
1451 22420
1465 3340
1469 14200
1483 3660
1491 4260
1505 2500
1509 2680
1523 25840
1531 2900
1545 57440
1549 4400
1563 5340
1571 2140
1585 19580
1589 3660
1603 6400
1611 6780
1625 8440
1629 25840
1643 3460
1651 3220
1665 8520
1669 5340
1683 21220
1685 43240
1691 46900
1705 29800
1709 6400
1723 4820
1725 16900
1731 102400
1745 14820
1749 3460
1763 4340
1765 4040
1768 43240
1771 32580
1785 10040
1789 21220
1803 2680
1805 4860
1808 16900
1811 10880
1825 6800
1829 4820
1843 23880
1845 3960
1848 4040
1851 12540
1865 23720
1869 4340
1883 3760
1885 9480
1888 4860
1891 14580
1905 19020
1909 2680
1923 4520
1925 3640
1928 3960
1931 20380
1945 7020
1949 23880
1963 4560
1965 3340
1968 9480
1971 8800
1985 7080
1989 3760
2003 22420
2005 2500
2008 3640
2011 7860
2025 27540
2029 4520
2043 4260
2045 14200
2048 3340
2051 17760
2065 29600
2069 4560
2083 2900
2085 2680
2088 2500
2091 22480
2105 9860
2109 22420
2123 2140
2125 4400
2128 14200
2131 9020
2145 10960
2149 4260
2163 6780
2165 3660
2168 2680
2171 9680
2185 25880
2189 2900
2203 3220
2205 25840
2208 4400
2211 30280
2225 25480
2229 2140
2243 3660
2245 5340
2248 3660
2251 29540
2265 7720
2269 6780
2283 85500
2285 6400
2288 25840
2291 10860
2305 6480
2309 3220
2323 28540
2325 3460
2328 5340
2331 10640
2345 9460
2349 3660
2363 6020
2365 21220
2368 6400
2371 27760
2385 27100
2389 85500
2403 8580
2405 4820
2408 3460
2411 28780
2425 7420
2429 28540
2436 43240
2443 5100
2445 4340
2448 21220
2451 10960
2465 90020
2469 6020
2476 16900
2483 16740
2485 2680
2488 4820
2491 8880
2505 33100
2509 8580
2516 4040
2523 5460
2525 23880
2528 4340
2531 27760
2545 28440
2549 5100
2556 4860
2563 5360
2565 3760
2568 2680
2571 32900
2585 12840
2589 16740
2596 3960
2603 3560
2605 4520
2608 23880
2611 10780
2625 8000
2629 5460
2636 9480
2643 19800
2645 4560
2648 3760
2651 12840
2665 18880
2669 5360
2676 3640
2683 4620
2685 22420
2688 4520
2691 28000
2705 12240
2709 3560
2716 3340
2721 43240
2723 6020
2725 4260
2728 4560
2731 28680
2737 43240
2745 8580
2749 19800
2756 2500
2761 16900
2763 4440
2765 2900
2768 22420
2771 8640
2777 16900
2785 7220
2789 4620
2796 14200
2801 4040
2803 24200
2805 2140
2808 4260
2811 9600
2817 4040
2825 105300
2829 6020
2836 2680
2841 4860
2843 4460
2845 6780
2848 2900
2851 11820
2857 4860
2865 33160
2869 4440
2876 4400
2881 3960
2883 7180
2885 3220
2888 2140
2891 12400
2897 3960
2905 12040
2908 43240
2909 24200
2916 3660
2921 9480
2923 6540
2925 3660
2928 6780
2931 8800
2937 9480
2945 13020
2948 16900
2949 4460
2956 25840
2961 3640
2963 23960
2965 85500
2968 3220
