0 0
396 43240
436 16900
476 4040
516 4860
556 3960
596 9480
636 3640
676 3340
716 2500
756 14200
796 2680
821 43240
836 4400
861 16900
876 3660
901 4040
916 25840
941 4860
956 5340
981 3960
996 6400
1021 9480
1036 3460
1061 3640
1076 21220
1101 3340
1116 4820
1141 2500
1156 4340
1181 14200
1196 2680
1221 2680
1236 23880
1261 4400
1276 3760
1301 3660
1316 4520
1341 25840
1356 4560
1381 5340
1386 43240
1396 22420
1421 6400
1426 16900
1432 43240
1436 4260
1461 3460
1466 4040
1472 16900
1476 2900
1501 21220
1506 4860
1512 4040
1513 43240
1516 2140
1541 4820
1546 3960
1552 4860
1553 16900
1556 6780
1574 43240
1581 4340
1586 9480
1592 3960
1593 4040
1596 3220
1614 16900
1621 2680
1626 3640
1632 9480
1633 4860
1636 3660
1654 4040
1661 23880
1666 3340
1672 3640
1673 3960
1676 85500
1694 4860
1699 43240
1701 3760
1706 2500
1712 3340
1713 9480
1716 28540
1734 3960
1739 16900
1741 4520
1746 14200
1752 2500
1753 3640
1756 6020
1774 9480
1779 4040
1781 4560
1786 2680
1792 14200
1793 3340
1796 8580
1814 3640
1819 4860
1821 22420
1826 4400
1832 2680
1833 2500
1836 5100
1847 43240
1854 3340
1859 3960
1861 4260
1866 3660
1872 4400
1873 14200
1876 16740
1887 16900
1894 2500
1899 9480
1901 2900
1906 25840
1912 3660
1913 2680
1916 5460
1927 4040
1934 14200
1939 3640
1941 2140
1946 5340
1952 25840
1953 4400
1956 5360
1967 4860
1974 2680
1979 3340
1981 6780
1986 6400
1992 5340
1993 3660
1996 3560
2007 3960
2014 4400
2019 2500
2021 3220
2026 3460
2032 6400
2033 25840
2036 19800
2047 9480
2054 3660
2059 14200
2061 3660
2066 21220
2072 3460
2073 5340
2076 4620
2087 3640
2094 25840
2099 2680
2101 85500
2106 4820
2112 21220
2113 6400
2116 6020
2127 3340
2134 5340
2139 4400
2141 28540
2146 4340
2152 4820
2153 3460
2156 4440
2167 2500
2174 6400
2179 3660
2181 6020
2186 2680
2192 4340
2193 21220
2196 24200
2207 14200
2214 3460
2219 25840
2221 8580
2226 23880
2232 2680
2233 4820
2236 4460
2247 2680
2254 21220
2259 5340
2261 5100
2266 3760
2272 23880
2273 4340
2276 7180
2287 4400
2288 43240
2294 4820
2299 6400
2301 16740
2306 4520
2312 3760
2313 2680
2316 6540
2327 3660
2328 16900
2334 4340
2339 3460
2341 5460
2346 4560
2352 4520
2353 23880
2356 23960
2367 25840
2368 4040
2374 2680
2379 21220
2381 5360
2386 22420
2392 4560
2393 3760
2396 6620
2407 5340
2408 4860
2414 23880
2419 4820
2421 3560
2426 4260
2432 22420
2433 4520
2436 6200
2447 6400
2448 3960
2454 3760
2459 4340
2461 19800
2466 2900
2472 4260
2473 4560
2476 3880
2487 3460
2488 9480
2494 4520
2499 2680
2501 4620
2506 2140
2512 2900
2513 22420
2516 29140
2527 21220
2528 3640
2534 4560
2539 23880
2541 6020
2546 6780
2552 2140
2553 4260
2556 6260
2567 4820
2568 3340
2574 22420
2579 3760
2581 4440
2586 3220
2592 6780
2593 2900
2596 8280
2607 4340
2608 2500
2614 4260
2619 4520
2621 24200
2626 3660
2632 3220
2633 2140
2636 5580
2647 2680
2648 14200
2654 2900
2659 4560
2661 4460
2666 85500
2672 3660
2673 6780
2676 24420
2687 23880
2688 2680
2694 2140
2699 22420
2701 7180
2706 28540
2712 85500
2713 3220
2716 5740
2727 3760
2728 4400
2734 6780
2739 4260
2741 6540
2746 6020
2752 28540
2753 3660
2756 7460
2767 4520
2768 3660
2774 3220
2779 2900
2781 23960
2786 8580
2792 6020
2793 85500
2796 5040
2807 4560
2808 25840
2814 3660
2819 2140
2821 6620
2826 5100
2832 8580
2833 28540
2836 9180
2847 22420
2848 5340
2854 85500
2859 6780
2861 6200
2866 16740
2872 5100
2873 6020
2876 5140
2887 4260
2888 6400
2894 28540
2899 3220
2901 3880
2906 5460
2912 16740
2913 8580
2916 6380
2927 2900
2928 3460
2934 6020
2939 3660
2941 29140
2946 5360
2952 5460
2953 5100
2956 114340
2963 43240
2967 2140
2968 21220
2974 8580
2979 85500
2981 6260
2986 1068
