0 0
627 43240
667 16900
707 4040
747 4860
752 43240
787 3960
792 16900
827 9480
832 4040
847 43240
867 3640
872 4860
887 16900
907 3340
912 3960
927 4040
947 2500
952 9480
967 4860
987 14200
992 3640
1007 3960
1027 2680
1032 3340
1047 9480
1067 4400
1072 2500
1087 3640
1107 3660
1112 14200
1127 3340
1147 25840
1152 2680
1167 2500
1187 5340
1192 4400
1207 14200
1227 6400
1232 3660
1247 2680
1267 3460
1272 25840
1287 4400
1307 21220
1312 5340
1327 3660
1347 4820
1352 6400
1367 25840
1387 4340
1392 3460
1407 5340
1427 2680
1432 21220
1447 6400
1467 23880
1472 4820
1487 3460
1507 3760
1512 4340
1527 21220
1547 4520
1552 2680
1567 4820
1587 4560
1592 23880
1602 43240
1607 4340
1627 22420
1632 3760
1642 16900
1647 2680
1667 4260
1672 4520
1682 4040
1687 23880
1707 2900
1712 4560
1722 4860
1727 3760
1747 2140
1752 22420
1762 3960
1767 4520
1774 43240
1787 6780
1792 47500
1802 9480
1807 4560
1814 16900
1827 3220
1832 19800
1842 3640
1847 22420
1854 4040
1867 3660
1872 6180
1882 3340
1887 4260
1894 4860
1907 85500
1912 11640
1922 2500
1927 2900
1934 3960
1947 28540
1952 7180
1962 14200
1967 2140
1974 9480
1987 6020
1992 13140
2002 2680
2007 6780
2014 3640
2027 8580
2032 89140
2042 4400
2047 3220
2054 3340
2067 5100
2072 31880
2082 3660
2087 3660
2094 2500
2107 16740
2112 8520
2122 25840
2127 85500
2134 14200
2147 5460
2152 22780
2162 5340
2167 28540
2174 2680
2187 5360
2192 7780
2202 6400
2207 6020
2214 4400
2227 3560
2232 21140
2242 3460
2247 8580
2254 3660
2265 43240
2267 19800
2272 9120
2282 21220
2287 5100
2294 25840
2305 16900
2307 4620
2312 31200
2322 4820
2327 16740
2334 5340
2345 4040
2347 6020
2352 8900
2362 4340
2367 5460
2374 6400
2385 4860
2387 4440
2392 26200
2402 2680
2407 5360
2413 43240
2414 3460
2425 3960
2427 24200
2432 8080
2442 23880
2447 3560
2453 16900
2454 21220
2465 9480
2467 4460
2472 27240
2482 3760
2487 19800
2493 4040
2494 4820
2505 3640
2507 7180
2512 9260
2522 4520
2527 4620
2533 4860
2534 4340
2545 3340
2547 6540
2552 28540
2562 4560
2567 6020
2573 3960
2574 2680
2585 2500
2587 23960
2592 7140
2602 22420
2607 4440
2613 9480
2614 23880
2625 14200
2627 6620
2632 31060
2642 4260
2647 24200
2653 3640
2654 3760
2665 2680
2667 6200
2672 53540
2682 2900
2687 4460
2693 3340
2694 4520
2705 4400
2707 3880
2712 45380
2722 2140
2727 7180
2733 2500
2734 4560
2745 3660
2747 29140
2752 15220
2762 6780
2767 6540
2773 14200
2774 22420
2785 25840
2787 6260
2792 33480
2802 3220
2807 23960
2813 2680
2814 4260
2825 5340
2827 8280
2832 12100
2842 3660
2847 6620
2853 4400
2854 2900
2865 6400
2867 5580
2872 41520
2882 85500
2887 6200
2893 3660
2894 2140
2905 3460
2907 24420
2912 12040
2922 28540
2927 3880
2933 25840
2934 6780
2945 21220
2947 5740
2952 18400
2962 6020
2967 29140
2973 5340
2974 3220
2985 4820
2987 7460
