0 0
694 43240
734 16900
774 4040
788 43240
814 4860
828 16900
839 43240
854 3960
868 4040
879 16900
894 9480
908 4860
919 4040
934 3640
941 43240
948 3960
959 4860
974 3340
981 16900
988 9480
999 3960
1014 2500
1021 4040
1028 3640
1039 9480
1054 14200
1061 4860
1068 3340
1079 3640
1094 45920
1101 3960
1108 2500
1119 3340
1134 21300
1141 9480
1148 14200
1159 2500
1174 7700
1181 3640
1188 2680
1199 14200
1214 30700
1221 3340
1228 4400
1239 2680
1254 9300
1261 2500
1268 3660
1270 43240
1279 4400
1294 15880
1301 14200
1308 25840
1310 16900
1319 3660
1334 7100
1341 2680
1348 5340
1350 4040
1359 25840
1374 24560
1381 4400
1388 6400
1390 4860
1399 5340
1414 7320
1421 3660
1428 3460
1430 3960
1439 6400
1454 18540
1461 25840
1468 21220
1470 9480
1479 3460
1494 5360
1501 5340
1508 4820
1510 3640
1519 21220
1534 28280
1541 6400
1548 4340
1550 3340
1559 4820
1574 7420
1581 3460
1588 2680
1590 2500
1599 4340
1614 30360
1621 21220
1628 23880
1630 14200
1639 2680
1654 9900
1661 4820
1668 3760
1670 2680
1679 23880
1694 28820
1701 4340
1708 4520
1710 4400
1719 3760
1734 7720
1741 2680
1748 4560
1750 3660
1759 4520
1774 24120
1781 23880
1788 22420
1790 25840
1799 4560
1814 6960
1821 3760
1828 4260
1830 5340
1839 22420
1854 11120
1861 4520
1868 2900
1870 6400
1879 4260
1894 5900
1901 4560
1908 2140
1910 3460
1919 2900
1934 27540
1941 22420
1948 6780
1950 21220
1959 2140
1974 89260
1981 4260
1988 3220
1990 4820
1999 6780
2013 43240
2014 33060
2021 2900
2028 3660
2030 4340
2039 3220
2053 16900
2054 10580
2061 2140
2068 85500
2070 2680
2079 3660
2093 4040
2094 31000
2101 6780
2108 28540
2110 23880
2119 85500
2133 4860
2134 9360
2141 3220
2148 6020
2150 3760
2159 28540
2173 3960
2174 19640
2181 3660
2188 8580
2190 4520
2199 6020
2213 9480
2214 7600
2221 85500
2228 5100
2230 4560
2239 8580
2253 3640
2254 12140
2261 28540
2268 16740
2270 22420
2279 5100
2293 3340
2294 6780
2301 6020
2308 5460
2310 4260
2319 16740
2333 2500
2334 23460
2341 8580
2348 5360
2350 2900
2359 5460
2373 14200
2374 90120
2379 43240
2381 5100
2388 3560
2390 2140
2399 5360
2413 2680
2414 34560
2419 16900
2421 16740
2428 19800
2430 6780
2439 3560
2446 43240
2453 4400
2454 10460
2459 4040
2461 5460
2468 4620
2470 3220
2479 19800
2486 16900
2493 3660
2494 32780
2499 4860
2501 5360
2508 6020
2510 3660
2519 4620
2526 4040
2533 25840
2534 9560
2539 3960
2541 3560
2548 4440
2550 85500
2559 6020
2566 4860
2573 5340
2574 23920
2579 9480
2581 19800
2588 24200
2590 28540
2599 4440
2606 3960
2613 6400
2614 12000
2619 3640
2621 4620
2628 4460
2630 6020
2639 24200
2646 9480
2653 3460
2654 29320
2659 3340
2661 6020
2668 7180
2670 8580
2679 4460
2686 3640
2693 21220
2694 10180
2699 2500
2700 43240
2701 4440
2708 6540
2710 5100
2719 7180
2726 3340
2733 4820
2734 26000
2739 14200
2740 16900
2741 24200
2748 23960
2750 16740
2759 6540
2766 2500
2773 4340
2774 8500
2779 2680
2780 4040
2781 4460
2788 6620
2790 5460
2799 23960
2806 14200
2813 2680
2814 35160
2819 4400
2820 4860
2821 7180
2828 6200
2830 5360
2839 6620
2846 2680
2853 23880
2854 10700
2859 3660
2860 3960
2861 6540
2868 3880
2870 3560
2879 6200
2886 4400
2893 3760
2894 32480
2899 25840
2900 9480
2901 23960
2908 29140
2910 19800
2919 3880
2926 3660
2933 4520
2934 10040
2939 5340
2940 3640
2941 6620
2948 6260
2950 4620
2959 29140
2966 25840
2973 4560
2974 31600
2979 6400
2980 3340
