0 0
208 43240
248 16900
288 4040
328 4860
368 3960
408 9480
448 3640
488 3340
528 2500
568 14200
608 2680
648 4400
688 3660
728 25840
768 5340
808 6400
848 3460
888 21220
928 4820
968 4340
1008 2680
1048 23880
1088 3760
1128 4520
1168 4560
1208 22420
1248 4260
1288 2900
1328 2140
1368 6780
1383 43240
1408 3220
1423 16900
1448 3660
1463 4040
1488 85500
1499 43240
1503 4860
1528 28540
1539 16900
1543 3960
1568 6020
1579 4040
1583 9480
1608 8580
1619 4860
1623 3640
1648 5100
1659 3960
1663 3340
1688 16740
1699 9480
1703 2500
1721 43240
1728 5460
1739 3640
1743 14200
1761 16900
1768 5360
1779 3340
1783 2680
1794 43240
1801 4040
1808 3560
1819 2500
1823 4400
1834 16900
1841 4860
1848 19800
1859 14200
1863 3660
1874 4040
1881 3960
1888 4620
1899 2680
1903 25840
1914 4860
1921 9480
1928 6020
1939 4400
1943 5340
1954 3960
1961 3640
1968 4440
1979 3660
1983 6400
1994 9480
2001 3340
2008 24200
2019 25840
2023 3460
2034 3640
2041 2500
2048 4460
2059 5340
2063 21220
2074 3340
2081 14200
2088 7180
2099 6400
2103 4820
2114 2500
2121 2680
2128 6540
2139 3460
2143 4340
2154 14200
2161 4400
2168 23960
2179 21220
2183 2680
2194 2680
2201 3660
2208 6620
2219 4820
2223 23880
2229 43240
2234 4400
2241 25840
2248 6200
2259 4340
2263 3760
2269 16900
2274 3660
2281 5340
2288 3880
2299 2680
2303 4520
2309 4040
2314 25840
2321 6400
2328 29140
2339 23880
2343 4560
2349 4860
2354 5340
2361 3460
2368 6260
2379 3760
2383 22420
2389 3960
2394 6400
2401 21220
2408 8280
2419 4520
2423 4260
2429 9480
2434 3460
2441 4820
2448 5580
2459 4560
2463 2900
2469 3640
2474 21220
2481 4340
2488 24420
2499 22420
2503 2140
2509 3340
2514 4820
2521 2680
2528 5740
2539 4260
2543 6780
2549 2500
2554 4340
2561 23880
2568 7460
2579 2900
2583 3220
2589 14200
2594 2680
2601 3760
2608 5040
2619 2140
2623 3660
2629 2680
2634 23880
2641 4520
2648 9180
2659 6780
2663 85500
2669 4400
2674 3760
2681 4560
2688 5140
2699 3220
2703 28540
2709 3660
2714 4520
2721 22420
2728 6380
2739 3660
2743 6020
2749 25840
2754 4560
2761 4260
2768 114340
2779 85500
2783 8580
2789 5340
2794 22420
2801 2900
2808 26100
2819 28540
2823 5100
2829 6400
2834 4260
2841 2140
2847 43240
2848 6000
2859 6020
2863 16740
2869 3460
2874 2900
2881 6780
2887 16900
2888 9080
2899 8580
2903 5460
2909 21220
2914 2140
2921 3220
2927 4040
2928 5860
2939 5100
2943 5360
2949 4820
2954 6780
2961 3660
2967 4860
2968 23580
2979 16740
2983 3560
2989 4340
2994 1771
