0 0
767 43240
807 16900
847 4040
887 4860
927 3960
967 9480
1007 3640
1037 43240
1044 43240
1047 3340
1063 43240
1077 16900
1084 16900
1087 2500
1103 16900
1117 4040
1124 4040
1127 14200
1143 4040
1157 4860
1164 4860
1167 2680
1183 4860
1197 3960
1204 3960
1207 4400
1223 47200
1237 9480
1244 9480
1247 3660
1263 26380
1277 3640
1284 3640
1287 25840
1303 7680
1317 3340
1324 3340
1327 5340
1343 8200
1357 2500
1364 2500
1367 6400
1383 6460
1397 14200
1401 43240
1404 14200
1407 3460
1423 23680
1437 2680
1441 16900
1444 2680
1447 21220
1463 6320
1477 4400
1481 4040
1484 4400
1487 4820
1503 7740
1517 3660
1521 4860
1524 3660
1527 4340
1543 6160
1557 25840
1561 3960
1564 25840
1567 2680
1583 40040
1597 5340
1601 9480
1604 5340
1607 23880
1623 8020
1637 6400
1641 3640
1644 6400
1647 3760
1663 10800
1677 3460
1681 3340
1684 3460
1687 4520
1703 7120
1717 21220
1721 2500
1724 21220
1727 4560
1743 47060
1757 4820
1761 14200
1764 4820
1767 22420
1783 10160
1797 4340
1801 2680
1804 4340
1807 4260
1823 10740
1837 2680
1841 4400
1844 2680
1847 2900
1863 6140
1877 23880
1881 3660
1884 23880
1887 2140
1903 45100
1917 3760
1921 25840
1924 3760
1927 6780
1943 8580
1957 4520
1961 5340
1964 4520
1967 3220
1983 8860
1997 4560
2001 6400
2004 4560
2007 3660
2023 7240
2037 22420
2041 3460
2044 22420
2047 85500
2052 43240
2063 46300
2070 43240
2077 4260
2081 21220
2084 4260
2087 28540
2092 16900
2103 8020
2110 16900
2117 2900
2121 4820
2124 2900
2127 6020
2132 4040
2143 7420
2150 4040
2157 2140
2161 4340
2164 2140
2166 43240
2167 8580
2172 4860
2183 6700
2190 4860
2197 6780
2201 2680
2204 6780
2206 16900
2207 5100
2212 3960
2223 29200
2230 3960
2237 3220
2241 23880
2244 3220
2246 4040
2247 16740
2252 9480
2257 43240
2263 7480
2270 9480
2277 3660
2281 3760
2284 3660
2286 4860
2287 5460
2292 3640
2297 16900
2303 6560
2310 3640
2317 85500
2321 4520
2324 85500
2326 3960
2327 5360
2332 3340
2337 4040
2343 130880
2350 3340
2357 28540
2361 4560
2364 28540
2366 9480
2367 3560
2372 2500
2377 4860
2383 52220
2390 2500
2397 6020
2401 22420
2404 6020
2406 3640
2407 19800
2412 14200
2417 3960
2423 13280
2430 14200
2437 8580
2441 4260
2444 8580
2446 3340
2447 4620
2452 2680
2457 9480
2463 17100
2470 2680
2477 5100
2481 2900
2484 5100
2486 2500
2487 6020
2492 4400
2497 3640
2503 94560
2510 4400
2517 16740
2521 2140
2524 16740
2526 14200
2527 4440
2532 3660
2537 3340
2543 54760
2550 3660
2557 5460
2561 6780
2564 5460
2566 2680
2567 24200
2572 25840
2577 2500
2583 15120
2590 25840
2597 5360
2601 3220
2604 5360
2606 4400
2607 4460
2612 5340
2617 14200
2623 17280
2630 5340
2637 3560
2641 3660
2644 3560
2646 3660
2647 7180
2652 6400
2657 2680
2663 11160
2670 6400
2677 19800
2681 85500
2684 19800
2686 25840
2687 6540
2692 3460
2697 4400
2703 50740
2710 3460
2717 4620
2721 28540
2724 4620
2726 5340
2727 23960
2732 21220
2737 3660
2743 12760
2750 21220
2757 6020
2761 6020
2764 6020
2766 6400
2767 6620
2772 4820
2777 25840
2783 15780
2790 4820
2797 4440
2801 8580
2804 4440
2806 3460
2807 6200
2812 4340
2817 5340
2823 11660
2830 4340
2837 24200
2841 5100
2844 24200
2846 21220
2847 3880
2852 2680
2857 6400
2863 69840
2870 2680
2877 4460
2881 16740
2884 4460
2886 4820
2887 29140
2892 23880
2897 3460
2903 14420
2910 23880
2917 7180
2921 5460
2924 7180
2926 4340
2927 6260
2932 3760
2937 21220
2943 19600
2950 3760
2957 6540
2961 5360
2964 6540
2966 2680
2967 8280
2972 4520
2977 4820
2983 10444
