0 0
360 43240
400 16900
440 4040
480 4860
520 3960
560 9480
600 3640
640 3340
680 2500
683 43240
720 14200
723 16900
760 2680
763 4040
800 4400
803 4860
840 3660
843 3960
852 43240
880 25840
883 9480
892 16900
920 5340
923 3640
932 4040
947 43240
960 6400
963 3340
972 4860
987 16900
1000 3460
1003 2500
1012 3960
1027 4040
1040 21220
1043 14200
1052 9480
1067 4860
1080 4820
1083 2680
1092 3640
1107 3960
1120 4340
1123 4400
1132 3340
1147 9480
1160 2680
1163 3660
1170 43240
1172 2500
1187 3640
1200 23880
1203 25840
1210 16900
1212 14200
1227 3340
1240 3760
1243 5340
1250 4040
1252 2680
1267 2500
1280 4520
1283 6400
1290 4860
1292 4400
1307 14200
1320 4560
1323 3460
1330 3960
1332 3660
1347 2680
1355 43240
1360 22420
1363 21220
1370 9480
1372 25840
1387 4400
1395 16900
1400 4260
1403 4820
1410 3640
1412 5340
1427 3660
1435 4040
1440 2900
1443 4340
1450 3340
1452 6400
1467 25840
1475 4860
1480 2140
1483 2680
1484 43240
1490 2500
1492 3460
1507 5340
1515 3960
1520 6780
1523 23880
1524 16900
1530 14200
1532 21220
1547 6400
1555 9480
1560 3220
1563 3760
1564 4040
1570 2680
1572 4820
1587 3460
1595 3640
1600 3660
1603 4520
1604 4860
1610 4400
1612 4340
1627 21220
1635 3340
1640 85500
1643 4560
1644 3960
1650 3660
1652 2680
1667 4820
1675 2500
1680 28540
1683 22420
1684 9480
1690 25840
1692 23880
1707 4340
1715 14200
1720 6020
1723 4260
1724 3640
1730 5340
1732 3760
1747 2680
1749 43240
1755 2680
1760 8580
1763 2900
1764 3340
1770 6400
1772 4520
1787 23880
1789 16900
1795 4400
1800 5100
1803 2140
1804 2500
1810 3460
1812 4560
1827 3760
1829 4040
1835 3660
1840 16740
1843 6780
1844 14200
1850 21220
1852 22420
1867 4520
1869 4860
1875 25840
1880 5460
1883 3220
1884 2680
1890 4820
1892 4260
1907 4560
1909 3960
1914 43240
1915 5340
1920 5360
1923 3660
1924 4400
1930 4340
1932 2900
1947 22420
1949 9480
1954 16900
1955 6400
1960 3560
1963 85500
1964 3660
1970 2680
1972 2140
1987 4260
1989 3640
1994 4040
1995 3460
2000 19800
2003 28540
2004 25840
2010 23880
2012 6780
2027 2900
2029 3340
2034 4860
2035 21220
2040 4620
2043 6020
2044 5340
2050 3760
2052 3220
2067 2140
2069 2500
2074 3960
2075 4820
2080 6020
2083 8580
2084 6400
2090 4520
2092 3660
2107 6780
2109 14200
2114 9480
2115 4340
2120 4440
2123 5100
2124 3460
2130 4560
2132 85500
2147 3220
2149 2680
2154 3640
2155 2680
2160 24200
2163 16740
2164 21220
2170 22420
2172 28540
2187 3660
2189 4400
2194 3340
2195 23880
2200 4460
2203 5460
2204 4820
2210 4260
2212 6020
2227 85500
2229 3660
2234 2500
2235 3760
2240 7180
2243 5360
2244 4340
2250 2900
2252 8580
2267 28540
2269 25840
2274 14200
2275 4520
2280 6540
2283 3560
2284 2680
2290 2140
2292 5100
2307 6020
2309 5340
2314 2680
2315 4560
2320 23960
2323 19800
2324 23880
2330 6780
2332 16740
2347 8580
2349 6400
2354 4400
2355 22420
2360 6620
2363 4620
2364 3760
2370 3220
2372 5460
2387 5100
2389 3460
2394 3660
2395 4260
2400 6200
2403 6020
2404 4520
2410 3660
2412 5360
2427 16740
2429 21220
2434 25840
2435 2900
2440 3880
2443 4440
2444 4560
2450 85500
2452 3560
2467 5460
2469 4820
2474 5340
2475 2140
2480 29140
2483 24200
2484 22420
2490 28540
2492 19800
2507 5360
2509 4340
2514 6400
2515 6780
2520 6260
2523 4460
2524 4260
2530 6020
2532 4620
2547 3560
2549 2680
2554 3460
2555 3220
2560 8280
2563 7180
2564 2900
2570 8580
2572 6020
2587 19800
2589 23880
2594 21220
2595 3660
2600 5580
2603 6540
2604 2140
2610 5100
2612 4440
2620 43240
2627 4620
2629 3760
2634 4820
2635 85500
2640 24420
2643 23960
2644 6780
2650 16740
2652 24200
2660 16900
2667 6020
2669 4520
2674 4340
2675 28540
2680 5740
2683 6620
2684 3220
2690 5460
2692 4460
2694 43240
2700 4040
2707 4440
2709 4560
2714 2680
2715 6020
2720 7460
2723 6200
2724 3660
2730 5360
2732 7180
2734 16900
2740 4860
2747 24200
2749 22420
2754 23880
2755 8580
2760 5040
2763 3880
2764 85500
2770 3560
2772 6540
2774 4040
2780 3960
2787 4460
2789 4260
2794 3760
2795 5100
2800 9180
2803 29140
2804 28540
2810 19800
2812 23960
2814 4860
2820 9480
2827 7180
2829 2900
2834 4520
2835 16740
2840 5140
2843 6260
2844 6020
2850 4620
2852 6620
2854 3960
2860 3640
2867 6540
2869 2140
2874 4560
2875 5460
2880 6380
2883 8280
2884 8580
2887 43240
2890 6020
2892 6200
2894 9480
2900 3340
2907 23960
2909 6780
2914 22420
2915 5360
2920 114340
2923 5580
2924 5100
2927 16900
2930 4440
2932 3880
2934 3640
2940 2500
2947 6620
2949 3220
2954 4260
2955 3560
2960 26100
2963 24420
2964 16740
2967 4040
2970 24200
2972 29140
2974 3340
2980 14200
2987 930
