0 0
630 43240
670 16900
710 4040
750 4860
790 3960
810 43240
830 9480
850 16900
870 3640
890 4040
910 3340
930 4860
950 2500
970 3960
990 14200
994 43240
1010 9480
1030 2680
1034 16900
1050 3640
1070 4400
1074 4040
1090 3340
1110 3660
1114 4860
1130 2500
1150 25840
1154 3960
1170 14200
1190 5340
1194 52720
1210 2680
1230 6400
1234 20540
1250 4400
1270 3460
1274 7380
1290 3660
1310 21220
1314 7360
1330 25840
1350 4820
1354 18160
1370 5340
1390 4340
1394 12160
1410 6400
1430 2680
1434 8040
1450 3460
1470 23880
1474 7000
1490 21220
1498 43240
1510 3760
1514 28340
1530 4820
1538 16900
1550 4520
1554 19540
1555 43240
1569 43240
1570 4340
1578 4040
1590 4560
1594 9080
1595 16900
1609 16900
1610 2680
1618 4860
1630 22420
1634 7860
1635 4040
1649 4040
1650 23880
1658 3960
1670 4260
1674 24880
1675 4860
1689 4860
1690 3760
1698 9480
1710 2900
1714 30660
1715 3960
1729 3960
1730 4520
1738 3640
1750 2140
1753 43240
1754 9680
1755 9480
1769 9480
1770 4560
1778 3340
1790 6780
1793 16900
1794 9080
1795 3640
1809 3640
1810 22420
1818 2500
1830 3220
1833 4040
1834 27340
1835 3340
1849 3340
1850 4260
1858 14200
1870 3660
1873 4860
1874 24980
1875 2500
1889 2500
1890 2900
1898 2680
1910 85500
1913 3960
1914 9340
1915 14200
1929 14200
1930 2140
1938 4400
1950 28540
1953 9480
1954 8900
1955 2680
1967 43240
1969 2680
1970 6780
1978 3660
1990 6020
1993 3640
1994 25100
1995 4400
2007 16900
2009 4400
2010 3220
2018 25840
2030 8580
2033 3340
2034 28140
2035 3660
2047 4040
2049 3660
2050 3660
2058 5340
2070 5100
2073 2500
2074 6660
2075 25840
2087 4860
2089 25840
2090 85500
2098 6400
2110 16740
2113 14200
2114 6660
2115 5340
2127 3960
2129 5340
2130 28540
2138 3460
2150 5460
2153 2680
2154 11340
2155 6400
2167 9480
2169 6400
2170 6020
2178 21220
2190 5360
2193 4400
2194 25640
2195 3460
2207 3640
2209 3460
2210 8580
2218 4820
2230 3560
2233 3660
2234 7920
2235 21220
2247 3340
2249 21220
2250 5100
2258 4340
2270 19800
2273 25840
2274 88400
2275 4820
2287 2500
2289 4820
2290 16740
2298 2680
2310 4620
2313 5340
2314 30680
2315 4340
2327 14200
2329 4340
2330 5460
2338 23880
2350 6020
2353 6400
2354 12800
2355 2680
2367 2680
2369 2680
2370 5360
2378 3760
2390 4440
2393 3460
2394 11800
2395 23880
2407 4400
2409 23880
2410 3560
2418 4520
2430 24200
2433 21220
2434 8760
2435 3760
2447 3660
2449 3760
2450 19800
2458 4560
2470 4460
2473 4820
2474 102240
2475 4520
2487 25840
2489 4520
2490 4620
2498 22420
2510 7180
2513 4340
2514 34000
2515 4560
2527 5340
2529 4560
2530 6020
2538 4260
2550 6540
2553 2680
2554 11380
2555 22420
2567 6400
2569 22420
2570 4440
2572 43240
2578 2900
2590 23960
2593 23880
2594 12140
2595 4260
2607 3460
2609 4260
2610 24200
2612 16900
2618 2140
2630 6620
2633 3760
2634 24900
2635 2900
2647 21220
2649 2900
2650 4460
2652 4040
2658 6780
2670 6200
2673 4520
2674 21360
2675 2140
2687 4820
2689 2140
2690 7180
2692 4860
2698 3220
2710 3880
2713 4560
2714 11480
2715 6780
2727 4340
2729 6780
2730 6540
2732 3960
2738 3660
2750 29140
2753 22420
2754 9800
2755 3220
2767 2680
2768 43240
2769 3220
2770 23960
2772 9480
2778 85500
2790 6260
2793 4260
2794 27760
2795 3660
2807 23880
2808 16900
2809 3660
2810 6620
2812 3640
2818 28540
2830 8280
2833 2900
2834 24260
2835 85500
2839 43240
2847 3760
2848 4040
2849 85500
2850 6200
2852 3340
2858 6020
2870 5580
2873 2140
2874 11800
2875 28540
2879 16900
2887 4520
2888 4860
2889 28540
2890 3880
2892 2500
2898 8580
2910 24420
2913 6780
2914 12560
2915 6020
2919 4040
2927 4560
2928 3960
2929 6020
2930 29140
2932 14200
2938 5100
2950 5740
2953 3220
2954 71640
2955 8580
2959 4860
2967 22420
2968 9480
2969 8580
2970 6260
2972 2680
2978 16740
2990 7460
2993 3660
2994 19360
