0 0
213 43240
253 16900
293 4040
333 4860
344 43240
373 3960
384 16900
413 9480
424 4040
453 3640
464 4860
493 3340
504 3960
533 2500
544 9480
573 14200
584 3640
613 2680
624 3340
653 4400
664 2500
693 3660
694 43240
704 14200
733 25840
734 16900
744 2680
773 5340
774 4040
784 4400
813 6400
814 4860
824 3660
853 3460
854 3960
864 25840
893 21220
894 9480
904 5340
933 4820
934 3640
944 6400
964 43240
973 4340
974 3340
984 3460
1004 16900
1013 2680
1014 2500
1024 21220
1044 4040
1053 23880
1054 14200
1064 4820
1084 4860
1093 3760
1094 2680
1104 4340
1124 3960
1133 4520
1134 4400
1142 43240
1144 2680
1164 9480
1173 4560
1174 3660
1177 43240
1182 16900
1184 23880
1204 3640
1213 22420
1214 25840
1217 16900
1222 4040
1224 3760
1244 3340
1253 4260
1254 5340
1257 4040
1262 4860
1264 4520
1284 2500
1293 2900
1294 6400
1297 4860
1302 3960
1304 4560
1324 14200
1333 2140
1334 3460
1337 3960
1342 9480
1344 22420
1364 2680
1373 6780
1374 21220
1377 9480
1382 3640
1384 4260
1404 4400
1413 3220
1414 4820
1417 3640
1422 3340
1424 2900
1444 3660
1453 3660
1454 4340
1457 3340
1462 2500
1464 2140
1484 25840
1493 85500
1494 2680
1497 2500
1502 14200
1504 6780
1524 5340
1533 28540
1534 23880
1537 14200
1542 2680
1544 3220
1564 6400
1573 6020
1574 3760
1577 2680
1582 4400
1584 3660
1604 3460
1613 8580
1614 4520
1617 4400
1622 3660
1624 85500
1644 21220
1653 5100
1654 4560
1657 3660
1662 25840
1664 28540
1684 4820
1693 16740
1694 22420
1697 25840
1702 5340
1704 6020
1724 4340
1733 5460
1734 4260
1737 5340
1742 6400
1744 8580
1764 2680
1773 5360
1774 2900
1777 6400
1782 3460
1784 5100
1804 23880
1813 3560
1814 2140
1817 3460
1820 43240
1822 21220
1824 16740
1844 3760
1853 19800
1854 6780
1857 21220
1860 16900
1862 4820
1864 5460
1884 4520
1893 4620
1894 3220
1897 4820
1900 4040
1902 4340
1904 5360
1924 4560
1933 6020
1934 3660
1937 4340
1940 4860
1942 2680
1944 3560
1964 22420
1973 4440
1974 85500
1977 2680
1980 3960
1982 23880
1984 19800
2004 4260
2013 24200
2014 28540
2017 23880
2020 9480
2022 3760
2024 4620
2044 2900
2053 4460
2054 6020
2056 43240
2057 3760
2060 3640
2062 4520
2064 6020
2084 2140
2090 43240
2093 7180
2094 8580
2096 16900
2097 4520
2100 3340
2102 4560
2104 4440
2124 6780
2130 16900
2133 6540
2134 5100
2136 47280
2137 4560
2140 2500
2142 22420
2144 24200
2164 3220
2170 4040
2173 23960
2174 16740
2176 21760
2177 22420
2180 14200
2182 4260
2184 4460
2204 3660
2210 4860
2213 6620
2214 5460
2216 8000
2217 4260
2220 2680
2222 2900
2224 7180
2244 85500
2250 3960
2253 6200
2254 5360
2256 14340
2257 2900
2260 4400
2262 2140
2264 6540
2284 28540
2290 9480
2293 3880
2294 3560
2296 7600
2297 2140
2300 3660
2302 6780
2304 23960
2324 6020
2330 46880
2333 29140
2334 19800
2336 12820
2337 6780
2340 25840
2342 3220
2344 6620
2364 8580
2370 20240
2373 6260
2374 4620
2376 6140
2377 3220
2380 5340
2382 3660
2384 6200
2404 5100
2410 6540
2413 8280
2414 6020
2415 43240
2416 17540
2417 3660
2420 6400
2422 85500
2424 3880
2444 16740
2450 19060
2453 5580
2454 4440
2455 16900
2456 5180
2457 85500
2460 3460
2462 28540
2464 29140
2484 5460
2490 6640
2493 24420
2494 24200
2495 4040
2496 18600
2497 28540
2500 21220
2502 6020
2504 6260
2524 5360
2530 13880
2533 5740
2534 4460
2535 4860
2536 6340
2537 6020
2540 4820
2542 8580
2544 8280
2564 3560
2570 7300
2573 7460
2574 7180
2575 3960
2576 30240
2577 8580
2580 4340
2582 5100
2584 5580
2604 19800
2610 29180
2613 5040
2614 6540
2615 9480
2616 9000
2617 5100
2620 2680
2622 16740
2624 24420
2644 4620
2650 7840
2653 9180
2654 23960
2655 3640
2656 32240
2657 16740
2660 23880
2662 5460
2664 5740
2684 6020
2690 20600
2693 5140
2694 6620
2695 3340
2696 8800
2697 5460
2700 3760
2702 5360
2704 7460
2724 4440
2730 6140
2733 6380
2734 6200
2735 2500
2736 27620
2737 5360
2740 4520
2742 3560
2744 5040
2764 24200
2770 25620
2773 114340
2774 3880
2775 14200
2776 8280
2777 3560
2780 4560
2782 19800
2784 9180
2801 43240
2804 4460
2810 8480
2813 26100
2814 29140
2815 2680
2816 25560
2817 19800
2820 22420
2822 4620
2824 5140
2827 43240
2841 16900
2844 7180
2850 30180
2853 6000
2854 6260
2855 4400
2856 7500
2857 4620
2860 4260
2862 6020
2864 6380
2867 16900
2881 4040
2884 6540
2890 8020
2893 9080
2894 8280
2895 3660
2896 28220
2897 6020
2899 43240
2900 2900
2902 4440
2904 114340
2907 4040
2921 4860
2924 23960
2930 30280
2933 5860
2934 5580
2935 25840
2936 6440
2937 4440
2939 16900
2940 2140
2942 24200
2944 26100
2947 4860
2961 3960
2964 6620
2970 7220
2973 23580
2974 24420
2975 5340
2976 28400
