0 0
692 43240
732 16900
772 4040
812 4860
852 3960
892 9480
932 3640
972 3340
1012 2500
1052 14200
1092 2680
1130 43240
1132 4400
1170 16900
1172 3660
1210 4040
1212 25840
1250 4860
1252 5340
1290 3960
1292 6400
1330 9480
1332 3460
1370 3640
1372 21220
1410 3340
1412 4820
1427 43240
1450 2500
1452 4340
1467 16900
1490 14200
1492 2680
1507 4040
1530 2680
1532 23880
1547 4860
1570 4400
1572 3760
1587 3960
1605 43240
1610 3660
1612 4520
1616 43240
1627 9480
1645 16900
1650 25840
1652 4560
1656 16900
1667 3640
1685 4040
1690 5340
1692 22420
1696 4040
1707 3340
1725 4860
1730 6400
1732 4260
1736 4860
1747 2500
1765 3960
1770 3460
1772 2900
1776 3960
1787 14200
1805 9480
1810 21220
1812 2140
1816 9480
1827 2680
1845 3640
1850 4820
1852 6780
1856 3640
1867 4400
1885 3340
1890 4340
1892 3220
1896 3340
1907 3660
1925 2500
1930 2680
1932 3660
1936 2500
1947 25840
1965 14200
1970 23880
1972 85500
1976 14200
1987 5340
2005 2680
2010 3760
2012 28540
2016 2680
2027 6400
2045 4400
2050 4520
2052 6020
2056 4400
2067 3460
2085 3660
2090 4560
2092 8580
2096 3660
2097 43240
2107 21220
2125 25840
2130 22420
2132 5100
2136 25840
2137 16900
2147 4820
2148 43240
2156 43240
2165 5340
2170 4260
2172 16740
2176 5340
2177 4040
2187 4340
2188 16900
2196 16900
2205 6400
2210 2900
2212 5460
2216 6400
2217 4860
2227 2680
2228 4040
2236 4040
2245 3460
2250 2140
2252 5360
2256 3460
2257 3960
2267 23880
2268 4860
2276 4860
2285 21220
2290 6780
2292 3560
2296 21220
2297 9480
2307 3760
2308 3960
2316 3960
2325 4820
2330 3220
2332 19800
2336 4820
2337 3640
2347 4520
2348 9480
2356 9480
2365 4340
2370 3660
2372 4620
2376 4340
2377 3340
2387 4560
2388 3640
2396 3640
2405 2680
2410 85500
2412 6020
2416 2680
2417 2500
2427 22420
2428 3340
2436 3340
2445 23880
2450 28540
2452 4440
2456 23880
2457 14200
2467 4260
2468 2500
2476 2500
2485 3760
2490 6020
2492 24200
2496 3760
2497 2680
2507 2900
2508 14200
2516 14200
2525 4520
2530 8580
2532 4460
2536 4520
2537 4400
2547 2140
2548 2680
2556 2680
2565 4560
2567 43240
2570 5100
2572 7180
2576 4560
2577 3660
2587 6780
2588 4400
2596 4400
2605 22420
2607 16900
2610 16740
2612 6540
2616 22420
2617 25840
2627 3220
2628 3660
2636 3660
2645 4260
2647 4040
2650 5460
2652 23960
2656 4260
2657 5340
2667 3660
2668 25840
2676 25840
2685 2900
2687 4860
2690 5360
2692 6620
2696 2900
2697 6400
2707 85500
2708 5340
2716 5340
2725 2140
2727 3960
2730 3560
2732 6200
2736 2140
2737 3460
2747 28540
2748 6400
2756 6400
2765 6780
2767 9480
2770 19800
2772 3880
2776 6780
2777 21220
2787 6020
2788 3460
2796 3460
2805 3220
2807 3640
2810 4620
2812 29140
2816 3220
2817 4820
2827 8580
2828 21220
2836 21220
2845 3660
2847 3340
2850 6020
2852 6260
2856 3660
2857 4340
2867 5100
2868 4820
2876 4820
2885 85500
2887 2500
2890 4440
2892 8280
2896 85500
2897 2680
2907 16740
2908 4340
2916 4340
2925 28540
2927 14200
2930 24200
2932 5580
2936 28540
2937 23880
2947 5460
2948 2680
2956 2680
2965 6020
2967 2680
2970 4460
2972 24420
2976 6020
2977 3760
2987 5360
2988 23880
2990 25944
