0 0
287 43240
327 16900
367 4040
407 4860
420 43240
447 3960
460 16900
487 9480
500 4040
527 3640
528 43240
540 4860
567 3340
568 16900
580 3960
607 2500
608 4040
620 9480
647 14200
648 4860
660 3640
687 2680
688 3960
700 3340
727 4400
728 9480
740 2500
766 43240
767 3660
768 3640
780 14200
806 16900
807 25840
808 3340
820 2680
846 4040
847 5340
848 2500
852 43240
860 4400
886 4860
887 6400
888 14200
892 16900
900 3660
914 43240
926 3960
927 3460
928 2680
932 4040
940 25840
954 16900
966 9480
967 21220
968 4400
972 4860
980 5340
994 4040
1006 3640
1007 4820
1008 3660
1012 3960
1020 6400
1034 4860
1046 3340
1047 4340
1048 25840
1052 9480
1060 3460
1074 3960
1086 2500
1087 2680
1088 5340
1092 3640
1100 21220
1114 9480
1126 14200
1127 23880
1128 6400
1132 3340
1140 4820
1154 3640
1166 2680
1167 3760
1168 3460
1172 2500
1180 4340
1194 3340
1206 4400
1207 4520
1208 21220
1212 14200
1220 2680
1234 2500
1246 3660
1247 4560
1248 4820
1252 2680
1254 43240
1260 23880
1263 43240
1274 14200
1286 25840
1287 22420
1288 4340
1292 4400
1294 16900
1300 3760
1303 16900
1314 2680
1326 5340
1327 4260
1328 2680
1332 3660
1334 4040
1340 4520
1343 4040
1354 4400
1366 6400
1367 2900
1368 23880
1372 25840
1374 4860
1380 4560
1383 4860
1394 3660
1406 3460
1407 2140
1408 3760
1412 5340
1414 3960
1420 22420
1423 3960
1434 25840
1446 21220
1447 6780
1448 4520
1452 6400
1454 9480
1460 4260
1463 9480
1474 5340
1486 4820
1487 3220
1488 4560
1492 3460
1493 43240
1494 3640
1500 2900
1503 3640
1514 6400
1520 43240
1526 4340
1527 3660
1528 22420
1532 21220
1533 16900
1534 3340
1540 2140
1543 3340
1554 3460
1560 16900
1566 2680
1567 85500
1568 4260
1572 4820
1573 4040
1574 2500
1580 6780
1583 2500
1594 21220
1598 43240
1600 4040
1606 23880
1607 28540
1608 2900
1612 4340
1613 4860
1614 14200
1620 3220
1623 14200
1634 4820
1638 16900
1640 4860
1646 3760
1647 6020
1648 2140
1652 2680
1653 3960
1654 2680
1660 3660
1663 2680
1674 4340
1678 4040
1680 3960
1686 4520
1687 8580
1688 6780
1692 23880
1693 9480
1694 4400
1700 85500
1703 4400
1714 2680
1718 4860
1720 9480
1726 4560
1727 5100
1728 3220
1732 3760
1733 3640
1734 3660
1740 28540
1743 3660
1754 23880
1758 3960
1760 3640
1766 22420
1767 16740
1768 3660
1772 4520
1773 3340
1774 25840
1780 6020
1783 25840
1794 3760
1798 9480
1800 3340
1806 4260
1807 5460
1808 85500
1812 4560
1813 2500
1814 5340
1820 8580
1823 5340
1834 4520
1838 3640
1840 2500
1846 2900
1847 5360
1848 28540
1852 22420
1853 14200
1854 6400
1860 5100
1863 6400
1874 4560
1878 46580
1880 14200
1886 2140
1887 3560
1888 6020
1892 4260
1893 2680
1894 3460
1900 16740
1903 3460
1914 22420
1918 19400
1920 2680
1926 6780
1927 19800
1928 8580
1932 2900
1933 4400
1934 21220
1940 5460
1943 21220
1954 4260
1958 18240
1960 4400
1966 3220
1967 4620
1968 5100
1972 2140
1973 3660
1974 4820
1980 5360
1983 4820
1994 2900
1998 7540
2000 3660
2006 3660
2007 6020
2008 16740
2012 6780
2013 25840
2014 4340
2020 3560
2023 4340
2034 2140
2036 43240
2038 8360
2040 25840
2046 85500
2047 4440
2048 5460
2052 3220
2053 5340
2054 2680
2060 19800
2063 2680
2074 6780
2076 16900
2078 13140
2080 5340
2086 28540
2087 24200
2088 5360
2092 3660
2093 6400
2094 23880
2100 4620
2103 23880
2114 3220
2116 4040
2118 29480
2120 6400
2126 6020
2127 4460
2128 3560
2132 85500
2133 3460
2134 3760
2140 6020
2143 3760
2154 3660
2156 4860
2158 8680
2160 3460
2166 8580
2167 7180
2168 19800
2172 28540
2173 21220
2174 4520
2180 4440
2183 4520
2194 85500
2196 3960
2198 8900
2200 21220
2206 5100
2207 6540
2208 4620
2212 6020
2213 4820
2214 4560
2220 24200
2223 4560
2234 28540
2236 9480
2238 17660
2240 4820
2246 16740
2247 23960
2248 6020
2252 8580
2253 4340
2254 22420
2260 4460
2263 22420
2274 6020
2276 3640
2278 23900
2280 4340
2286 5460
2287 6620
2288 4440
2292 5100
2293 2680
2294 4260
2300 7180
2303 4260
2314 8580
2316 3340
2318 9220
2320 2680
2326 5360
2327 6200
2328 24200
2332 16740
2333 23880
2334 2900
2340 6540
2343 2900
2354 5100
2356 2500
2358 8000
2360 23880
2366 3560
2367 3880
2368 4460
2372 5460
2373 3760
2374 2140
2380 23960
2383 2140
2394 16740
2396 14200
2398 28520
2400 3760
2406 19800
2407 29140
2408 7180
2412 5360
2413 4520
2414 6780
2415 43240
2420 6620
2423 6780
2434 5460
2436 2680
2438 29220
2440 4520
2446 4620
2447 6260
2448 6540
2452 3560
2453 4560
2454 3220
2455 16900
2460 6200
2463 3220
2474 5360
2476 4400
2478 10160
2480 4560
2486 6020
2487 8280
2488 23960
2492 19800
2493 22420
2494 3660
2495 4040
2500 3880
2503 3660
2514 3560
2516 3660
2518 7980
2520 22420
2526 4440
2527 5580
2528 6620
2532 4620
2533 4260
2534 85500
2535 4860
2540 29140
2543 85500
2554 19800
2556 25840
2558 25780
2560 4260
2566 24200
2567 24420
2568 6200
2572 6020
2573 2900
2574 28540
2575 3960
2580 6260
2583 28540
2594 4620
2596 5340
2598 27240
2600 2900
2606 4460
2607 5740
2608 3880
2612 4440
2613 2140
2614 6020
2615 9480
2620 8280
2623 6020
2634 6020
2636 6400
2638 8600
2640 2140
2646 7180
2647 7460
2648 29140
2652 24200
2653 6780
2654 8580
2655 3640
2660 5580
2663 8580
2674 4440
2676 3460
2678 5580
2680 6780
2686 6540
2687 5040
2688 6260
2692 4460
2693 3220
2694 5100
2695 3340
2700 67660
2703 5100
2714 24200
2716 21220
2718 26020
2720 3220
2726 23960
2727 9180
2728 8280
2732 7180
2733 3660
2734 16740
2735 2500
2740 22640
2743 16740
2754 4460
2756 4820
2758 53780
2760 3660
2766 6620
2767 5140
2768 5580
2772 6540
2773 85500
2774 5460
2775 14200
2780 11500
2783 5460
2794 7180
2796 4340
2798 24640
2800 85500
2806 6200
2807 6380
2808 24420
2812 23960
2813 28540
2814 5360
2815 2680
2820 9900
2823 5360
2834 6540
2836 2680
2838 12260
2840 28540
2846 3880
2847 114340
2848 5740
2852 6620
2853 6020
2854 3560
2855 4400
2860 13140
2863 3560
2874 23960
2876 23880
2878 112780
2880 6020
2886 29140
2887 26100
2888 7460
2892 6200
2893 8580
2894 19800
2895 3660
2900 14620
2903 19800
2914 6620
2916 3760
2918 36760
2920 8580
2926 6260
2927 6000
2928 5040
2932 3880
2933 5100
2934 4620
2935 25840
2940 10020
2943 4620
2954 6200
2956 4520
2958 18400
2960 5100
2966 8280
2967 9080
2968 9180
2972 29140
2973 16740
2974 6020
2975 5340
2980 117680
2983 6020
