0 0
193 43240
233 16900
273 4040
313 4860
353 3960
388 43240
393 9480
428 16900
433 3640
468 4040
473 3340
508 4860
513 2500
548 3960
553 14200
588 9480
593 2680
628 3640
633 4400
668 3340
673 3660
708 2500
713 25840
748 14200
753 5340
788 45920
793 6400
825 43240
828 21300
833 3460
865 16900
868 7700
873 21220
905 4040
908 30700
913 4820
945 4860
948 9300
953 4340
985 3960
988 15880
993 2680
1019 43240
1025 9480
1028 7100
1033 23880
1059 16900
1065 3640
1068 24560
1073 3760
1099 4040
1105 3340
1108 7320
1113 4520
1139 4860
1145 2500
1148 18540
1153 4560
1179 3960
1185 14200
1188 5360
1193 22420
1219 9480
1225 2680
1228 28280
1233 4260
1259 3640
1265 4400
1268 7420
1273 2900
1299 3340
1305 3660
1308 30360
1313 2140
1339 2500
1345 25840
1348 9900
1353 6780
1379 14200
1385 5340
1388 28820
1393 3220
1419 2680
1425 6400
1428 7720
1433 3660
1459 4400
1465 3460
1468 24120
1473 85500
1499 3660
1505 21220
1508 6960
1513 28540
1539 25840
1545 4820
1548 11120
1553 6020
1579 5340
1583 43240
1585 4340
1588 5900
1593 8580
1619 6400
1623 16900
1625 2680
1628 27540
1633 5100
1659 3460
1663 4040
1665 23880
1668 89260
1673 16740
1699 21220
1703 4860
1705 3760
1708 33060
1713 5460
1739 4820
1743 3960
1745 4520
1748 10580
1753 5360
1779 4340
1783 9480
1785 4560
1788 31000
1793 3560
1819 2680
1823 3640
1825 22420
1828 9360
1833 19800
1859 23880
1863 3340
1865 4260
1868 19640
1873 4620
1899 3760
1903 2500
1905 2900
1908 7600
1913 6020
1939 4520
1943 14200
1945 2140
1948 12140
1953 4440
1979 4560
1983 2680
1985 6780
1988 6780
1993 24200
2019 22420
2023 4400
2025 3220
2028 23460
2033 4460
2059 4260
2063 3660
2065 3660
2068 90120
2073 7180
2099 2900
2100 43240
2103 25840
2105 85500
2108 34560
2113 6540
2139 2140
2140 16900
2143 5340
2145 28540
2148 10460
2153 23960
2172 43240
2179 6780
2180 4040
2183 6400
2185 6020
2188 32780
2193 6620
2212 16900
2219 3220
2220 4860
2223 3460
2225 8580
2228 9560
2233 6200
2239 43240
2252 4040
2259 3660
2260 3960
2263 21220
2265 5100
2268 23920
2273 3880
2279 16900
2292 4860
2299 85500
2300 9480
2303 4820
2305 16740
2308 12000
2313 29140
2319 4040
2332 3960
2339 28540
2340 3640
2343 4340
2345 5460
2348 29320
2353 6260
2359 4860
2372 9480
2379 6020
2380 3340
2383 2680
2385 5360
2388 10180
2393 8280
2399 3960
2412 3640
2419 8580
2420 2500
2423 23880
2425 3560
2428 26000
2433 5580
2439 9480
2452 3340
2459 5100
2460 14200
2463 3760
2465 19800
2468 8500
2473 24420
2479 3640
2492 2500
2499 16740
2500 2680
2503 4520
2505 4620
2508 35160
2513 5740
2519 3340
2532 14200
2539 5460
2540 47640
2543 4560
2545 6020
2548 10700
2553 7460
2559 2500
2572 2680
2579 5360
2580 20560
2583 22420
2585 4440
2588 32480
2593 5040
2599 14200
2612 4400
2619 3560
2620 29880
2623 4260
2625 24200
2628 10040
2633 9180
2639 2680
2652 3660
2659 19800
2660 10200
2663 2900
2665 4460
2668 31600
2673 5140
2679 4400
2692 25840
2699 4620
2700 10360
2703 2140
2705 7180
2708 12280
2713 6380
2719 3660
2729 43240
2732 5340
2739 6020
2740 12940
2743 6780
2745 6540
2748 31420
2753 114340
2759 25840
2769 16900
2772 6400
2779 4440
2780 24860
2783 3220
2785 23960
2788 11660
2793 26100
2799 5340
2809 4040
2812 3460
2819 24200
2820 8160
2823 3660
2825 6620
2828 15380
2833 6000
2839 6400
2849 4860
2852 21220
2859 4460
2860 6840
2863 85500
2865 6200
2868 9020
2873 9080
2879 3460
2889 3960
2892 4820
2899 7180
2900 16880
2903 28540
2905 3880
2908 35520
2913 5860
2919 21220
2929 9480
2932 4340
2939 6540
2940 26560
2943 6020
2945 29140
2948 120600
2953 23580
2959 4820
2969 3640
2972 2680
2979 23960
2980 8160
2983 8580
2985 6260
2988 9135
