0 0
670 43240
710 16900
750 4040
790 4860
830 3960
870 9480
910 3640
950 3340
990 2500
1030 14200
1070 2680
1073 43240
1110 4400
1113 16900
1150 3660
1153 4040
1190 25840
1193 4860
1230 5340
1233 3960
1270 6400
1273 9480
1310 3460
1313 3640
1319 43240
1350 21220
1353 3340
1359 16900
1390 4820
1393 2500
1399 4040
1430 4340
1433 14200
1439 4860
1470 2680
1473 2680
1479 3960
1510 23880
1513 4400
1519 9480
1550 3760
1553 3660
1559 3640
1590 4520
1593 25840
1599 3340
1630 4560
1633 5340
1639 2500
1670 22420
1673 6400
1679 14200
1686 43240
1710 4260
1713 3460
1719 2680
1726 16900
1750 2900
1753 21220
1759 4400
1766 4040
1790 2140
1793 4820
1799 3660
1806 4860
1830 6780
1833 4340
1839 25840
1846 3960
1870 3220
1873 2680
1879 5340
1886 9480
1910 3660
1913 23880
1919 6400
1926 3640
1950 85500
1953 3760
1956 43240
1959 3460
1966 3340
1990 28540
1993 4520
1996 16900
1999 21220
2006 2500
2030 6020
2033 4560
2036 4040
2039 4820
2046 14200
2070 8580
2073 22420
2076 4860
2079 4340
2086 2680
2110 5100
2113 4260
2116 3960
2119 2680
2126 4400
2150 16740
2153 2900
2156 9480
2159 23880
2166 3660
2190 5460
2193 2140
2196 3640
2199 3760
2206 25840
2230 5360
2233 6780
2236 3340
2239 4520
2246 5340
2270 3560
2273 3220
2276 2500
2279 4560
2286 6400
2310 19800
2313 3660
2316 14200
2319 22420
2326 3460
2350 4620
2353 85500
2356 2680
2359 4260
2366 21220
2390 6020
2393 28540
2396 4400
2399 2900
2406 4820
2430 4440
2432 43240
2433 6020
2436 3660
2439 2140
2446 4340
2470 24200
2472 16900
2473 8580
2476 25840
2479 6780
2486 2680
2510 4460
2512 4040
2513 5100
2516 5340
2519 3220
2526 23880
2550 7180
2552 4860
2553 16740
2556 6400
2559 3660
2564 43240
2566 3760
2590 6540
2592 3960
2593 5460
2596 3460
2599 85500
2604 16900
2606 4520
2630 23960
2632 9480
2633 5360
2636 21220
2639 28540
2644 4040
2646 4560
2670 6620
2672 3640
2673 3560
2676 4820
2679 6020
2684 4860
2686 22420
2710 6200
2712 3340
2713 19800
2716 4340
2719 8580
2724 3960
2726 4260
2750 3880
2752 2500
2753 4620
2756 2680
2759 5100
2764 9480
2766 2900
2790 29140
2792 14200
2793 6020
2796 23880
2799 16740
2804 3640
2806 2140
2830 6260
2832 2680
2833 4440
2836 3760
2839 5460
2844 3340
2846 6780
2866 43240
2870 8280
2872 4400
2873 24200
2876 4520
2879 5360
2884 2500
2886 3220
2906 16900
2910 5580
2912 3660
2913 4460
2916 4560
2919 3560
2924 14200
2926 3660
2946 4040
2950 24420
2952 25840
2953 7180
2956 22420
2959 19800
2964 2680
2966 85500
2986 1215
