0 0
747 43240
787 16900
827 4040
867 4860
902 43240
907 3960
942 16900
947 9480
982 4040
987 3640
1018 43240
1022 4860
1027 3340
1058 16900
1062 3960
1067 2500
1098 4040
1102 9480
1107 14200
1138 4860
1142 3640
1147 2680
1178 3960
1182 3340
1187 4400
1218 9480
1222 2500
1227 3660
1258 3640
1262 14200
1267 25840
1298 3340
1302 2680
1307 5340
1338 2500
1342 4400
1347 6400
1378 14200
1382 3660
1387 3460
1418 2680
1422 25840
1427 21220
1458 4400
1462 5340
1467 4820
1490 43240
1498 3660
1502 6400
1507 4340
1530 16900
1538 25840
1542 3460
1547 2680
1570 4040
1578 5340
1582 21220
1587 23880
1610 4860
1618 6400
1622 4820
1627 3760
1650 3960
1658 3460
1662 4340
1667 4520
1690 9480
1698 21220
1702 2680
1707 4560
1730 3640
1738 4820
1742 23880
1747 22420
1770 3340
1778 4340
1782 3760
1787 4260
1810 2500
1818 2680
1822 4520
1827 2900
1850 14200
1858 23880
1862 4560
1867 2140
1890 2680
1898 3760
1902 22420
1906 43240
1907 6780
1930 4400
1938 4520
1942 4260
1946 16900
1947 3220
1970 3660
1978 4560
1982 2900
1986 4040
1987 3660
2010 25840
2018 22420
2022 2140
2026 4860
2027 85500
2050 5340
2058 4260
2062 6780
2066 3960
2067 28540
2090 6400
2098 2900
2102 3220
2106 9480
2107 6020
2130 3460
2133 43240
2138 2140
2142 3660
2146 3640
2147 8580
2158 43240
2170 21220
2173 16900
2178 6780
2182 85500
2186 3340
2187 5100
2198 16900
2210 4820
2213 4040
2218 3220
2222 28540
2226 2500
2227 16740
2238 4040
2250 4340
2253 4860
2258 3660
2262 6020
2266 14200
2267 5460
2278 4860
2290 2680
2293 3960
2298 85500
2302 8580
2306 2680
2307 5360
2318 3960
2330 23880
2333 9480
2338 28540
2342 5100
2346 4400
2347 3560
2358 9480
2370 3760
2373 3640
2378 6020
2380 43240
2382 16740
2386 3660
2387 19800
2398 3640
2410 4520
2413 3340
2418 8580
2420 16900
2422 5460
2426 25840
2427 4620
2438 3340
2450 4560
2453 2500
2458 5100
2460 4040
2462 5360
2466 5340
2467 6020
2478 2500
2490 22420
2493 14200
2498 16740
2500 4860
2502 3560
2504 43240
2506 6400
2507 4440
2518 14200
2530 4260
2533 2680
2538 5460
2540 3960
2542 19800
2544 16900
2546 3460
2547 24200
2558 2680
2570 2900
2573 4400
2578 5360
2580 9480
2582 4620
2584 4040
2586 21220
2587 4460
2598 4400
2610 2140
2613 3660
2618 3560
2620 3640
2622 6020
2624 4860
2626 4820
2627 7180
2638 3660
2650 6780
2653 25840
2658 19800
2660 3340
2662 4440
2664 3960
2666 4340
2667 6540
2668 43240
2678 25840
2685 43240
2690 3220
2693 5340
2698 4620
2700 2500
2702 24200
2704 9480
2706 2680
2707 23960
2708 16900
2718 5340
2725 16900
2730 3660
2733 6400
2738 6020
2740 14200
2742 4460
2744 3640
2746 23880
2747 6620
2748 4040
2758 6400
2765 4040
2770 85500
2773 3460
2778 4440
2780 2680
2782 7180
2784 3340
2786 3760
2787 6200
2788 4860
2798 3460
2805 4860
2810 28540
2813 21220
2818 24200
2820 4400
2822 6540
2824 2500
2826 4520
2827 3880
2828 3960
2838 21220
2845 47200
2850 6020
2853 4820
2858 4460
2860 3660
2862 23960
2864 14200
2866 4560
2867 29140
2868 9480
2878 4820
2885 26380
2890 8580
2893 4340
2898 7180
2900 25840
2902 6620
2904 2680
2906 22420
2907 6260
2908 3640
2918 4340
2925 7680
2930 5100
2933 2680
2938 6540
2940 5340
2942 6200
2944 4400
2946 4260
2947 8280
2948 3340
2958 2680
2965 8200
2970 16740
2973 23880
2978 23960
2980 6400
2982 3880
2984 3660
2986 2900
2987 5580
2988 2500
2998 15522
