0 0
185 43240
225 16900
265 4040
305 4860
345 3960
385 9480
425 3640
430 43240
465 3340
470 16900
505 2500
510 4040
545 14200
550 4860
585 2680
590 3960
591 43240
625 4400
630 9480
631 16900
665 3660
670 3640
671 4040
705 25840
710 3340
711 4860
745 5340
750 2500
751 3960
785 6400
790 14200
791 9480
793 43240
825 3460
830 2680
831 3640
833 16900
865 21220
870 4400
871 3340
873 4040
905 4820
910 3660
911 2500
913 4860
945 4340
950 25840
951 14200
953 3960
985 2680
990 5340
991 2680
993 9480
1025 23880
1030 6400
1031 4400
1033 3640
1065 3760
1070 3460
1071 3660
1073 3340
1105 4520
1110 21220
1111 25840
1113 2500
1145 4560
1150 4820
1151 5340
1153 14200
1155 43240
1185 22420
1190 4340
1191 6400
1193 2680
1195 16900
1225 4260
1230 2680
1231 3460
1233 4400
1235 4040
1265 2900
1270 23880
1271 21220
1273 3660
1275 4860
1305 2140
1310 3760
1311 4820
1313 25840
1315 3960
1345 6780
1350 4520
1351 4340
1353 5340
1355 9480
1385 3220
1390 4560
1391 2680
1393 6400
1395 3640
1425 3660
1430 22420
1431 23880
1433 3460
1435 3340
1465 85500
1470 4260
1471 3760
1473 21220
1475 2500
1505 28540
1510 2900
1511 4520
1513 4820
1515 14200
1545 6020
1550 2140
1551 4560
1553 4340
1555 2680
1585 8580
1590 6780
1591 22420
1593 2680
1595 4400
1625 5100
1630 3220
1631 4260
1633 23880
1635 3660
1665 16740
1670 3660
1671 2900
1673 3760
1675 25840
1705 5460
1710 85500
1711 2140
1713 4520
1715 5340
1745 5360
1750 28540
1751 6780
1753 4560
1755 6400
1785 3560
1790 6020
1791 3220
1793 22420
1795 3460
1825 19800
1830 8580
1831 3660
1833 4260
1835 21220
1865 4620
1870 5100
1871 85500
1873 2900
1875 4820
1905 6020
1910 16740
1911 28540
1913 2140
1915 4340
1945 4440
1950 5460
1951 6020
1953 6780
1955 2680
1985 24200
1987 43240
1990 5360
1991 8580
1993 3220
1995 23880
2025 4460
2027 16900
2030 3560
2031 5100
2033 3660
2035 3760
2054 43240
2065 7180
2067 4040
2070 19800
2071 16740
2073 128740
2075 4520
2094 16900
2105 6540
2107 4860
2110 4620
2111 5460
2113 45440
2115 4560
2134 4040
2145 23960
2147 3960
2150 6020
2151 5360
2153 10060
2155 22420
2174 4860
2185 6620
2187 9480
2190 4440
2191 3560
2193 13440
2195 4260
2214 3960
2225 6200
2227 3640
2230 24200
2231 19800
2233 9060
2235 2900
2254 9480
2256 43240
2265 3880
2267 3340
2270 4460
2271 4620
2273 26220
2275 2140
2294 3640
2296 16900
2305 29140
2307 2500
2310 7180
2311 6020
2313 9100
2315 6780
2334 3340
2336 4040
2345 6260
2347 14200
2350 6540
2351 4440
2353 8700
2355 3220
2374 2500
2376 4860
2385 8280
2387 2680
2390 23960
2391 24200
2393 6060
2395 3660
2414 14200
2416 3960
2425 5580
2427 4400
2430 6620
2431 4460
2433 34000
2435 85500
2454 2680
2456 9480
2465 24420
2467 3660
2470 6200
2471 7180
2473 7300
2475 28540
2485 43240
2494 4400
2496 3640
2505 5740
2507 25840
2510 3880
2511 6540
2513 10420
2515 6020
2525 16900
2534 3660
2536 3340
2545 7460
2547 5340
2550 29140
2551 23960
2553 8100
2555 8580
2565 4040
2574 25840
2576 2500
2585 5040
2587 6400
2590 6260
2591 6620
2593 50040
2595 5100
2605 4860
2614 5340
2616 14200
2625 9180
2627 3460
2630 8280
2631 6200
2633 9800
2635 16740
2645 3960
2654 6400
2656 2680
2665 5140
2667 21220
2670 5580
2671 3880
2673 13580
2675 5460
2685 9480
2694 3460
2696 4400
2705 6380
2707 4820
2710 24420
2711 29140
2713 10000
2715 5360
2725 3640
2734 21220
2736 3660
2745 114340
2747 4340
2750 5740
2751 6260
2753 45180
2755 3560
2765 3340
2774 4820
2776 25840
2785 26100
2787 2680
2790 7460
2791 8280
2793 11440
2795 19800
2805 2500
2814 4340
2816 5340
2825 6000
2827 23880
2830 5040
2831 5580
2833 10540
2835 4620
2845 14200
2854 2680
2856 6400
2865 9080
2867 3760
2870 9180
2871 24420
2873 6560
2875 6020
2885 2680
2894 23880
2896 3460
2905 5860
2907 4520
2910 5140
2911 5740
2913 53020
2915 4440
2925 4400
2934 3760
2936 21220
2945 23580
2947 4560
2950 6380
2951 7460
2953 10020
2955 24200
2965 3660
2974 4520
2976 4820
2985 6480
2987 22420
2990 114340
2991 5040
