0 0
298 43240
338 16900
378 4040
418 4860
458 3960
498 9480
538 3640
578 3340
618 2500
658 14200
698 2680
738 4400
778 3660
818 25840
858 5340
898 6400
938 3460
962 43240
978 21220
1002 16900
1018 4820
1032 43240
1042 4040
1058 4340
1072 16900
1082 4860
1098 2680
1112 4040
1122 3960
1138 23880
1143 43240
1152 4860
1162 9480
1170 43240
1178 3760
1183 16900
1192 3960
1202 3640
1210 16900
1218 4520
1223 4040
1232 9480
1242 3340
1250 4040
1258 4560
1263 4860
1272 3640
1282 2500
1290 4860
1298 22420
1303 3960
1312 3340
1313 43240
1322 14200
1330 3960
1338 4260
1343 9480
1352 2500
1353 16900
1362 2680
1370 9480
1378 2900
1383 3640
1392 14200
1393 4040
1402 4400
1410 3640
1418 2140
1423 3340
1429 43240
1432 2680
1433 4860
1442 3660
1450 3340
1458 6780
1463 2500
1469 16900
1472 4400
1473 3960
1482 25840
1490 2500
1498 3220
1503 14200
1509 4040
1512 46900
1513 9480
1522 5340
1530 14200
1538 3660
1543 2680
1549 4860
1552 42740
1553 3640
1562 6400
1570 2680
1578 85500
1583 4400
1589 3960
1592 9380
1593 3340
1602 3460
1610 4400
1618 28540
1623 3660
1629 9480
1632 11260
1633 2500
1642 21220
1650 3660
1658 6020
1663 25840
1669 3640
1672 7420
1673 14200
1682 4820
1690 25840
1698 8580
1703 5340
1709 3340
1712 30700
1713 2680
1722 4340
1730 5340
1738 5100
1743 6400
1749 2500
1752 8460
1753 4400
1762 2680
1770 6400
1778 16740
1783 3460
1789 14200
1792 7680
1793 3660
1802 23880
1810 3460
1818 5460
1823 21220
1829 2680
1832 5180
1833 25840
1842 3760
1850 21220
1858 5360
1863 4820
1869 4400
1872 38080
1873 5340
1882 4520
1890 4820
1898 3560
1903 4340
1909 3660
1912 6440
1913 6400
1922 4560
1930 4340
1938 19800
1943 2680
1949 25840
1952 8920
1953 3460
1962 22420
1970 2680
1978 4620
1983 23880
1989 5340
1992 8220
1993 21220
1994 43240
2002 4260
2010 23880
2018 6020
2023 3760
2029 6400
2032 48260
2033 4820
2034 16900
2042 2900
2050 3760
2058 4440
2063 4520
2069 3460
2072 9600
2073 4340
2074 4040
2082 2140
2090 4520
2098 24200
2103 4560
2109 21220
2112 9300
2113 2680
2114 4860
2122 6780
2130 4560
2138 4460
2143 22420
2149 4820
2152 5600
2153 23880
2154 3960
2162 3220
2170 22420
2178 7180
2183 4260
2185 43240
2189 4340
2192 28000
2193 3760
2194 9480
2202 3660
2210 4260
2218 6540
2223 2900
2225 16900
2229 2680
2232 8040
2233 4520
2234 3640
2242 85500
2250 2900
2258 23960
2263 2140
2265 4040
2269 23880
2272 8000
2273 4560
2274 3340
2282 28540
2290 2140
2298 6620
2303 6780
2305 4860
2309 3760
2312 88180
2313 22420
2314 2500
2322 6020
2330 6780
2338 6200
2343 3220
2345 3960
2349 4520
2352 52420
2353 4260
2354 14200
2362 8580
2370 3220
2378 3880
2383 3660
2385 9480
2389 4560
2392 9780
2393 2900
2394 2680
2402 5100
2410 3660
2418 29140
2423 85500
2425 3640
2429 22420
2432 13100
2433 2140
2434 4400
2442 16740
2450 85500
2458 6260
2463 28540
2465 3340
2469 4260
2472 9660
2473 6780
2474 3660
2482 5460
2490 28540
2498 8280
2503 6020
2505 2500
2509 2900
2512 39160
2513 3220
2514 25840
2522 5360
2530 6020
2538 5580
2543 8580
2545 14200
2549 2140
2552 9720
2553 3660
2554 5340
2562 3560
2570 8580
2578 24420
2583 5100
2585 2680
2589 6780
2592 8260
2593 85500
2594 6400
2602 19800
2610 5100
2618 5740
2623 16740
2625 4400
2629 3220
2632 5700
2633 28540
2634 3460
2642 4620
2650 16740
2658 7460
2663 5460
2665 3660
2669 3660
2672 26580
2673 6020
2674 21220
2682 6020
2690 5460
2698 5040
2703 5360
2705 25840
2709 85500
2712 7840
2713 8580
2714 4820
2722 4440
2730 5360
2738 9180
2743 3560
2745 5340
2749 28540
2752 9680
2753 5100
2754 4340
2762 24200
2770 3560
2778 5140
2783 19800
2785 6400
2789 6020
2792 89940
2793 16740
2794 2680
2802 4460
2810 19800
2818 6380
2823 4620
2825 3460
2829 8580
2832 52740
2833 5460
2834 23880
2837 43240
2842 7180
2850 4620
2858 114340
2863 6020
2865 21220
2869 5100
2872 10480
2873 5360
2874 3760
2877 16900
2882 6540
2890 6020
2898 26100
2903 4440
2905 4820
2909 16740
2912 15760
2913 3560
2914 4520
2917 4040
2922 23960
2930 4440
2938 6000
2943 24200
2945 4340
2949 5460
2952 11640
2953 19800
2954 4560
2957 4860
2962 6620
2970 24200
2978 9080
2983 4460
2985 2680
2989 5360
