0 0
282 43240
322 16900
362 4040
402 4860
442 3960
482 9480
522 3640
542 43240
562 3340
582 16900
602 2500
622 4040
642 14200
662 4860
682 2680
702 3960
722 4400
742 9480
762 3660
782 3640
802 25840
822 3340
842 5340
845 43240
862 2500
882 6400
885 16900
902 14200
922 3460
925 4040
942 2680
962 21220
965 4860
982 4400
1002 4820
1005 3960
1022 3660
1042 4340
1045 9480
1062 69080
1082 2680
1085 3640
1102 22240
1122 23880
1125 3340
1142 10440
1162 3760
1165 2500
1182 8320
1202 4520
1205 14200
1214 43240
1222 25180
1242 4560
1245 2680
1254 16900
1262 14300
1282 22420
1285 4400
1294 4040
1302 7980
1322 4260
1325 3660
1334 4860
1342 6020
1362 2900
1365 25840
1374 3960
1382 26380
1402 2140
1405 5340
1414 9480
1422 17960
1442 6780
1445 6400
1454 3640
1462 7200
1482 3220
1485 3460
1494 3340
1502 8960
1509 43240
1522 3660
1525 21220
1534 2500
1542 26080
1549 16900
1562 85500
1565 4820
1574 14200
1582 30100
1589 4040
1602 28540
1605 4340
1614 2680
1622 8240
1629 4860
1642 6020
1645 2680
1654 4400
1662 8540
1669 3960
1682 8580
1685 23880
1694 3660
1702 10240
1709 9480
1722 5100
1725 3760
1734 25840
1742 24440
1749 3640
1762 16740
1765 4520
1774 5340
1782 8480
1789 3340
1802 5460
1805 4560
1806 43240
1814 6400
1822 89840
1829 2500
1842 5360
1845 22420
1846 16900
1854 3460
1862 31220
1869 14200
1882 3560
1885 4260
1886 4040
1894 21220
1902 29900
1909 2680
1922 19800
1925 2900
1926 4860
1934 4820
1942 12340
1949 4400
1962 4620
1965 2140
1966 3960
1974 4340
1982 9620
1989 3660
2002 6020
2005 6780
2006 9480
2014 2680
2022 21300
2029 25840
2042 4440
2045 3220
2046 3640
2054 23880
2062 27880
2069 5340
2082 24200
2085 3660
2086 3340
2094 3760
2102 9620
2109 6400
2122 4460
2125 85500
2126 2500
2134 4520
2142 6460
2149 3460
2162 7180
2165 28540
2166 14200
2174 4560
2182 21940
2189 21220
2202 6540
2205 6020
2206 2680
2214 22420
2222 11400
2229 4820
2240 43240
2242 23960
2245 8580
2246 4400
2254 4260
2262 9240
2269 4340
2280 16900
2282 6620
2285 5100
2286 3660
2294 2900
2302 8100
2309 2680
2320 4040
2322 6200
2325 16740
2326 25840
2334 2140
2342 109700
2349 23880
2360 4860
2362 3880
2365 5460
2366 5340
2374 6780
2382 33000
2389 3760
2400 3960
2402 29140
2405 5360
2406 6400
2414 3220
2422 13200
2429 4520
2440 9480
2442 6260
2445 3560
2446 3460
2454 3660
2462 15120
2469 4560
2480 3640
2482 8280
2485 19800
2486 21220
2494 85500
2502 29060
2509 22420
2520 3340
2522 5580
2525 4620
2526 4820
2534 28540
2542 23360
2549 4260
2560 2500
2562 24420
2565 6020
2566 4340
2574 6020
2582 11660
2589 2900
2600 14200
2602 5740
2605 4440
2606 2680
2614 8580
2622 9240
2629 2140
2640 2680
2642 7460
2645 24200
2646 23880
2654 5100
2662 32700
2669 6780
2680 4400
2682 5040
2685 4460
2686 3760
2694 16740
2702 26060
2707 43240
2709 3220
2720 3660
2722 9180
2725 7180
2726 4520
2734 5460
2742 12900
2747 16900
2749 3660
2752 43240
2756 43240
2760 25840
2762 5140
2765 6540
2766 4560
2774 5360
2782 11600
2787 4040
2789 85500
2792 16900
2796 16900
2800 5340
2802 6380
2805 23960
2806 22420
2814 3560
2822 28860
2827 4860
2829 28540
2832 4040
2836 4040
2840 6400
2842 114340
2845 6620
2846 4260
2854 19800
2862 29940
2867 3960
2869 6020
2872 4860
2876 4860
2880 3460
2882 26100
2885 6200
2886 2900
2894 4620
2902 11920
2907 9480
2909 8580
2912 3960
2916 3960
2920 21220
2922 6000
2925 3880
2926 2140
2934 6020
2942 12220
2946 43240
2947 3640
2949 5100
2952 9480
2956 9480
2960 4820
2962 9080
2965 29140
2966 6780
2974 4440
2982 15720
2986 16900
2987 3340
2989 16740
