0 0
122 43240
162 16900
202 4040
242 4860
282 3960
322 9480
362 3640
380 43240
402 3340
420 16900
426 43240
442 2500
460 4040
466 16900
482 14200
500 4860
506 4040
522 2680
540 3960
546 4860
562 4400
580 9480
586 3960
602 3660
620 3640
626 9480
642 25840
660 3340
666 3640
682 5340
689 43240
700 2500
706 3340
722 6400
729 16900
740 14200
746 2500
762 3460
769 4040
780 2680
786 14200
797 43240
802 21220
809 4860
820 4400
826 2680
837 16900
842 4820
849 3960
860 3660
866 4400
877 4040
882 4340
889 9480
900 25840
906 3660
917 4860
922 2680
929 3640
940 5340
946 25840
957 3960
962 23880
969 3340
980 6400
986 5340
997 9480
1002 3760
1009 2500
1020 3460
1026 6400
1037 3640
1042 4520
1049 14200
1060 21220
1066 3460
1077 3340
1082 4560
1089 2680
1100 4820
1106 21220
1117 2500
1122 22420
1129 4400
1140 4340
1146 4820
1157 14200
1162 4260
1169 3660
1180 2680
1186 4340
1197 2680
1202 2900
1209 25840
1220 23880
1226 2680
1237 4400
1242 2140
1249 5340
1260 3760
1266 23880
1277 3660
1282 6780
1289 6400
1300 47760
1306 3760
1317 25840
1322 3220
1329 3460
1340 21460
1346 4520
1350 43240
1357 5340
1362 3660
1369 21220
1380 26460
1386 4560
1390 16900
1397 6400
1402 85500
1409 4820
1420 9120
1426 22420
1430 4040
1437 3460
1442 28540
1449 4340
1460 6860
1466 4260
1468 43240
1470 4860
1477 21220
1482 6020
1489 2680
1500 11620
1506 2900
1508 16900
1510 3960
1517 4820
1522 8580
1529 23880
1540 10420
1546 2140
1548 4040
1550 9480
1557 4340
1562 5100
1569 3760
1580 6560
1586 6780
1588 4860
1590 3640
1597 2680
1602 16740
1609 4520
1620 6160
1626 3220
1628 3960
1630 3340
1637 23880
1642 5460
1649 4560
1660 99700
1666 3660
1668 9480
1670 2500
1677 3760
1682 5360
1689 22420
1700 31220
1706 85500
1708 3640
1710 14200
1717 4520
1722 3560
1729 4260
1740 10420
1746 28540
1748 3340
1750 2680
1757 4560
1762 19800
1769 2900
1780 12240
1786 6020
1788 2500
1790 4400
1797 22420
1802 4620
1809 2140
1820 30940
1826 8580
1828 14200
1830 3660
1837 4260
1842 6020
1849 6780
1860 22080
1866 5100
1868 2680
1870 25840
1877 2900
1882 4440
1889 3220
1900 11860
1906 16740
1908 4400
1910 5340
1917 2140
1922 24200
1929 3660
1930 43240
1940 8820
1946 5460
1948 3660
1950 6400
1957 6780
1962 4460
1969 85500
1970 16900
1980 24780
1986 5360
1988 25840
1990 3460
1997 3220
2002 7180
2009 28540
2010 4040
2020 24620
2026 3560
2028 5340
2030 21220
2037 3660
2042 6540
2049 6020
2050 4860
2060 8960
2066 19800
2068 6400
2070 4820
2077 85500
2082 23960
2089 8580
2090 3960
2100 8700
2106 4620
2108 3460
2110 4340
2117 28540
2122 6620
2129 5100
2130 9480
2140 28320
2146 6020
2148 21220
2150 2680
2157 6020
2162 6200
2169 16740
2170 3640
2180 27960
2186 4440
2188 4820
2190 23880
2197 8580
2202 3880
2209 5460
2210 3340
2220 8980
2226 24200
2228 4340
2230 3760
2237 5100
2242 29140
2249 5360
2250 2500
2260 11740
2266 4460
2268 2680
2270 4520
2277 16740
2282 6260
2289 3560
2290 14200
2300 28960
2306 7180
2308 23880
2310 4560
2317 5460
2322 8280
2329 19800
2330 2680
2340 28220
2346 6540
2348 3760
2350 22420
2357 5360
2362 5580
2369 4620
2370 4400
2380 9520
2386 23960
2388 4520
2390 4260
2397 3560
2402 24420
2409 6020
2410 3660
2420 8340
2426 6620
2428 4560
2430 2900
2437 19800
2442 5740
2449 4440
2450 25840
2460 10660
2466 6200
2468 22420
2470 2140
2477 4620
2482 7460
2489 24200
2490 5340
2500 32360
2506 3880
2508 4260
2510 6780
2517 6020
2522 5040
2529 4460
2530 6400
2540 9920
2546 29140
2548 2900
2550 3220
2557 4440
2562 9180
2569 7180
2570 3460
2580 93780
2586 6260
2588 2140
2590 3660
2597 24200
2602 5140
2609 6540
2610 21220
2620 34120
2626 8280
2628 6780
2630 85500
2637 4460
2642 6380
2649 23960
2650 4820
2660 30440
2666 5580
2668 3220
2670 28540
2677 7180
2682 114340
2689 6620
2690 4340
2700 14320
2706 24420
2708 3660
2710 6020
2717 6540
2722 26100
2729 6200
2730 2680
2734 43240
2740 12560
2746 5740
2748 85500
2750 8580
2757 23960
2762 6000
2769 3880
2770 23880
2774 16900
2780 21780
2786 7460
2788 28540
2790 5100
2797 6620
2802 9080
2809 29140
2810 3760
2814 4040
2820 14640
2826 5040
2828 6020
2830 16740
2837 6200
2842 5860
2849 6260
2850 4520
2854 4860
2856 43240
2860 10500
2866 9180
2868 8580
2870 5460
2877 3880
2882 23580
2889 8280
2890 4560
2894 3960
2896 16900
2900 9940
2906 5140
2908 5100
2910 5360
2917 29140
2922 6480
2929 5580
2930 22420
2934 9480
2936 4040
2940 134140
2946 6380
2948 16740
2950 3560
2957 6260
2962 9400
2969 24420
2970 4260
2974 3640
2976 4860
2980 30720
2986 75811
