0 0
517 43240
540 43240
557 16900
559 43240
580 16900
597 4040
599 16900
620 4040
637 4860
639 4040
660 4860
677 3960
679 4860
700 3960
717 9480
719 3960
740 9480
757 3640
759 9480
772 43240
780 3640
797 3340
799 3640
812 16900
820 3340
837 2500
839 3340
852 4040
860 2500
877 14200
879 2500
892 4860
900 14200
917 2680
919 14200
932 3960
940 2680
957 4400
959 2680
972 9480
980 4400
997 3660
999 4400
1012 3640
1020 3660
1037 25840
1039 3660
1052 3340
1060 25840
1077 5340
1079 25840
1092 2500
1100 5340
1117 6400
1119 5340
1132 14200
1140 6400
1157 3460
1159 6400
1172 2680
1180 3460
1197 21220
1199 3460
1212 4400
1220 21220
1237 4820
1239 21220
1252 3660
1260 4820
1277 4340
1279 4820
1292 25840
1300 4340
1317 2680
1319 4340
1332 5340
1340 2680
1357 23880
1359 2680
1372 6400
1380 23880
1397 3760
1399 23880
1412 3460
1420 3760
1437 4520
1439 3760
1452 21220
1460 4520
1477 4560
1479 4520
1492 4820
1500 4560
1517 22420
1519 4560
1532 4340
1540 22420
1557 4260
1559 22420
1572 2680
1580 4260
1597 2900
1599 4260
1612 23880
1620 2900
1637 2140
1639 2900
1652 3760
1660 2140
1677 6780
1679 2140
1692 4520
1700 6780
1717 3220
1719 6780
1732 4560
1740 3220
1757 3660
1759 3220
1772 22420
1780 3660
1797 85500
1799 3660
1812 4260
1820 85500
1837 28540
1839 85500
1852 2900
1860 28540
1877 6020
1879 28540
1892 2140
1900 6020
1917 8580
1919 6020
1932 6780
1940 8580
1957 5100
1959 8580
1972 3220
1980 5100
1997 16740
1999 5100
2003 43240
2005 43240
2012 3660
2020 16740
2037 5460
2039 16740
2043 16900
2045 16900
2052 85500
2060 5460
2077 5360
2079 5460
2083 4040
2085 4040
2092 28540
2100 5360
2117 3560
2119 5360
2123 4860
2125 4860
2132 6020
2140 3560
2157 19800
2159 3560
2163 3960
2165 3960
2172 8580
2180 19800
2197 4620
2199 19800
2203 9480
2205 9480
2212 5100
2220 4620
2233 43240
2237 6020
2239 4620
2243 3640
2245 3640
2252 16740
2260 6020
2273 16900
2277 47680
2279 6020
2283 3340
2285 3340
2292 5460
2300 4440
2313 4040
2317 41100
2319 4440
2323 2500
2325 2500
2332 5360
2340 24200
2353 4860
2357 8500
2359 24200
2363 14200
2365 14200
2372 3560
2380 4460
2393 3960
2397 12040
2399 4460
2403 2680
2405 2680
2412 19800
2420 7180
2433 9480
2437 10500
2439 7180
2443 4400
2445 4400
2452 4620
2460 6540
2473 3640
2477 33440
2479 6540
2483 3660
2485 3660
2492 6020
2500 23960
2513 3340
2517 10260
2519 23960
2523 25840
2525 25840
2532 4440
2540 6620
2553 2500
2557 9540
2559 6620
2563 5340
2565 5340
2572 24200
2580 6200
2593 14200
2597 6380
2599 6200
2603 6400
2605 6400
2612 4460
2620 3880
2633 2680
2637 43340
2639 3880
2643 3460
2644 43240
2645 3460
2652 7180
2660 29140
2673 4400
2677 8940
2679 29140
2683 21220
2684 16900
2685 21220
2692 6540
2700 6260
2713 3660
2717 12680
2719 6260
2723 4820
2724 4040
2725 4820
2732 23960
2740 8280
2753 25840
2757 9240
2759 8280
2763 4340
2764 4860
2765 4340
2772 6620
2780 5580
2793 5340
2797 50260
2799 5580
2803 2680
2804 3960
2805 2680
2812 6200
2820 24420
2833 6400
2837 11080
2839 24420
2843 23880
2844 9480
2845 23880
2852 3880
2860 5740
2873 3460
2877 13860
2879 5740
2883 3760
2884 3640
2885 3760
2892 29140
2900 7460
2913 21220
2917 8500
2919 7460
2923 4520
2924 3340
2925 4520
2932 6260
2940 5040
2953 4820
2957 30400
2959 5040
2963 4560
2964 2500
2965 4560
2972 8280
2980 9180
