0 0
113 43240
123 43240
153 16900
163 16900
192 43240
193 4040
203 4040
232 16900
233 4860
243 4860
272 4040
273 3960
283 3960
312 4860
313 9480
323 9480
352 3960
353 3640
359 43240
363 3640
392 9480
393 3340
399 16900
403 3340
432 3640
433 2500
439 4040
443 2500
452 43240
472 3340
473 14200
479 4860
483 14200
492 16900
512 2500
513 2680
519 3960
523 2680
532 4040
552 14200
553 4400
559 9480
563 4400
572 4860
592 2680
593 3660
599 3640
603 3660
612 3960
632 4400
633 25840
639 3340
643 25840
652 9480
672 3660
673 5340
679 2500
683 5340
692 3640
712 25840
713 6400
719 14200
723 6400
732 3340
752 5340
753 3460
759 2680
763 3460
772 2500
792 6400
793 21220
799 4400
803 21220
812 14200
832 3460
833 4820
839 3660
843 4820
852 2680
872 21220
873 4340
879 25840
883 4340
892 4400
912 4820
913 2680
919 5340
923 2680
932 3660
952 4340
953 23880
959 6400
963 23880
972 25840
992 2680
993 3760
999 3460
1003 3760
1012 5340
1032 23880
1033 4520
1039 21220
1043 4520
1052 6400
1072 3760
1073 4560
1079 4820
1083 4560
1092 3460
1112 4520
1113 22420
1119 4340
1123 22420
1132 21220
1152 4560
1153 4260
1159 2680
1163 4260
1172 4820
1192 22420
1193 2900
1199 23880
1203 2900
1212 4340
1232 4260
1233 2140
1239 3760
1243 2140
1252 2680
1272 2900
1273 6780
1279 4520
1283 6780
1292 23880
1312 2140
1313 3220
1319 4560
1323 3220
1332 3760
1347 43240
1352 6780
1353 3660
1359 22420
1363 3660
1372 4520
1387 16900
1389 43240
1392 3220
1393 85500
1399 4260
1403 85500
1412 4560
1427 4040
1429 16900
1432 3660
1433 28540
1439 2900
1443 28540
1452 22420
1467 4860
1469 4040
1472 85500
1473 6020
1479 2140
1483 6020
1492 4260
1507 3960
1509 4860
1512 28540
1513 8580
1519 6780
1523 8580
1532 2900
1547 9480
1549 3960
1552 6020
1553 5100
1559 3220
1563 5100
1572 2140
1575 43240
1587 3640
1589 9480
1592 8580
1593 16740
1599 3660
1603 16740
1612 6780
1615 16900
1627 3340
1629 3640
1632 5100
1633 5460
1639 85500
1643 5460
1652 3220
1655 4040
1667 2500
1669 3340
1672 16740
1673 5360
1679 28540
1683 5360
1692 3660
1695 4860
1707 14200
1709 2500
1712 5460
1713 3560
1719 6020
1723 3560
1732 85500
1735 3960
1747 2680
1749 14200
1752 5360
1753 19800
1759 8580
1763 19800
1772 28540
1775 9480
1787 4400
1789 2680
1792 3560
1793 4620
1799 5100
1803 4620
1812 6020
1815 3640
1827 3660
1829 4400
1832 19800
1833 6020
1839 16740
1843 6020
1852 8580
1855 3340
1867 25840
1869 3660
1872 4620
1873 4440
1879 5460
1883 4440
1892 5100
1895 2500
1907 5340
1909 25840
1912 6020
1913 24200
1919 5360
1923 24200
1932 16740
1935 14200
1947 6400
1949 5340
1952 4440
1953 4460
1959 3560
1963 4460
1972 5460
1975 2680
1987 3460
1989 6400
1992 24200
1993 7180
1999 19800
2003 7180
2012 5360
2015 4400
2027 21220
2029 3460
2032 4460
2033 6540
2039 4620
2043 6540
2052 3560
2055 3660
2067 4820
2069 21220
2072 7180
2073 23960
2079 6020
2083 23960
2092 19800
2095 25840
2107 4340
2109 4820
2112 6540
2113 6620
2119 4440
2123 6620
2132 4620
2135 5340
2147 2680
2149 4340
2152 23960
2153 6200
2159 24200
2163 6200
2172 6020
2175 6400
2187 23880
2189 2680
2192 6620
2193 3880
2199 4460
2203 3880
2212 4440
2215 3460
2227 3760
2229 23880
2232 6200
2233 29140
2239 7180
2243 29140
2252 24200
2255 21220
2267 4520
2269 3760
2272 3880
2273 6260
2279 6540
2283 6260
2292 4460
2295 4820
2307 4560
2309 4520
2312 29140
2313 8280
2319 23960
2323 8280
2329 43240
2332 7180
2335 4340
2347 22420
2349 4560
2352 6260
2353 5580
2359 6620
2363 5580
2369 16900
2372 6540
2375 2680
2387 4260
2389 22420
2392 8280
2393 24420
2399 6200
2403 24420
2409 4040
2412 23960
2415 23880
2427 2900
2429 4260
2432 5580
2433 5740
2439 3880
2443 5740
2449 4860
2452 6620
2455 3760
2467 2140
2469 2900
2472 24420
2473 7460
2479 29140
2483 7460
2489 3960
2492 6200
2495 4520
2507 6780
2509 2140
2512 5740
2513 5040
2519 6260
2523 5040
2529 9480
2532 3880
2535 4560
2537 43240
2547 3220
2549 6780
2552 7460
2553 9180
2559 8280
2563 9180
2569 3640
2572 29140
2575 22420
2577 16900
2587 3660
2589 3220
2592 5040
2593 5140
2599 5580
2603 5140
2609 3340
2612 6260
2615 4260
2617 4040
2627 85500
2629 3660
2632 9180
2633 6380
2639 24420
2643 6380
2649 2500
2652 8280
2655 2900
2657 4860
2667 28540
2669 85500
2672 5140
2673 114340
2679 5740
2683 114340
2689 14200
2692 5580
2695 2140
2697 3960
2707 6020
2709 28540
2712 6380
2713 26100
2719 7460
2723 26100
2729 2680
2732 24420
2735 6780
2737 9480
2747 8580
2749 6020
2752 114340
2753 6000
2759 5040
2763 6000
2769 4400
2772 5740
2775 3220
2777 3640
2787 5100
2789 8580
2792 26100
2793 9080
2799 9180
2803 9080
2809 3660
2812 7460
2815 3660
2817 3340
2827 16740
2829 5100
2832 6000
2833 5860
2839 5140
2843 5860
2849 25840
2852 5040
2855 85500
2857 2500
2867 5460
2869 16740
2872 9080
2873 23580
2879 6380
2883 23580
2889 5340
2891 43240
2892 9180
2895 28540
2897 14200
2907 5360
2909 5460
2912 5860
2913 6480
2919 114340
2923 6480
2929 6400
2931 16900
2932 5140
2935 6020
2937 2680
2947 3560
2949 5360
2952 23580
2953 9400
2959 26100
2963 9400
2969 3460
2971 4040
2972 6380
2975 8580
