0 0
213 43240
253 16900
293 4040
333 4860
373 3960
413 9480
453 3640
493 3340
533 2500
573 14200
613 2680
653 4400
693 3660
733 25840
773 5340
813 6400
853 3460
893 21220
933 4820
973 4340
1013 2680
1053 23880
1093 3760
1133 4520
1162 43240
1173 4560
1202 16900
1213 22420
1242 4040
1253 4260
1279 43240
1282 4860
1293 2900
1319 16900
1322 3960
1333 2140
1359 4040
1362 9480
1373 6780
1399 4860
1402 3640
1413 3220
1439 3960
1442 3340
1453 3660
1479 9480
1482 2500
1493 85500
1519 3640
1522 14200
1533 28540
1554 43240
1559 3340
1562 2680
1573 6020
1594 16900
1599 2500
1602 4400
1613 8580
1634 4040
1639 14200
1642 3660
1653 48340
1674 4860
1679 2680
1682 25840
1693 33640
1714 3960
1719 4400
1722 5340
1733 9500
1754 9480
1759 3660
1762 6400
1773 10220
1787 43240
1794 3640
1799 25840
1802 3460
1813 7520
1827 16900
1834 3340
1839 5340
1842 21220
1853 29280
1867 4040
1874 2500
1879 6400
1882 4820
1893 8260
1907 4860
1914 14200
1919 3460
1922 4340
1933 9360
1947 3960
1954 2680
1959 21220
1962 2680
1973 6940
1987 9480
1994 4400
1999 4820
2002 23880
2013 38400
2027 3640
2034 3660
2039 4340
2042 3760
2053 7140
2067 3340
2074 25840
2079 2680
2082 4520
2093 11580
2107 2500
2114 5340
2119 23880
2122 4560
2133 10200
2147 14200
2154 6400
2159 3760
2162 22420
2173 49800
2187 2680
2194 3460
2199 4520
2202 4260
2213 11960
2227 4400
2234 21220
2239 4560
2242 2900
2253 12600
2267 3660
2274 4820
2279 22420
2282 2140
2290 43240
2293 7340
2307 25840
2314 4340
2319 4260
2322 6780
2330 16900
2333 50360
2347 5340
2354 2680
2359 2900
2362 3220
2370 4040
2373 11080
2387 6400
2394 23880
2399 2140
2402 3660
2410 4860
2413 12620
2427 3460
2434 3760
2439 6780
2442 85500
2450 3960
2453 8260
2467 21220
2474 4520
2479 3220
2482 28540
2490 9480
2493 48300
2507 4820
2514 4560
2519 3660
2522 6020
2526 43240
2530 3640
2533 9500
2547 4340
2554 22420
2559 85500
2562 8580
2566 16900
2570 3340
2573 11980
2587 2680
2594 4260
2599 28540
2602 5100
2606 4040
2610 2500
2613 9600
2627 23880
2634 2900
2639 6020
2642 16740
2646 4860
2650 14200
2653 31600
2667 3760
2674 2140
2679 8580
2682 5460
2686 3960
2690 2680
2693 9400
2707 4520
2714 6780
2719 5100
2722 5360
2726 9480
2730 4400
2733 9280
2747 4560
2754 3220
2759 16740
2762 3560
2766 3640
2770 3660
2773 116480
2787 22420
2794 3660
2799 5460
2802 19800
2804 43240
2806 3340
2810 25840
2813 32880
2827 4260
2834 85500
2839 5360
2842 4620
2844 16900
2846 2500
2850 5340
2853 9220
2867 2900
2874 28540
2879 3560
2882 6020
2884 4040
2886 14200
2890 6400
2893 12740
2907 2140
2914 6020
2918 43240
2919 19800
2922 4440
2924 4860
2926 2680
2930 3460
2933 91360
2947 6780
2954 8580
2958 16900
2959 4620
2962 24200
2964 3960
2966 4400
2970 21220
2973 52120
2987 966
