0 0
316 43240
356 16900
395 43240
396 4040
435 16900
436 4860
475 4040
476 3960
515 4860
516 9480
555 3960
556 3640
595 9480
596 3340
635 3640
636 2500
675 3340
676 14200
715 2500
716 2680
755 14200
756 4400
795 2680
796 3660
835 4400
836 25840
875 3660
876 5340
898 43240
915 25840
916 6400
938 16900
955 5340
956 3460
978 4040
995 6400
996 21220
1018 4860
1035 3460
1036 4820
1058 3960
1075 21220
1076 4340
1098 9480
1115 4820
1116 2680
1124 43240
1138 3640
1155 4340
1156 23880
1164 16900
1178 3340
1195 2680
1196 3760
1204 4040
1218 2500
1235 23880
1236 4520
1244 4860
1245 43240
1258 14200
1275 3760
1276 4560
1284 3960
1285 16900
1298 2680
1315 4520
1316 22420
1324 9480
1325 4040
1338 4400
1355 4560
1356 4260
1364 3640
1365 4860
1378 3660
1380 43240
1395 22420
1396 2900
1404 3340
1405 3960
1418 25840
1420 16900
1435 4260
1436 2140
1444 2500
1445 9480
1458 5340
1460 4040
1475 2900
1476 6780
1484 14200
1485 3640
1498 6400
1500 4860
1515 2140
1516 3220
1524 2680
1525 3340
1538 3460
1540 3960
1555 6780
1556 3660
1564 4400
1565 2500
1578 21220
1580 9480
1595 3220
1596 85500
1604 3660
1605 14200
1618 4820
1620 3640
1635 3660
1636 28540
1644 25840
1645 2680
1658 4340
1660 3340
1675 85500
1676 6020
1684 5340
1685 4400
1698 2680
1700 2500
1715 28540
1716 8580
1724 6400
1725 3660
1738 23880
1740 14200
1755 6020
1756 5100
1764 3460
1765 25840
1778 3760
1780 2680
1795 8580
1796 16740
1804 21220
1805 5340
1818 4520
1820 4400
1835 5100
1836 5460
1844 4820
1845 6400
1858 4560
1860 3660
1875 16740
1876 5360
1884 4340
1885 3460
1898 22420
1900 25840
1915 5460
1916 3560
1924 2680
1925 21220
1938 4260
1940 5340
1955 5360
1956 19800
1964 23880
1965 4820
1978 2900
1980 6400
1995 3560
1996 4620
2004 3760
2005 4340
2018 2140
2020 3460
2035 19800
2036 6020
2044 4520
2045 2680
2058 6780
2060 21220
2075 4620
2076 4440
2084 4560
2085 23880
2098 3220
2100 4820
2115 6020
2116 24200
2124 22420
2125 3760
2138 3660
2140 4340
2155 4440
2156 4460
2164 4260
2165 4520
2178 85500
2180 2680
2195 24200
2196 7180
2204 2900
2205 4560
2218 28540
2220 23880
2235 4460
2236 6540
2244 2140
2245 22420
2258 6020
2260 3760
2275 7180
2276 23960
2284 6780
2285 4260
2298 8580
2300 4520
2315 6540
2316 6620
2324 3220
2325 2900
2338 5100
2340 4560
2355 23960
2356 6200
2364 3660
2365 2140
2378 16740
2380 22420
2395 6620
2396 3880
2404 85500
2405 6780
2411 43240
2418 5460
2420 4260
2435 6200
2436 29140
2444 28540
2445 3220
2451 16900
2458 5360
2460 2900
2469 43240
2475 3880
2476 6260
2484 6020
2485 3660
2491 4040
2498 3560
2500 2140
2509 16900
2515 29140
2516 8280
2524 8580
2525 85500
2531 4860
2538 19800
2540 6780
2549 4040
2555 6260
2556 5580
2564 5100
2565 28540
2571 3960
2578 4620
2580 3220
2589 4860
2595 8280
2596 24420
2604 16740
2605 6020
2611 9480
2618 6020
2620 3660
2629 3960
2635 5580
2636 5740
2644 5460
2645 8580
2651 3640
2658 4440
2660 85500
2669 9480
2675 24420
2676 7460
2684 5360
2685 5100
2691 3340
2698 24200
2700 28540
2709 3640
2715 5740
2716 5040
2724 3560
2725 16740
2731 2500
2738 4460
2740 6020
2749 3340
2755 7460
2756 9180
2764 19800
2765 5460
2771 14200
2778 7180
2780 8580
2789 2500
2795 5040
2796 5140
2804 4620
2805 5360
2811 2680
2817 43240
2818 6540
2820 5100
2829 14200
2835 9180
2836 6380
2844 49260
2845 3560
2851 4400
2857 16900
2858 23960
2860 16740
2869 2680
2875 5140
2876 114340
2884 21340
2885 19800
2891 3660
2897 4040
2898 6620
2900 5460
2909 4400
2915 6380
2916 26100
2924 28240
2925 4620
2931 25840
2937 4860
2938 6200
2940 5360
2949 3660
2955 114340
2956 6000
2964 9320
2965 6020
2971 5340
2977 3960
