0 0
620 43240
660 16900
682 43240
700 4040
722 16900
740 4860
741 43240
762 4040
780 3960
781 16900
802 4860
820 9480
821 4040
842 3960
860 3640
861 4860
876 43240
882 9480
900 3340
901 3960
916 16900
922 3640
940 2500
941 9480
956 4040
962 3340
980 14200
981 3640
996 4860
1002 2500
1020 2680
1021 3340
1036 3960
1042 14200
1060 4400
1061 2500
1076 9480
1082 2680
1100 3660
1101 14200
1116 3640
1122 4400
1140 25840
1141 2680
1156 3340
1162 3660
1180 5340
1181 4400
1196 2500
1202 25840
1220 6400
1221 3660
1236 14200
1242 5340
1260 3460
1261 25840
1276 2680
1277 43240
1282 6400
1300 21220
1301 5340
1316 4400
1317 16900
1322 3460
1340 4820
1341 6400
1356 3660
1357 4040
1362 21220
1380 4340
1381 3460
1396 25840
1397 4860
1402 4820
1420 2680
1421 21220
1436 5340
1437 3960
1442 4340
1460 23880
1461 4820
1476 6400
1477 9480
1482 2680
1500 3760
1501 4340
1516 3460
1517 3640
1522 23880
1540 4520
1541 2680
1556 21220
1557 3340
1562 3760
1580 4560
1581 23880
1596 4820
1597 2500
1602 4520
1620 22420
1621 3760
1636 4340
1637 14200
1642 4560
1660 4260
1661 4520
1676 2680
1677 2680
1682 22420
1700 2900
1701 4560
1716 23880
1717 4400
1722 4260
1740 2140
1741 22420
1756 3760
1757 3660
1762 2900
1780 6780
1781 4260
1796 4520
1797 25840
1802 2140
1820 3220
1821 2900
1836 4560
1837 5340
1842 6780
1860 3660
1861 2140
1876 22420
1877 6400
1882 3220
1900 85500
1901 6780
1916 4260
1917 3460
1922 3660
1940 28540
1941 3220
1956 2900
1957 21220
1962 85500
1980 6020
1981 3660
1996 2140
1997 4820
2002 28540
2020 8580
2021 85500
2036 6780
2037 4340
2042 6020
2060 5100
2061 28540
2076 3220
2077 2680
2082 8580
2100 16740
2101 6020
2116 3660
2117 23880
2122 5100
2140 5460
2141 8580
2156 128740
2157 3760
2162 16740
2180 5360
2181 5100
2196 45440
2197 4520
2202 5460
2220 3560
2221 16740
2236 10060
2237 4560
2242 5360
2260 19800
2261 5460
2276 13440
2277 22420
2282 3560
2300 4620
2301 5360
2316 9060
2317 4260
2321 43240
2322 19800
2340 6020
2341 3560
2356 26220
2357 2900
2361 16900
2362 4620
2380 4440
2381 19800
2396 9100
2397 2140
2401 4040
2402 6020
2420 24200
2421 4620
2436 8700
2437 6780
2441 4860
2442 4440
2460 4460
2461 6020
2476 6060
2477 3220
2481 3960
2482 24200
2500 7180
2501 4440
2516 34000
2517 3660
2521 9480
2522 4460
2540 6540
2541 24200
2546 43240
2556 7300
2557 85500
2561 3640
2562 7180
2580 23960
2581 4460
2586 16900
2596 10420
2597 28540
2601 3340
2602 6540
2620 6620
2621 7180
2626 4040
2636 8100
2637 6020
2641 2500
2642 23960
2660 6200
2661 6540
2666 4860
2676 50040
2677 8580
2681 14200
2682 6620
2700 3880
2701 23960
2706 3960
2716 9800
2717 5100
2721 2680
2722 6200
2740 29140
2741 6620
2746 9480
2756 13580
2757 16740
2761 4400
2762 3880
2780 6260
2781 6200
2786 3640
2796 10000
2797 5460
2801 3660
2802 29140
2820 8280
2821 3880
2826 3340
2836 45180
2837 5360
2841 25840
2842 6260
2860 5580
2861 29140
2866 2500
2876 11440
2877 3560
2881 5340
2882 8280
2900 24420
2901 6260
2906 14200
2910 43240
2916 10540
2917 19800
2921 6400
2922 5580
2927 43240
2940 5740
2941 8280
2946 2680
2950 16900
2956 6560
2957 4620
2961 3460
2962 24420
2967 16900
2980 7460
2981 5580
2986 4400
2990 4040
2996 23880
