0 0
299 43240
339 16900
379 4040
419 4860
459 3960
499 9480
539 3640
579 3340
619 2500
659 14200
699 2680
709 43240
739 4400
749 16900
775 43240
779 3660
789 4040
815 16900
819 25840
829 4860
855 4040
859 5340
869 3960
895 4860
899 6400
909 9480
935 3960
939 3460
949 3640
975 9480
979 21220
989 3340
1015 3640
1019 4820
1029 2500
1055 3340
1059 4340
1069 14200
1095 2500
1099 2680
1109 2680
1135 14200
1139 23880
1149 4400
1175 2680
1179 3760
1189 3660
1215 4400
1219 4520
1229 25840
1255 3660
1259 47800
1269 5340
1295 25840
1299 39320
1309 6400
1335 5340
1339 8300
1349 3460
1375 6400
1379 7760
1389 21220
1415 3460
1419 6100
1429 4820
1455 21220
1459 16260
1469 4340
1495 4820
1499 6860
1507 43240
1509 2680
1535 4340
1539 7000
1547 16900
1549 23880
1575 2680
1579 88000
1582 43240
1587 4040
1589 3760
1615 23880
1619 42740
1622 16900
1627 4860
1629 4520
1655 3760
1659 8700
1662 4040
1667 3960
1669 4560
1695 4520
1699 12980
1702 4860
1707 9480
1709 22420
1735 4560
1739 8760
1742 3960
1747 3640
1749 4260
1775 22420
1779 42580
1782 9480
1787 3340
1789 2900
1815 4260
1819 10800
1822 3640
1827 2500
1829 2140
1855 2900
1859 11760
1862 3340
1867 14200
1869 6780
1895 2140
1899 7020
1902 2500
1907 2680
1909 3220
1935 6780
1939 41020
1942 14200
1947 4400
1949 3660
1968 43240
1975 3220
1979 9440
1982 2680
1987 3660
1989 85500
2008 16900
2015 3660
2019 10360
2022 4400
2027 25840
2029 28540
2048 4040
2055 85500
2059 7120
2062 3660
2067 5340
2069 6020
2088 4860
2095 28540
2099 48080
2102 25840
2107 6400
2109 8580
2128 3960
2132 43240
2135 6020
2139 8220
2142 5340
2147 3460
2149 5100
2168 9480
2172 16900
2175 8580
2179 11700
2182 6400
2187 21220
2189 16740
2208 3640
2212 4040
2215 5100
2219 11100
2222 3460
2227 4820
2229 5460
2248 3340
2252 4860
2255 16740
2259 46380
2262 21220
2267 4340
2269 5360
2288 2500
2292 3960
2295 5460
2299 10880
2302 4820
2307 2680
2309 3560
2328 14200
2332 9480
2335 5360
2339 9100
2342 4340
2347 23880
2349 19800
2368 2680
2372 3640
2375 3560
2379 6020
2382 2680
2387 3760
2389 4620
2408 4400
2412 3340
2415 19800
2419 35920
2422 23880
2427 4520
2429 6020
2448 3660
2452 2500
2455 4620
2459 9480
2462 3760
2467 4560
2469 4440
2488 25840
2492 14200
2495 6020
2499 11940
2502 4520
2507 22420
2509 24200
2528 5340
2532 2680
2535 4440
2539 91080
2542 4560
2547 4260
2549 4460
2556 43240
2568 6400
2572 4400
2575 24200
2579 52960
2582 22420
2587 2900
2589 7180
2596 16900
2608 3460
2612 3660
2615 4460
2619 11760
2622 4260
2627 2140
2629 6540
2636 4040
2648 21220
2652 25840
2655 7180
2659 16040
2662 2900
2667 6780
2669 23960
2676 4860
2687 43240
2688 4820
2692 5340
2695 6540
2699 10140
2702 2140
2707 3220
2709 6620
2716 3960
2727 16900
2728 4340
2732 6400
2735 23960
2739 25920
2742 6780
2747 3660
2749 6200
2756 9480
2767 4040
2768 2680
2772 3460
2775 6620
2779 10600
2782 3220
2787 85500
2789 3880
2796 3640
2807 4860
2808 23880
2812 21220
2815 6200
2819 11740
2822 3660
2827 71780
2829 29140
2836 3340
2838 43240
2847 3960
2848 3760
2852 4820
2855 3880
2859 117900
2862 85500
2867 22920
2869 6260
2876 2500
2878 16900
2887 9480
2888 4520
2892 4340
2895 29140
2899 45900
2902 28540
2907 12620
2909 8280
2916 14200
2918 4040
2927 3640
2928 4560
2932 2680
2935 6260
2939 10620
2942 6020
2947 9960
2949 5580
2956 2680
2958 4860
2967 3340
2968 22420
2972 23880
2975 8280
2979 15100
2982 8580
