0 0
266 43240
306 16900
346 4040
349 43240
386 4860
389 16900
408 43240
426 3960
429 4040
448 16900
466 9480
469 4860
488 4040
492 43240
506 3640
509 3960
528 4860
532 16900
546 3340
549 9480
568 3960
572 4040
586 2500
589 3640
608 9480
612 4860
626 14200
629 3340
648 3640
652 3960
666 2680
669 2500
688 3340
692 9480
706 4400
709 14200
728 2500
732 3640
746 3660
749 2680
768 14200
772 3340
786 25840
789 4400
808 2680
812 2500
826 5340
829 3660
848 4400
852 14200
866 6400
869 25840
888 3660
892 2680
906 3460
909 5340
928 25840
932 4400
946 21220
949 6400
964 43240
968 5340
972 3660
986 4820
989 3460
1004 16900
1008 6400
1012 25840
1026 4340
1029 21220
1044 4040
1048 3460
1052 5340
1066 2680
1069 4820
1084 4860
1088 21220
1092 6400
1106 23880
1109 4340
1124 3960
1128 4820
1132 3460
1146 3760
1149 2680
1164 9480
1168 4340
1172 21220
1186 4520
1189 23880
1204 3640
1208 2680
1212 4820
1226 4560
1229 3760
1244 3340
1248 23880
1252 4340
1266 22420
1269 4520
1284 2500
1288 3760
1292 2680
1306 4260
1309 4560
1324 14200
1328 4520
1332 23880
1346 2900
1349 22420
1364 2680
1368 4560
1372 3760
1386 2140
1389 4260
1404 4400
1408 22420
1412 4520
1426 6780
1429 2900
1444 3660
1448 4260
1452 4560
1466 3220
1469 2140
1479 43240
1484 25840
1488 2900
1492 22420
1506 3660
1509 6780
1519 16900
1524 5340
1528 2140
1532 4260
1546 85500
1549 3220
1559 4040
1564 6400
1568 6780
1572 2900
1586 28540
1589 3660
1599 4860
1604 3460
1608 3220
1612 2140
1626 6020
1629 85500
1639 3960
1644 21220
1648 3660
1652 6780
1666 8580
1669 28540
1679 9480
1684 4820
1688 85500
1692 3220
1706 5100
1709 6020
1719 3640
1724 4340
1728 28540
1732 3660
1746 16740
1749 8580
1759 3340
1764 2680
1768 6020
1772 85500
1786 5460
1789 5100
1799 2500
1804 23880
1808 8580
1812 28540
1826 5360
1829 16740
1839 14200
1844 3760
1848 5100
1852 6020
1866 3560
1869 5460
1879 2680
1884 4520
1888 16740
1892 8580
1906 19800
1909 5360
1919 4400
1922 43240
1924 4560
1928 5460
1932 5100
1946 4620
1949 3560
1959 3660
1962 16900
1964 22420
1968 5360
1972 16740
1986 6020
1989 19800
1999 25840
2002 4040
2004 4260
2008 3560
2012 5460
2026 4440
2029 4620
2039 5340
2042 4860
2044 2900
2048 19800
2052 5360
2066 24200
2069 6020
2079 6400
2082 3960
2084 2140
2088 4620
2092 3560
2106 4460
2109 4440
2119 3460
2122 9480
2124 6780
2128 6020
2132 19800
2146 7180
2149 24200
2159 21220
2162 3640
2164 3220
2168 4440
2172 4620
2186 6540
2189 4460
2199 4820
2202 3340
2204 3660
2208 24200
2212 6020
2226 23960
2229 7180
2239 4340
2242 2500
2244 85500
2248 4460
2252 4440
2266 6620
2269 6540
2279 2680
2282 14200
2284 28540
2288 7180
2292 24200
2306 6200
2309 23960
2319 23880
2322 2680
2324 6020
2328 6540
2332 4460
2346 3880
2349 6620
2359 3760
2362 4400
2364 8580
2368 23960
2372 7180
2386 29140
2389 6200
2399 4520
2402 3660
2404 5100
2408 6620
2412 6540
2426 6260
2429 3880
2439 4560
2442 25840
2444 16740
2448 6200
2452 23960
2466 8280
2469 29140
2479 22420
2482 5340
2484 5460
2488 3880
2492 6620
2506 5580
2509 6260
2519 4260
2522 6400
2524 5360
2528 29140
2532 6200
2546 24420
2549 8280
2559 2900
2562 3460
2564 3560
2568 6260
2572 3880
2586 5740
2589 5580
2599 2140
2602 21220
2604 19800
2608 8280
2612 29140
2626 7460
2629 24420
2639 6780
2642 4820
2644 4620
2648 5580
2652 6260
2666 5040
2669 5740
2679 3220
2682 4340
2684 6020
2688 24420
2692 8280
2706 9180
2709 7460
2719 3660
2722 2680
2724 4440
2728 5740
2732 5580
2746 5140
2749 5040
2759 85500
2762 23880
2764 24200
2768 7460
2772 24420
2786 6380
2789 9180
2799 28540
2802 3760
2804 4460
2808 5040
2812 5740
2826 114340
2829 5140
2839 6020
2842 4520
2844 7180
2848 9180
2852 7460
2866 26100
2869 6380
2874 43240
2879 8580
2881 43240
2882 4560
2884 6540
2888 5140
2892 5040
2906 6000
2909 114340
2914 16900
2919 5100
2921 16900
2922 22420
2924 23960
2928 6380
2932 9180
2946 9080
2949 26100
2954 4040
2959 16740
2961 4040
2962 4260
2964 6620
2968 114340
2972 5140
2986 5860
