0 0
143 43240
183 16900
223 4040
249 43240
263 4860
289 16900
296 43240
303 3960
329 4040
336 16900
343 9480
369 4860
376 4040
383 3640
409 3960
416 4860
423 3340
449 9480
456 3960
463 2500
489 3640
496 9480
503 14200
529 3340
536 3640
543 2680
569 2500
576 3340
583 4400
609 14200
616 2500
623 3660
649 2680
656 14200
663 25840
675 43240
689 4400
696 2680
703 5340
715 16900
729 3660
736 4400
743 6400
755 4040
769 25840
776 3660
782 43240
783 3460
795 4860
809 5340
816 25840
820 43240
822 16900
823 21220
835 3960
849 6400
856 5340
860 16900
862 4040
863 4820
875 9480
889 3460
896 6400
900 4040
902 4860
903 4340
915 3640
929 21220
936 3460
940 4860
942 3960
943 2680
955 3340
969 4820
976 21220
980 3960
982 9480
983 23880
995 2500
1009 4340
1016 4820
1020 9480
1022 3640
1023 3760
1035 14200
1049 2680
1056 4340
1060 3640
1062 3340
1063 4520
1075 2680
1089 23880
1096 2680
1100 3340
1102 2500
1103 4560
1115 4400
1129 3760
1136 23880
1140 2500
1142 14200
1143 22420
1155 3660
1169 4520
1176 3760
1180 14200
1182 2680
1183 4260
1195 25840
1209 4560
1216 4520
1220 2680
1222 4400
1223 2900
1235 5340
1249 22420
1256 4560
1260 4400
1262 3660
1263 2140
1275 6400
1289 4260
1296 22420
1300 3660
1302 25840
1303 6780
1315 3460
1329 2900
1336 4260
1340 25840
1342 5340
1343 3220
1355 21220
1369 2140
1376 2900
1380 5340
1382 6400
1383 3660
1395 4820
1409 6780
1416 2140
1420 6400
1422 3460
1423 85500
1435 4340
1449 3220
1456 6780
1460 3460
1462 21220
1463 28540
1475 2680
1489 3660
1496 3220
1500 21220
1502 4820
1503 6020
1515 23880
1529 85500
1536 3660
1540 4820
1542 4340
1543 8580
1553 43240
1555 3760
1569 28540
1576 85500
1580 4340
1582 2680
1583 5100
1593 16900
1595 4520
1609 6020
1616 28540
1620 2680
1622 23880
1623 16740
1633 4040
1635 4560
1649 8580
1656 6020
1660 23880
1662 3760
1663 5460
1667 43240
1673 4860
1675 22420
1689 5100
1696 8580
1700 3760
1702 4520
1703 5360
1707 16900
1713 3960
1715 4260
1729 16740
1736 5100
1740 4520
1742 4560
1743 3560
1747 4040
1753 9480
1755 2900
1769 5460
1776 16740
1780 4560
1782 22420
1783 19800
1787 4860
1793 3640
1795 2140
1809 5360
1816 5460
1820 22420
1822 4260
1823 4620
1827 3960
1833 3340
1835 6780
1849 3560
1856 5360
1860 4260
1862 2900
1863 6020
1867 9480
1873 2500
1875 3220
1889 19800
1896 3560
1900 2900
1902 2140
1903 4440
1907 3640
1913 14200
1915 3660
1929 4620
1936 19800
1940 2140
1942 6780
1943 24200
1947 3340
1953 2680
1955 85500
1969 6020
1976 4620
1980 6780
1982 3220
1983 4460
1987 2500
1993 4400
1995 28540
2009 4440
2016 6020
2020 3220
2022 3660
2023 7180
2027 14200
2033 3660
2035 6020
2049 24200
2056 4440
2060 3660
2062 85500
2063 6540
2067 2680
2073 25840
2075 8580
2089 4460
2096 24200
2100 85500
2102 28540
2103 23960
2107 4400
2113 5340
2115 5100
2129 7180
2136 4460
2140 28540
2142 6020
2143 6620
2147 3660
2153 6400
2155 16740
2169 6540
2176 7180
2180 6020
2182 8580
2183 6200
2187 69080
2193 3460
2195 5460
2199 43240
2209 23960
2216 6540
2220 8580
2222 5100
2223 3880
2227 22240
2233 21220
2235 5360
2239 16900
2249 6620
2256 23960
2260 5100
2262 16740
2263 29140
2267 10440
2273 4820
2275 3560
2279 4040
2289 6200
2296 6620
2300 16740
2302 5460
2303 6260
2307 8320
2313 4340
2315 19800
2319 4860
2329 3880
2336 6200
2340 5460
2342 5360
2343 8280
2347 25180
2353 2680
2355 4620
2359 3960
2369 29140
2376 3880
2380 5360
2382 3560
2383 5580
2387 14300
2393 23880
2395 6020
2399 9480
2409 6260
2416 29140
2420 3560
2422 19800
2423 24420
2427 7980
2433 3760
2435 4440
2439 3640
2449 8280
2456 6260
2460 19800
2462 4620
2463 5740
2467 6020
2473 4520
2475 24200
2479 3340
2489 5580
2496 8280
2500 4620
2502 6020
2503 7460
2507 26380
2513 4560
2515 4460
2519 2500
2529 24420
2536 5580
2540 6020
2542 4440
2543 5040
2547 17960
2553 22420
2555 7180
2559 14200
2569 5740
2576 24420
2580 4440
2582 24200
2583 9180
2587 7200
2593 4260
2595 6540
2599 2680
2600 43240
2609 7460
2616 5740
2620 24200
2622 4460
2623 5140
2627 8960
2633 2900
2635 23960
2639 4400
2640 16900
2649 5040
2656 7460
2660 4460
2662 7180
2663 6380
2667 26080
2673 2140
2675 6620
2679 3660
2680 4040
2689 9180
2696 5040
2700 7180
2702 6540
2703 114340
2707 30100
2713 6780
2715 6200
2719 25840
2720 4860
2729 5140
2736 9180
2740 6540
2742 23960
2743 26100
2744 43240
2747 8240
2753 3220
2755 3880
2759 5340
2760 47200
2769 6380
2776 5140
2780 23960
2782 6620
2783 6000
2784 16900
2787 8540
2793 3660
2795 29140
2799 6400
2800 26380
2809 114340
2816 6380
2820 6620
2822 6200
2823 9080
2824 4040
2827 10240
2833 85500
2835 6260
2839 3460
2840 7680
2849 26100
2856 114340
2860 6200
2862 3880
2863 5860
2864 4860
2867 24440
2873 28540
2875 8280
2879 21220
2880 8200
2889 6000
2896 26100
2900 3880
2902 29140
2903 23580
2904 3960
2907 8480
2913 6020
2915 5580
2919 4820
2920 6460
2929 9080
2936 6000
2940 29140
2942 6260
2943 6480
2944 9480
2947 89840
2953 8580
2955 24420
2959 4340
2960 23680
2969 5860
2976 9080
2980 6260
2982 8280
2983 9400
2984 3640
2987 31220
2993 5100
2995 4592
