0 0
520 43240
560 16900
600 4040
640 4860
680 3960
720 9480
760 3640
800 3340
840 2500
880 14200
920 2680
954 43240
960 4400
994 16900
1000 3660
1034 4040
1040 25840
1042 43240
1074 4860
1080 5340
1082 16900
1102 43240
1114 3960
1120 6400
1122 4040
1142 16900
1154 9480
1157 43240
1160 3460
1162 4860
1182 4040
1194 3640
1197 16900
1200 21220
1202 3960
1222 4860
1234 3340
1237 4040
1240 4820
1242 9480
1262 3960
1274 2500
1277 4860
1280 4340
1282 3640
1302 9480
1314 14200
1317 3960
1320 2680
1322 3340
1342 3640
1354 2680
1357 9480
1360 23880
1362 2500
1382 3340
1394 4400
1397 3640
1400 3760
1402 14200
1422 2500
1434 3660
1437 3340
1440 4520
1442 2680
1462 14200
1474 25840
1477 2500
1480 4560
1482 4400
1502 2680
1514 5340
1517 14200
1520 22420
1522 3660
1542 4400
1554 6400
1557 2680
1560 4260
1562 25840
1582 3660
1594 3460
1597 4400
1600 2900
1602 5340
1622 25840
1634 21220
1637 3660
1640 2140
1642 6400
1643 43240
1662 5340
1674 4820
1677 25840
1680 6780
1682 3460
1683 16900
1702 6400
1714 4340
1717 5340
1720 3220
1722 21220
1723 4040
1742 3460
1754 2680
1757 6400
1760 3660
1762 4820
1763 4860
1782 21220
1794 23880
1797 3460
1800 85500
1802 4340
1803 3960
1822 4820
1834 3760
1837 21220
1840 28540
1842 2680
1843 9480
1862 4340
1874 4520
1877 4820
1880 6020
1882 23880
1883 3640
1902 2680
1914 4560
1917 4340
1920 8580
1922 3760
1923 3340
1942 23880
1954 22420
1957 2680
1960 5100
1962 4520
1963 2500
1969 43240
1982 3760
1994 4260
1997 23880
2000 16740
2002 4560
2003 14200
2009 16900
2022 4520
2034 2900
2037 3760
2040 5460
2042 22420
2043 2680
2049 4040
2062 4560
2074 2140
2077 4520
2080 5360
2082 4260
2083 4400
2089 4860
2102 22420
2114 6780
2117 4560
2120 3560
2122 2900
2123 3660
2129 3960
2142 4260
2154 3220
2157 22420
2160 19800
2162 2140
2163 25840
2169 9480
2182 2900
2194 3660
2197 4260
2200 4620
2202 6780
2203 5340
2209 3640
2222 2140
2234 85500
2237 2900
2240 6020
2242 3220
2243 6400
2249 3340
2262 6780
2274 28540
2277 2140
2280 4440
2282 3660
2283 3460
2289 2500
2302 3220
2314 6020
2317 6780
2320 24200
2322 85500
2323 21220
2329 14200
2336 43240
2342 3660
2354 8580
2357 3220
2360 4460
2362 28540
2363 4820
2369 2680
2376 16900
2382 85500
2394 5100
2397 3660
2400 7180
2402 6020
2403 4340
2409 4400
2416 4040
2422 28540
2434 16740
2437 85500
2440 6540
2442 8580
2443 2680
2449 3660
2456 4860
2462 6020
2474 5460
2477 28540
2480 23960
2482 5100
2483 23880
2489 25840
2496 3960
2502 8580
2514 5360
2517 6020
2520 6620
2522 16740
2523 3760
2529 5340
2536 9480
2542 5100
2547 43240
2554 3560
2557 8580
2560 6200
2562 5460
2563 4520
2569 6400
2576 3640
2582 16740
2587 16900
2594 19800
2597 5100
2600 3880
2602 5360
2603 4560
2609 3460
2616 3340
2622 5460
2627 4040
2634 4620
2637 16740
2640 29140
2642 3560
2643 22420
2649 21220
2656 2500
2662 5360
2667 4860
2674 6020
2677 5460
2680 6260
2682 19800
2683 4260
2689 4820
2696 14200
2702 3560
2707 3960
2714 4440
2717 5360
2720 8280
2722 4620
2723 2900
2729 4340
2736 2680
2742 19800
2747 9480
2754 24200
2757 3560
2760 5580
2762 6020
2763 2140
2769 2680
2776 4400
2782 4620
2787 3640
2794 4460
2797 19800
2800 24420
2802 4440
2803 6780
2809 23880
2816 3660
2822 6020
2827 3340
2834 7180
2837 4620
2840 5740
2842 24200
2843 3220
2849 3760
2856 25840
2862 4440
2867 2500
2874 6540
2877 6020
2880 7460
2882 4460
2883 3660
2889 4520
2896 5340
2902 24200
2904 43240
2907 14200
2914 23960
2917 4440
2920 5040
2922 7180
2923 85500
2929 4560
2936 6400
2942 4460
2944 16900
2947 2680
2954 6620
2957 24200
2960 9180
2962 6540
2963 28540
2969 22420
2976 2595
