0 0
212 43240
252 16900
292 4040
332 4860
372 3960
410 43240
412 9480
450 16900
452 3640
490 4040
492 3340
530 4860
531 43240
532 2500
570 3960
571 16900
572 14200
601 43240
610 9480
611 4040
612 2680
641 16900
650 3640
651 4860
652 4400
681 4040
690 3340
691 3960
692 3660
721 4860
730 2500
731 9480
732 25840
761 3960
770 14200
771 3640
772 5340
801 9480
810 2680
811 3340
812 6400
841 3640
850 4400
851 2500
852 3460
881 3340
890 3660
891 14200
892 21220
921 2500
930 25840
931 2680
932 4820
961 14200
970 5340
971 4400
972 4340
1001 2680
1010 6400
1011 3660
1012 2680
1041 4400
1050 3460
1051 25840
1052 23880
1081 3660
1090 21220
1091 5340
1092 3760
1098 43240
1121 25840
1130 4820
1131 6400
1132 4520
1138 16900
1161 5340
1170 4340
1171 3460
1172 4560
1178 4040
1201 6400
1210 2680
1211 21220
1212 22420
1218 4860
1235 43240
1241 3460
1250 23880
1251 4820
1252 4260
1258 3960
1275 16900
1281 21220
1290 3760
1291 4340
1292 2900
1298 9480
1315 4040
1321 4820
1330 4520
1331 2680
1332 2140
1338 3640
1355 4860
1361 4340
1370 4560
1371 23880
1372 6780
1378 3340
1395 3960
1401 2680
1410 22420
1411 3760
1412 3220
1418 2500
1435 9480
1441 23880
1450 4260
1451 4520
1452 3660
1458 14200
1475 3640
1481 3760
1490 2900
1491 4560
1492 85500
1498 2680
1515 3340
1521 4520
1530 2140
1531 22420
1532 28540
1538 4400
1555 2500
1561 4560
1570 6780
1571 4260
1572 6020
1578 3660
1595 14200
1601 22420
1610 3220
1611 2900
1612 8580
1618 25840
1635 2680
1641 4260
1650 3660
1651 2140
1652 5100
1658 5340
1675 4400
1681 2900
1690 85500
1691 6780
1692 16740
1698 6400
1715 3660
1721 2140
1730 28540
1731 3220
1732 5460
1738 3460
1755 25840
1761 6780
1770 6020
1771 3660
1772 5360
1778 21220
1795 5340
1801 3220
1810 8580
1811 85500
1812 3560
1818 4820
1835 6400
1841 3660
1850 5100
1851 28540
1852 19800
1858 4340
1875 3460
1881 85500
1890 16740
1891 6020
1892 4620
1898 2680
1907 43240
1915 21220
1921 28540
1930 5460
1931 8580
1932 6020
1938 23880
1947 16900
1955 4820
1961 6020
1970 5360
1971 5100
1972 4440
1978 3760
1987 4040
1995 4340
2001 8580
2010 3560
2011 16740
2012 24200
2018 4520
2027 4860
2035 2680
2041 5100
2050 19800
2051 5460
2052 4460
2058 4560
2067 3960
2075 23880
2081 16740
2090 4620
2091 5360
2092 7180
2098 22420
2107 9480
2115 3760
2121 5460
2130 6020
2131 3560
2132 6540
2138 4260
2147 3640
2155 4520
2161 5360
2169 43240
2170 4440
2171 19800
2172 23960
2178 2900
2187 3340
2195 4560
2201 3560
2209 16900
2210 24200
2211 4620
2212 6620
2218 2140
2227 2500
2235 22420
2241 19800
2249 4040
2250 4460
2251 6020
2252 6200
2258 6780
2267 14200
2275 4260
2281 4620
2289 4860
2290 7180
2291 4440
2292 3880
2298 3220
2307 2680
2315 2900
2321 6020
2329 3960
2330 6540
2331 24200
2332 29140
2338 3660
2347 4400
2355 2140
2361 4440
2369 9480
2370 23960
2371 4460
2372 6260
2378 85500
2387 3660
2395 6780
2401 24200
2409 3640
2410 6620
2411 7180
2412 8280
2418 28540
2427 25840
2435 3220
2441 4460
2449 3340
2450 6200
2451 6540
2452 5580
2458 6020
2467 5340
2475 3660
2481 7180
2489 2500
2490 3880
2491 23960
2492 24420
2498 8580
2507 6400
2515 85500
2521 6540
2529 14200
2530 29140
2531 6620
2532 5740
2538 5100
2547 3460
2555 28540
2561 23960
2569 2680
2570 6260
2571 6200
2572 7460
2578 16740
2587 21220
2595 6020
2601 6620
2609 4400
2610 8280
2611 3880
2612 5040
2618 5460
2627 4820
2635 8580
2641 6200
2645 43240
2649 3660
2650 5580
2651 29140
2652 9180
2656 43240
2658 5360
2667 4340
2675 5100
2681 3880
2685 16900
2689 25840
2690 24420
2691 6260
2692 5140
2696 16900
2698 3560
2707 2680
2709 43240
2715 16740
2721 29140
2722 43240
2725 4040
2729 5340
2730 5740
2731 8280
2732 6380
2736 4040
2738 19800
2747 23880
2749 16900
2755 5460
2761 6260
2762 16900
2765 4860
2769 6400
2770 7460
2771 5580
2772 114340
2776 4860
2778 4620
2787 3760
2789 4040
2795 5360
2801 8280
2802 4040
2805 3960
2809 3460
2810 5040
2811 24420
2812 26100
2816 3960
2818 6020
2827 4520
2829 4860
2835 3560
2841 5580
2842 4860
2845 9480
2849 21220
2850 9180
2851 5740
2852 6000
2856 9480
2858 4440
2867 4560
2869 3960
2875 19800
2881 24420
2882 3960
2885 3640
2889 4820
2890 5140
2891 7460
2892 9080
2896 3640
2898 24200
2907 22420
2909 9480
2915 4620
2921 5740
2922 9480
2925 3340
2929 4340
2930 6380
2931 5040
2932 5860
2936 3340
2938 4460
2947 4260
2949 3640
2955 6020
2961 7460
2962 3640
2965 2500
2969 2680
2970 114340
2971 9180
