0 0
602 43240
642 16900
682 4040
709 43240
722 4860
749 16900
762 3960
789 4040
802 9480
829 4860
842 3640
869 3960
882 3340
909 9480
922 2500
949 3640
962 14200
989 3340
1002 2680
1029 2500
1042 4400
1069 14200
1082 3660
1109 2680
1122 25840
1149 4400
1162 5340
1189 3660
1202 6400
1229 25840
1242 3460
1269 5340
1282 21220
1309 6400
1322 4820
1349 3460
1362 4340
1377 43240
1389 21220
1402 2680
1417 16900
1429 4820
1442 23880
1457 4040
1469 4340
1482 3760
1497 4860
1509 2680
1522 4520
1537 3960
1549 23880
1551 43240
1562 4560
1577 9480
1589 3760
1591 16900
1602 22420
1617 3640
1629 4520
1631 4040
1642 4260
1657 3340
1669 4560
1671 4860
1682 2900
1697 2500
1709 22420
1711 3960
1722 2140
1723 43240
1737 14200
1749 4260
1751 9480
1762 6780
1763 16900
1777 2680
1789 2900
1791 3640
1802 3220
1803 4040
1817 4400
1829 45380
1831 3340
1842 3660
1843 4860
1857 3660
1869 23680
1871 2500
1882 85500
1883 3960
1897 25840
1909 7260
1911 14200
1922 28540
1923 9480
1937 5340
1949 8520
1951 2680
1962 6020
1963 3640
1977 6400
1989 89460
1991 4400
2002 8580
2003 3340
2017 3460
2029 38020
2031 3660
2042 5100
2043 2500
2057 21220
2069 9660
2071 25840
2082 16740
2083 14200
2097 4820
2109 11920
2111 5340
2122 5460
2123 2680
2137 4340
2149 7600
2151 6400
2162 5360
2163 4400
2177 2680
2189 30940
2191 3460
2202 3560
2203 3660
2217 23880
2229 8140
2231 21220
2242 19800
2243 25840
2257 3760
2269 9760
2271 4820
2282 4620
2283 5340
2297 4520
2309 7220
2311 4340
2322 6020
2323 6400
2337 4560
2349 45640
2351 2680
2362 4440
2363 3460
2377 22420
2385 43240
2389 9960
2391 23880
2402 24200
2403 21220
2417 4260
2425 16900
2429 12420
2431 3760
2442 4460
2443 4820
2457 2900
2465 4040
2469 7900
2471 4520
2482 7180
2483 4340
2497 2140
2505 4860
2509 45420
2511 4560
2522 6540
2523 2680
2537 6780
2545 3960
2548 43240
2549 9280
2551 22420
2562 23960
2563 23880
2577 3220
2585 9480
2588 16900
2589 11520
2591 4260
2602 6620
2603 3760
2617 3660
2625 3640
2628 4040
2629 9220
2631 2900
2642 6200
2643 4520
2657 85500
2665 3340
2668 4860
2669 47840
2671 2140
2682 3880
2683 4560
2697 28540
2705 2500
2708 3960
2709 10380
2711 6780
2722 29140
2723 22420
2737 6020
2745 14200
2748 9480
2749 10720
2751 3220
2762 6260
2763 4260
2777 8580
2785 2680
2788 3640
2789 8440
2791 3660
2802 8280
2803 2900
2817 5100
2823 43240
2825 4400
2828 3340
2829 51560
2831 85500
2838 43240
2842 5580
2843 2140
2857 16740
2863 16900
2865 3660
2868 2500
2869 10520
2871 28540
2878 16900
2882 24420
2883 6780
2897 5460
2903 4040
2905 25840
2908 14200
2909 11180
2911 6020
2918 4040
2922 5740
2923 3220
2937 5360
2943 4860
2945 5340
2948 2680
2949 7720
2951 8580
2958 4860
2962 7460
2963 3660
2977 3560
2983 3960
2985 6400
2988 4400
2989 31200
2990 15134
