0 0
186 43240
226 16900
266 4040
306 4860
346 3960
386 9480
426 3640
466 3340
506 2500
546 14200
586 2680
626 4400
637 43240
666 3660
677 16900
690 43240
706 25840
717 4040
730 16900
746 5340
757 4860
770 4040
786 6400
797 3960
810 4860
826 3460
837 9480
850 3960
866 21220
877 3640
890 9480
906 4820
917 3340
930 3640
946 4340
957 2500
970 3340
986 2680
997 14200
1010 2500
1026 23880
1037 2680
1050 14200
1066 3760
1077 4400
1090 2680
1106 4520
1117 3660
1130 4400
1146 4560
1157 25840
1170 3660
1186 22420
1197 5340
1210 25840
1226 4260
1237 6400
1250 5340
1266 2900
1277 3460
1290 6400
1306 2140
1317 21220
1330 3460
1346 6780
1357 4820
1370 21220
1386 3220
1397 4340
1410 4820
1426 3660
1437 2680
1450 4340
1466 85500
1477 23880
1490 2680
1506 28540
1517 3760
1530 23880
1546 6020
1557 4520
1570 3760
1572 43240
1586 8580
1597 4560
1610 4520
1612 16900
1626 5100
1637 22420
1650 4560
1652 4040
1666 16740
1677 4260
1690 22420
1692 4860
1706 5460
1717 2900
1730 4260
1732 3960
1746 5360
1757 2140
1770 2900
1772 9480
1786 3560
1797 6780
1810 2140
1812 3640
1826 19800
1832 43240
1837 3220
1850 6780
1852 3340
1866 4620
1872 16900
1877 3660
1890 3220
1892 2500
1906 6020
1912 4040
1917 85500
1930 3660
1932 14200
1946 4440
1952 4860
1957 28540
1970 85500
1972 2680
1986 24200
1992 3960
1997 6020
2010 28540
2012 4400
2026 4460
2032 9480
2037 8580
2050 6020
2052 3660
2066 7180
2072 3640
2077 5100
2090 8580
2092 25840
2106 6540
2112 3340
2117 16740
2130 5100
2132 5340
2146 23960
2152 2500
2157 5460
2170 16740
2172 6400
2186 6620
2192 14200
2197 5360
2210 5460
2212 3460
2226 6200
2232 2680
2237 3560
2250 5360
2252 21220
2266 3880
2272 4400
2277 19800
2290 3560
2292 4820
2306 29140
2312 3660
2317 4620
2330 19800
2332 4340
2346 6260
2352 25840
2357 6020
2370 4620
2372 2680
2386 8280
2392 5340
2397 4440
2410 6020
2412 23880
2426 5580
2432 6400
2437 24200
2450 4440
2452 3760
2466 24420
2472 3460
2474 43240
2477 4460
2490 24200
2492 4520
2506 5740
2512 21220
2514 16900
2517 7180
2530 4460
2532 4560
2546 7460
2552 4820
2554 4040
2557 6540
2570 7180
2572 22420
2586 5040
2592 4340
2594 4860
2597 23960
2610 6540
2612 4260
2626 9180
2632 2680
2634 3960
2637 6620
2650 23960
2652 2900
2666 5140
2670 43240
2672 23880
2674 9480
2677 6200
2690 6620
2692 2140
2703 43240
2706 6380
2710 16900
2712 3760
2714 3640
2717 3880
2730 6200
2732 6780
2743 16900
2746 114340
2750 4040
2752 4520
2754 3340
2757 29140
2770 3880
2772 3220
2783 4040
2786 26100
2790 4860
2792 4560
2794 2500
2797 6260
2810 29140
2812 3660
2823 4860
2826 6000
2830 3960
2832 22420
2834 14200
2837 8280
2850 6260
2852 85500
2863 3960
2866 9080
2870 9480
2872 4260
2874 2680
2877 5580
2890 8280
2892 28540
2903 9480
2906 5860
2910 3640
2912 2900
2914 4400
2917 24420
2930 5580
2932 6020
2943 3640
2946 23580
2950 3340
2952 2140
2954 3660
2957 5740
2970 24420
2972 8580
