0 0
329 43240
369 16900
409 4040
449 4860
489 3960
527 43240
529 9480
567 16900
569 3640
607 4040
609 3340
647 4860
649 2500
687 3960
689 14200
727 9480
729 2680
767 3640
769 47640
807 3340
809 20560
847 2500
849 29880
887 14200
889 10200
927 2680
929 10360
967 4400
969 12940
981 43240
1007 3660
1009 24860
1021 16900
1047 25840
1049 8160
1061 4040
1087 5340
1089 6840
1101 4860
1127 6400
1129 16880
1141 3960
1167 3460
1169 26560
1181 9480
1202 43240
1207 21220
1209 8160
1221 3640
1242 16900
1247 4820
1249 51420
1261 3340
1282 4040
1287 4340
1289 47300
1301 2500
1322 4860
1327 2680
1329 31800
1341 14200
1362 3960
1367 23880
1369 15520
1381 2680
1402 9480
1407 3760
1409 10320
1421 4400
1442 3640
1447 4520
1449 32840
1461 3660
1482 3340
1487 4560
1489 15240
1501 25840
1522 2500
1527 22420
1529 10900
1541 5340
1557 43240
1562 14200
1567 4260
1569 8840
1581 6400
1597 16900
1602 2680
1607 2900
1609 123580
1617 43240
1621 3460
1637 4040
1642 4400
1647 2140
1649 34980
1657 16900
1661 21220
1677 4860
1682 3660
1687 6780
1689 14940
1697 4040
1701 4820
1717 3960
1722 25840
1727 3220
1729 16800
1737 4860
1741 4340
1757 9480
1762 5340
1767 3660
1769 53360
1777 3960
1781 2680
1797 3640
1802 6400
1807 85500
1809 26340
1817 9480
1821 23880
1837 3340
1842 3460
1847 28540
1849 14760
1857 3640
1861 3760
1877 2500
1882 21220
1887 6020
1889 10960
1897 3340
1901 4520
1916 43240
1917 14200
1922 4820
1927 8580
1929 31560
1937 2500
1941 4560
1956 16900
1957 2680
1962 4340
1967 5100
1969 27840
1977 14200
1981 22420
1996 4040
1997 4400
2002 2680
2007 16740
2009 12620
2017 2680
2021 4260
2036 4860
2037 3660
2042 23880
2047 5460
2049 94200
2057 4400
2061 2900
2076 3960
2077 25840
2082 3760
2087 5360
2089 56860
2097 3660
2101 2140
2116 9480
2117 5340
2122 4520
2127 3560
2129 33980
2137 25840
2141 6780
2156 3640
2157 6400
2162 4560
2167 19800
2169 17560
2177 5340
2181 3220
2196 3340
2197 3460
2202 22420
2207 4620
2209 16840
2217 6400
2221 3660
2236 2500
2237 21220
2242 4260
2247 6020
2249 45700
2257 3460
2261 85500
2276 14200
2277 4820
2282 2900
2287 4440
2289 33680
2297 21220
2301 28540
2316 2680
2317 4340
2322 2140
2327 24200
2329 14880
2337 4820
2341 6020
2356 4400
2357 2680
2362 6780
2367 4460
2369 11900
2377 4340
2381 8580
2390 43240
2396 3660
2397 23880
2402 3220
2407 7180
2409 30460
2417 2680
2421 5100
2430 16900
2436 25840
2437 3760
2442 3660
2447 6540
2449 36980
2457 23880
2461 16740
2470 4040
2476 5340
2477 4520
2482 85500
2487 23960
2489 15940
2497 3760
2501 5460
2510 4860
2516 6400
2517 4560
2522 28540
2527 6620
2529 98220
2537 4520
2541 5360
2550 3960
2556 3460
2557 22420
2562 6020
2567 6200
2569 58320
2577 4560
2581 3560
2590 9480
2596 21220
2597 4260
2602 8580
2607 3880
2609 34900
2617 22420
2621 19800
2630 3640
2636 4820
2637 2900
2642 5100
2647 29140
2649 21500
2657 4260
2661 4620
2670 3340
2676 4340
2677 2140
2682 16740
2687 6260
2689 19100
2697 2900
2701 6020
2710 2500
2716 2680
2717 6780
2720 43240
2722 5460
2727 8280
2729 45740
2737 2140
2741 4440
2750 14200
2756 23880
2757 3220
2760 16900
2762 5360
2767 5580
2769 21260
2777 6780
2781 24200
2790 2680
2796 3760
2797 3660
2800 4040
2802 3560
2807 24420
2809 16700
2817 3220
2821 4460
2830 4400
2836 4520
2837 85500
2840 4860
2842 19800
2847 5740
2849 13820
2857 3660
2861 7180
2870 3660
2876 4560
2877 28540
2880 3960
2882 4620
2887 7460
2889 163280
2897 85500
2901 6540
2910 25840
2916 22420
2917 6020
2920 9480
2922 6020
2927 5040
2929 36980
2937 28540
2941 23960
2950 5340
2956 4260
2957 8580
2960 3640
2962 4440
2967 9180
2969 20300
2977 6020
2981 6620
2990 5760
