0 0
282 43240
322 16900
362 4040
402 4860
442 3960
482 9480
522 3640
562 3340
602 2500
642 14200
682 2680
722 4400
762 3660
802 25840
842 5340
882 6400
922 3460
962 21220
1002 4820
1042 4340
1082 2680
1122 23880
1162 3760
1202 4520
1242 4560
1282 22420
1317 43240
1322 4260
1357 16900
1362 2900
1397 4040
1402 2140
1406 43240
1437 4860
1442 6780
1446 16900
1456 43240
1477 3960
1482 3220
1486 4040
1496 16900
1517 9480
1522 3660
1525 43240
1526 4860
1536 4040
1557 3640
1562 85500
1565 16900
1566 3960
1576 4860
1597 3340
1602 28540
1605 4040
1606 9480
1616 3960
1618 43240
1637 2500
1642 6020
1645 4860
1646 3640
1656 9480
1658 16900
1677 14200
1682 8580
1685 3960
1686 3340
1696 3640
1698 4040
1717 2680
1722 5100
1725 9480
1726 2500
1736 3340
1738 4860
1757 4400
1762 16740
1765 3640
1766 14200
1776 2500
1778 3960
1797 3660
1802 5460
1805 3340
1806 2680
1816 14200
1818 9480
1823 43240
1837 25840
1842 5360
1845 2500
1846 4400
1856 2680
1858 3640
1863 16900
1877 5340
1882 3560
1885 14200
1886 3660
1896 4400
1898 3340
1903 4040
1917 6400
1922 19800
1925 2680
1926 25840
1936 3660
1938 2500
1942 43240
1943 4860
1957 3460
1962 4620
1965 4400
1966 5340
1976 25840
1978 14200
1982 16900
1983 3960
1997 21220
2002 6020
2005 3660
2006 6400
2016 5340
2018 2680
2022 4040
2023 9480
2037 4820
2042 4440
2045 25840
2046 3460
2056 6400
2058 4400
2062 4860
2063 3640
2065 43240
2077 4340
2082 24200
2085 5340
2086 21220
2096 3460
2098 3660
2102 3960
2103 3340
2105 16900
2117 2680
2122 4460
2125 6400
2126 4820
2136 21220
2138 25840
2142 9480
2143 2500
2145 4040
2157 23880
2162 7180
2165 3460
2166 4340
2176 4820
2178 5340
2182 3640
2183 14200
2185 4860
2197 3760
2202 6540
2205 21220
2206 2680
2216 4340
2218 6400
2222 3340
2223 2680
2225 3960
2237 4520
2242 23960
2245 4820
2246 23880
2256 2680
2258 3460
2262 2500
2263 4400
2265 9480
2277 4560
2282 6620
2285 4340
2286 3760
2296 23880
2298 21220
2302 14200
2303 3660
2305 3640
2317 22420
2322 6200
2325 2680
2326 4520
2336 3760
2338 4820
2342 2680
2343 25840
2345 3340
2357 4260
2362 3880
2365 23880
2366 4560
2376 4520
2378 4340
2382 4400
2383 5340
2385 45740
2397 2900
2402 29140
2405 3760
2406 22420
2416 4560
2418 2680
2422 3660
2423 6400
2425 31100
2437 2140
2442 6260
2445 4520
2446 4260
2456 22420
2458 23880
2462 25840
2463 3460
2465 6720
2477 6780
2482 8280
2485 4560
2486 2900
2496 4260
2498 3760
2502 5340
2503 21220
2505 9260
2517 3220
2522 5580
2525 22420
2526 2140
2536 2900
2538 4520
2542 6400
2543 4820
2545 7620
2557 3660
2562 24420
2565 4260
2566 6780
2567 43240
2576 2140
2578 4560
2582 3460
2583 4340
2585 35320
2597 85500
2602 5740
2605 2900
2606 3220
2607 16900
2616 6780
2618 22420
2622 21220
2623 45920
2625 8980
2637 28540
2642 7460
2645 2140
2646 3660
2647 4040
2656 3220
2658 4260
2662 4820
2663 40780
2665 9740
2677 6020
2682 5040
2685 6780
2686 85500
2687 4860
2696 3660
2698 2900
2702 4340
2703 7800
2705 5960
2717 8580
2722 9180
2725 3220
2726 28540
2727 3960
2736 85500
2738 2140
2742 2680
2743 9380
2745 35420
2757 5100
2762 5140
2765 3660
2766 6020
2767 9480
2776 28540
2778 6780
2782 23880
2783 8520
2784 43240
2785 7500
2797 16740
2802 6380
2805 85500
2806 8580
2807 3640
2816 6020
2818 3220
2822 3760
2823 31900
2824 16900
2825 8740
2835 43240
2837 5460
2842 114340
2845 28540
2846 5100
2847 3340
2856 8580
2858 3660
2862 4520
2863 7900
2864 4040
2865 49580
2875 16900
2877 5360
2882 26100
2885 6020
2886 16740
2887 2500
2896 5100
2898 85500
2902 4560
2903 6240
2904 4860
2905 66620
2915 4040
2917 3560
2922 6000
2925 8580
2926 5460
2927 14200
2936 16740
2938 28540
2942 22420
2943 4640
2944 3960
2945 13140
2955 4860
2957 19800
2962 9080
2965 5100
2966 5360
2967 2680
2976 5460
2978 6020
2982 4260
2983 20980
2984 9480
2985 4763
