0 0
246 43240
286 16900
326 4040
366 4860
406 3960
446 9480
486 3640
526 3340
566 2500
606 14200
612 43240
646 2680
652 16900
662 43240
686 4400
692 4040
702 16900
726 3660
732 4860
742 4040
759 43240
766 25840
772 3960
782 4860
799 16900
806 5340
812 9480
822 3960
839 4040
846 6400
852 3640
862 9480
879 4860
886 3460
892 3340
902 3640
919 3960
926 21220
932 2500
942 3340
959 9480
966 4820
972 14200
982 2500
999 3640
1006 4340
1012 2680
1022 14200
1029 43240
1039 3340
1046 2680
1052 4400
1062 2680
1069 16900
1079 2500
1086 23880
1092 3660
1102 4400
1109 4040
1119 14200
1126 3760
1132 25840
1142 3660
1149 4860
1159 2680
1166 4520
1172 5340
1182 25840
1189 3960
1199 4400
1206 4560
1212 6400
1222 5340
1229 9480
1239 3660
1246 22420
1252 3460
1262 6400
1269 3640
1279 25840
1286 4260
1292 21220
1302 3460
1309 3340
1319 5340
1326 2900
1332 4820
1342 21220
1349 2500
1359 6400
1366 2140
1372 4340
1382 4820
1389 14200
1399 3460
1406 6780
1412 2680
1422 4340
1429 2680
1439 21220
1446 3220
1452 23880
1462 2680
1469 4400
1479 4820
1486 3660
1492 3760
1502 23880
1509 3660
1519 4340
1526 85500
1532 4520
1542 3760
1549 25840
1559 2680
1566 28540
1572 4560
1582 4520
1589 5340
1599 67120
1606 6020
1609 43240
1612 22420
1622 4560
1629 6400
1639 20660
1646 8580
1649 16900
1652 4260
1662 22420
1669 3460
1679 8560
1686 5100
1689 4040
1692 2900
1702 4260
1709 21220
1719 9420
1726 16740
1729 4860
1732 2140
1742 2900
1749 4820
1759 26380
1766 5460
1769 3960
1772 6780
1782 2140
1789 4340
1799 13740
1806 5360
1809 9480
1812 3220
1822 6780
1829 2680
1839 6540
1846 3560
1849 3640
1852 3660
1862 3220
1869 23880
1879 5480
1886 19800
1889 3340
1892 85500
1902 3660
1909 3760
1919 9280
1926 4620
1929 2500
1932 28540
1942 85500
1949 4520
1959 17420
1966 6020
1969 14200
1972 6020
1982 28540
1989 4560
1999 6340
2006 4440
2009 2680
2012 8580
2022 6020
2029 22420
2039 89900
2046 24200
2049 4400
2052 5100
2062 8580
2069 4260
2079 32200
2086 4460
2089 3660
2092 16740
2102 5100
2109 2900
2114 43240
2119 31860
2126 7180
2129 25840
2132 5460
2142 16740
2149 2140
2154 16900
2159 13920
2166 6540
2169 5340
2172 5360
2182 5460
2189 6780
2194 4040
2199 11500
2206 23960
2209 6400
2212 3560
2222 5360
2229 3220
2234 4860
2239 20200
2246 6620
2249 3460
2252 19800
2262 3560
2269 3660
2274 3960
2279 26680
2286 6200
2289 21220
2292 4620
2302 19800
2309 85500
2314 9480
2319 10180
2326 3880
2329 4820
2332 6020
2342 4620
2349 28540
2354 3640
2359 7900
2366 29140
2369 4340
2372 4440
2382 6020
2389 6020
2394 3340
2399 22480
2406 6260
2408 43240
2409 2680
2412 24200
2422 4440
2429 8580
2434 2500
2439 28500
2446 8280
2448 16900
2449 23880
2452 4460
2462 24200
2469 5100
2474 14200
2479 9780
2486 5580
2488 4040
2489 3760
2492 7180
2502 4460
2509 16740
2514 2680
2519 8960
2526 24420
2528 4860
2529 4520
2532 6540
2542 7180
2549 5460
2554 4400
2559 28760
2566 5740
2568 3960
2569 4560
2572 23960
2582 6540
2589 5360
2594 3660
2599 26880
2606 7460
2608 9480
2609 22420
2612 6620
2622 23960
2629 3560
2634 25840
2639 11440
2646 5040
2648 3640
2649 4260
2652 6200
2662 6620
2664 43240
2669 19800
2674 5340
2679 9440
2686 9180
2688 3340
2689 2900
2692 3880
2702 6200
2704 16900
2709 4620
2714 6400
2719 26100
2726 5140
2728 2500
2729 2140
2732 29140
2742 3880
2744 4040
2749 6020
2754 3460
2759 13400
2766 6380
2768 14200
2769 6780
2772 6260
2782 29140
2784 4860
2789 4440
2794 21220
2799 9420
2806 114340
2808 2680
2809 3220
2812 8280
2822 6260
2824 3960
2829 24200
2834 4820
2839 7540
2846 26100
2848 4400
2849 3660
2852 5580
2862 8280
2864 9480
2869 4460
2874 4340
2879 114640
2886 6000
2888 3660
2889 85500
2892 24420
2902 5580
2904 3640
2909 7180
2914 2680
2919 34800
2926 9080
2928 25840
2929 28540
2932 5740
2942 24420
2944 3340
2949 6540
2954 23880
2959 14300
2966 5860
2968 5340
2969 6020
2972 7460
2982 5740
