0 0
595 43240
635 16900
675 4040
715 4860
755 3960
795 9480
835 3640
875 3340
915 2500
955 14200
995 2680
1035 4400
1075 3660
1115 25840
1155 5340
1195 6400
1235 3460
1275 21220
1315 4820
1355 4340
1395 2680
1435 23880
1475 3760
1499 43240
1515 4520
1539 16900
1555 4560
1579 4040
1585 43240
1595 22420
1619 4860
1625 16900
1635 4260
1659 3960
1665 4040
1675 2900
1699 9480
1705 4860
1713 43240
1715 2140
1739 3640
1745 3960
1753 16900
1755 6780
1779 3340
1785 9480
1793 4040
1795 3220
1819 2500
1825 3640
1833 4860
1835 3660
1859 14200
1865 3340
1873 3960
1875 85500
1899 2680
1905 2500
1913 9480
1915 28540
1939 4400
1945 14200
1953 3640
1955 6020
1979 3660
1985 2680
1993 3340
1995 8580
2019 25840
2025 4400
2033 2500
2035 5100
2037 43240
2059 5340
2065 3660
2073 14200
2075 16740
2077 16900
2099 6400
2105 25840
2113 2680
2115 5460
2117 4040
2129 43240
2137 43240
2139 3460
2145 5340
2153 4400
2155 5360
2157 4860
2169 16900
2177 16900
2179 21220
2185 6400
2193 3660
2195 3560
2197 3960
2209 4040
2217 4040
2219 4820
2225 3460
2233 25840
2235 19800
2237 9480
2249 4860
2257 4860
2259 4340
2265 21220
2273 5340
2275 4620
2277 3640
2289 3960
2297 3960
2299 2680
2305 4820
2313 6400
2315 6020
2317 3340
2329 9480
2337 52720
2339 23880
2345 4340
2353 3460
2355 4440
2357 2500
2369 3640
2377 20540
2379 3760
2385 2680
2393 21220
2395 24200
2397 14200
2409 3340
2417 7380
2419 4520
2425 23880
2433 4820
2435 4460
2437 2680
2449 2500
2457 7360
2459 4560
2465 3760
2473 4340
2475 7180
2477 4400
2489 14200
2497 18160
2499 22420
2505 4520
2513 2680
2515 6540
2517 3660
2529 2680
2537 12160
2539 4260
2545 4560
2553 23880
2555 23960
2557 25840
2569 4400
2577 8040
2579 2900
2585 22420
2593 3760
2595 6620
2597 5340
2609 3660
2617 7000
2619 2140
2625 4260
2633 4520
2635 6200
2637 6400
2649 25840
2657 28340
2659 6780
2665 2900
2673 4560
2675 3880
2677 3460
2689 5340
2697 19540
2699 3220
2705 2140
2713 22420
2715 72380
2717 21220
2729 6400
2737 9080
2739 3660
2745 6780
2753 4260
2755 23160
2757 4820
2769 3460
2777 7860
2779 85500
2785 3220
2793 2900
2795 55560
2797 4340
2809 21220
2817 24880
2819 28540
2825 3660
2833 2140
2835 27340
2837 2680
2849 4820
2857 30660
2859 6020
2865 85500
2873 6780
2875 32420
2877 23880
2889 4340
2897 9680
2899 8580
2905 28540
2913 3220
2915 20080
2917 3760
2929 2680
2937 9080
2939 5100
2945 6020
2953 3660
2955 15060
2957 4520
2969 23880
2977 27340
2979 16740
2985 8580
2993 85500
2995 17860
2997 1140
