0 0
348 86480
364 43240
388 33800
404 16900
428 8080
444 4040
468 9720
484 4860
508 7920
522 43240
524 3960
548 18960
562 16900
564 9480
588 7280
602 4040
604 3640
628 6680
642 4860
644 3340
668 5000
682 3960
684 2500
708 28400
722 9480
724 14200
748 5360
762 3640
764 2680
788 8800
802 3340
804 4400
828 7320
842 2500
844 3660
868 51680
882 14200
884 25840
908 10680
922 2680
924 5340
948 12800
962 4400
964 6400
988 6920
1002 3660
1003 43240
1004 46700
1028 42440
1042 25840
1043 16900
1044 38120
1068 9640
1082 5340
1083 4040
1084 8860
1108 8680
1122 6400
1123 4860
1124 9200
1148 5360
1162 3460
1163 3960
1164 6640
1188 47760
1202 21220
1203 9480
1204 33360
1228 7520
1242 4820
1243 3640
1244 7400
1268 9040
1282 4340
1283 3340
1284 7860
1308 9120
1322 2680
1323 2500
1324 7060
1348 44840
1362 23880
1363 14200
1364 36620
1388 8520
1402 3760
1403 2680
1404 6940
1428 5800
1431 43240
1442 4520
1443 4400
1444 7300
1468 4280
1471 16900
1482 4560
1483 3660
1484 5800
1508 13560
1511 4040
1522 22420
1523 25840
1524 32620
1548 6440
1551 4860
1562 4260
1563 5340
1564 8560
1584 43240
1588 7320
1591 3960
1602 2900
1603 6400
1604 10060
1624 16900
1628 171000
1631 9480
1642 2140
1643 3460
1644 88960
1664 4040
1668 57080
1671 3640
1682 6780
1683 21220
1684 49760
1699 43240
1704 4860
1708 12040
1711 3340
1722 3220
1723 4820
1724 10840
1739 16900
1744 3960
1748 17160
1751 2500
1762 3660
1763 4340
1764 12920
1779 4040
1784 9480
1788 10200
1791 14200
1802 85500
1803 2680
1804 7780
1819 4860
1824 3640
1828 33480
1831 2680
1842 28540
1843 23880
1844 40620
1859 3960
1864 3340
1868 10920
1871 4400
1882 6020
1883 3760
1884 9220
1899 9480
1904 2500
1908 10720
1911 3660
1922 8580
1923 4520
1924 9880
1939 3640
1944 14200
1948 7120
1951 25840
1961 43240
1962 5100
1963 4560
1964 8120
1979 3340
1984 2680
1988 39600
1991 5340
2001 60140
2002 16740
2003 22420
2004 42220
2019 2500
2024 4400
2028 9240
2031 6400
2041 20940
2042 5460
2043 4260
2044 8880
2059 14200
2064 3660
2068 12040
2071 3460
2081 8900
2082 5360
2083 2900
2084 8920
2099 2680
2104 25840
2108 8880
2111 21220
2121 8820
2122 3560
2123 2140
2124 6580
2130 43240
2139 4400
2144 5340
2148 48400
2151 4820
2161 13440
2162 19800
2163 6780
2164 30980
2170 16900
2179 3660
2184 6400
2188 8920
2191 4340
2201 13120
2202 4620
2203 3220
2204 7680
2210 4040
2219 25840
2224 3460
2228 14360
2231 2680
2241 6980
2242 6020
2243 3660
2244 10840
2250 4860
2259 5340
2264 21220
2268 13080
2271 23880
2281 5840
2282 4440
2283 85500
2284 92040
2290 3960
2299 6400
2304 4820
2308 47920
2311 3760
2321 16700
2322 24200
2323 28540
2324 52500
2330 9480
2339 3460
2344 4340
2348 13240
2351 4520
2361 16880
2362 4460
2363 6020
2364 12640
2370 3640
2379 21220
2384 2680
2388 12400
2391 4560
2401 7080
2402 7180
2403 8580
2404 14780
2410 3340
2419 4820
2424 23880
2428 7760
2431 22420
2441 8060
2442 6540
2443 5100
2444 8980
2450 2500
2459 4340
2464 3760
2468 58280
2471 4260
2481 29500
2482 23960
2483 16740
2484 45880
2490 14200
2499 2680
2504 4520
2508 12520
2511 2900
2521 31180
2522 6620
2523 5460
2524 11720
2530 2680
2539 23880
2544 4560
2548 16560
2551 2140
2561 11740
2562 6200
2563 5360
2564 13640
2570 4400
2579 3760
2584 22420
2588 11160
2591 6780
2601 9860
2602 3880
2603 3560
2604 9140
2610 3660
2619 4520
2624 4260
2628 48840
2631 3220
2641 24680
2642 29140
2643 19800
2644 44220
2650 25840
2659 4560
2664 2900
2668 11480
2671 3660
2681 26040
2682 6260
2683 4620
2684 10360
2690 5340
2699 22420
2704 2140
2708 14920
2711 85500
2721 9160
2722 8280
2723 6020
2724 13480
2730 6400
2739 4260
2744 6780
2748 10080
2751 28540
2761 7020
2762 5580
2763 4440
2764 9480
2770 3460
2779 2900
2784 3220
2788 18360
2791 6020
2801 26560
2802 24420
2803 24200
2804 33380
2810 21220
2819 2140
2824 3660
2828 10280
2831 8580
2841 27640
2842 5740
2843 4460
2844 9600
2850 4820
2859 6780
2864 85500
2868 12760
2871 5100
2881 8280
2882 7460
2883 7180
2884 13560
2890 4340
2899 3220
2904 28540
2908 228680
2911 16740
2921 9080
2922 5040
2923 6540
2924 120880
2930 2680
2939 3660
2944 6020
2948 52200
2951 5460
2961 26980
2962 9180
2963 23960
2964 50060
2970 23880
2979 62830
