0 0
843 43240
883 16900
923 4040
963 4860
983 43240
1003 3960
1023 16900
1043 9480
1063 4040
1083 3640
1103 4860
1123 3340
1143 3960
1163 2500
1183 9480
1203 14200
1223 3640
1243 2680
1263 3340
1283 4400
1303 2500
1323 3660
1343 14200
1363 25840
1383 2680
1403 5340
1423 4400
1443 6400
1463 3660
1483 3460
1503 25840
1523 21220
1527 43240
1543 5340
1559 43240
1563 4820
1567 16900
1583 6400
1599 16900
1603 4340
1607 4040
1623 3460
1639 4040
1643 2680
1647 4860
1651 43240
1663 21220
1679 4860
1683 23880
1687 3960
1691 16900
1703 4820
1719 3960
1723 3760
1727 9480
1731 4040
1743 4340
1748 43240
1759 9480
1763 4520
1767 3640
1771 4860
1783 45920
1788 16900
1799 3640
1803 4560
1807 3340
1811 3960
1823 40780
1828 4040
1839 3340
1843 22420
1847 2500
1851 9480
1863 7800
1868 4860
1879 2500
1883 4260
1887 14200
1891 3640
1903 9380
1908 3960
1919 14200
1923 2900
1927 2680
1931 3340
1943 8520
1948 9480
1959 2680
1963 2140
1967 4400
1971 2500
1983 31900
1988 3640
1999 4400
2003 6780
2007 3660
2011 14200
2023 7900
2028 3340
2039 3660
2043 3220
2047 25840
2051 2680
2063 6240
2068 2500
2079 25840
2083 3660
2087 5340
2091 4400
2103 4640
2108 14200
2119 5340
2123 85500
2127 6400
2131 3660
2143 20980
2148 2680
2159 6400
2163 28540
2167 3460
2171 25840
2183 5900
2188 4400
2199 3460
2203 6020
2207 21220
2211 5340
2223 8060
2228 3660
2239 21220
2243 8580
2247 4820
2251 6400
2263 89160
2268 25840
2279 4820
2283 5100
2287 4340
2291 3460
2303 54380
2308 5340
2319 4340
2323 16740
2327 2680
2331 21220
2343 11360
2348 6400
2359 2680
2363 5460
2367 23880
2371 4820
2383 14980
2388 3460
2399 23880
2403 5360
2407 3760
2411 4340
2423 8560
2428 21220
2433 43240
2439 3760
2443 3560
2447 4520
2451 2680
2463 37960
2468 4820
2473 16900
2479 4520
2483 19800
2485 43240
2487 4560
2491 23880
2503 10280
2508 4340
2513 4040
2519 4560
2523 4620
2525 16900
2527 22420
2531 3760
2543 9700
2548 2680
2553 4860
2559 22420
2563 6020
2565 4040
2567 4260
2571 4520
2577 43240
2583 6240
2588 23880
2593 3960
2599 4260
2603 4440
2605 4860
2607 2900
2611 4560
2617 16900
2623 43680
2628 3760
2633 52720
2639 2900
2643 24200
2645 3960
2647 2140
2651 22420
2657 4040
2663 8380
2666 43240
2668 4520
2673 20540
2679 2140
2683 4460
2685 9480
2687 6780
2691 4260
2697 4860
2703 10540
2706 16900
2708 4560
2713 7380
2719 6780
2723 7180
2725 3640
2727 3220
2731 2900
2737 3960
2743 9000
2746 4040
2748 22420
2753 7360
2759 3220
2763 6540
2765 3340
2767 3660
2771 2140
2777 9480
2783 46620
2786 4860
2788 4260
2793 18160
2799 3660
2803 23960
2805 2500
2807 85500
2811 6780
2817 3640
2823 8720
2826 3960
2828 2900
2833 12160
2839 85500
2843 6620
2845 14200
2847 28540
2851 3220
2857 3340
2863 10080
2866 9480
2868 2140
2873 8040
2879 28540
2883 6200
2885 2680
2887 6020
2891 3660
2897 2500
2903 8680
2906 3640
2908 6780
2913 7000
2919 6020
2923 3880
2925 4400
2927 8580
2931 85500
2937 14200
2943 30740
2946 3340
2948 3220
2953 28340
2959 8580
2963 29140
2965 3660
2967 5100
2971 28540
2977 2680
2983 9840
2986 2500
2988 3660
