0 0
510 43240
550 16900
590 4040
630 4860
639 43240
670 3960
679 16900
710 9480
719 4040
750 3640
759 4860
790 3340
799 3960
830 2500
839 9480
870 14200
879 3640
910 2680
919 3340
950 4400
959 2500
990 3660
999 14200
1000 43240
1030 25840
1039 2680
1040 16900
1070 5340
1079 4400
1080 4040
1110 6400
1119 3660
1120 4860
1150 3460
1159 25840
1160 3960
1190 21220
1199 5340
1200 9480
1230 4820
1239 6400
1240 3640
1270 4340
1279 3460
1280 3340
1309 43240
1310 2680
1319 21220
1320 2500
1349 16900
1350 23880
1359 4820
1360 14200
1389 4040
1390 3760
1399 4340
1400 2680
1429 4860
1430 4520
1439 2680
1440 4400
1469 3960
1470 4560
1479 23880
1480 3660
1483 43240
1509 9480
1510 22420
1518 43240
1519 3760
1520 25840
1523 16900
1549 3640
1550 4260
1558 16900
1559 4520
1560 5340
1563 47280
1589 3340
1590 2900
1598 4040
1599 4560
1600 6400
1603 21760
1629 2500
1630 2140
1638 4860
1639 22420
1640 3460
1643 8000
1669 14200
1670 6780
1678 3960
1679 4260
1680 21220
1683 14340
1709 2680
1710 3220
1718 9480
1719 2900
1720 4820
1723 7600
1749 4400
1750 3660
1758 3640
1759 2140
1760 4340
1763 12820
1789 3660
1790 85500
1798 3340
1799 6780
1800 2680
1803 6140
1829 25840
1830 28540
1838 2500
1839 3220
1840 23880
1842 43240
1843 17540
1869 5340
1870 6020
1878 14200
1879 3660
1880 3760
1882 16900
1883 5180
1909 6400
1910 8580
1918 2680
1919 85500
1920 4520
1922 4040
1923 18600
1949 3460
1950 5100
1958 4400
1959 28540
1960 4560
1962 4860
1963 6340
1989 21220
1990 16740
1998 3660
1999 6020
2000 22420
2002 3960
2003 30240
2020 43240
2029 4820
2030 5460
2038 25840
2039 8580
2040 4260
2042 9480
2043 9000
2060 16900
2069 4340
2070 5360
2078 5340
2079 5100
2080 2900
2082 3640
2083 32240
2100 4040
2109 2680
2110 3560
2118 6400
2119 16740
2120 2140
2122 3340
2123 8800
2140 4860
2149 23880
2150 19800
2158 3460
2159 5460
2160 6780
2162 2500
2163 27620
2180 3960
2189 3760
2190 4620
2198 21220
2199 5360
2200 3220
2202 14200
2203 8280
2220 9480
2229 4520
2230 6020
2238 4820
2239 3560
2240 3660
2242 2680
2243 25560
2260 3640
2269 4560
2270 4440
2278 4340
2279 19800
2280 85500
2282 4400
2283 7500
2300 3340
2309 22420
2310 24200
2318 2680
2319 4620
2320 28540
2322 3660
2323 28220
2340 2500
2349 4260
2350 4460
2358 23880
2359 6020
2360 6020
2362 25840
2363 6440
2380 14200
2389 2900
2390 7180
2398 3760
2399 4440
2400 8580
2402 5340
2403 28400
2420 2680
2429 2140
2430 6540
2438 4520
2439 24200
2440 5100
2442 6400
2443 8320
2446 43240
2454 43240
2460 4400
2469 6780
2470 23960
2478 4560
2479 4460
2480 16740
2482 3460
2483 26940
2486 16900
2494 16900
2500 3660
2509 3220
2510 6620
2518 22420
2519 7180
2520 5460
2522 21220
2523 8820
2526 4040
2534 4040
2540 25840
2549 3660
2550 6200
2558 4260
2559 6540
2560 5360
2562 4820
2563 25320
2566 4860
2574 4860
2580 5340
2589 85500
2590 3880
2598 2900
2599 23960
2600 3560
2602 4340
2603 6400
2606 3960
2614 3960
2620 6400
2629 28540
2630 29140
2638 2140
2639 6620
2640 19800
2642 2680
2643 9680
2646 9480
2654 9480
2660 3460
2669 6020
2670 6260
2678 6780
2679 6200
2680 4620
2682 23880
2683 5360
2686 3640
2694 3640
2700 21220
2709 8580
2710 8280
2718 3220
2719 3880
2720 6020
2722 3760
2723 10440
2726 3340
2734 3340
2740 4820
2749 5100
2750 5580
2758 3660
2759 29140
2760 4440
2762 4520
2763 88720
2766 2500
2774 2500
2780 4340
2789 16740
2790 24420
2798 85500
2799 6260
2800 24200
2802 4560
2803 32200
2806 14200
2814 14200
2820 2680
2829 5460
2830 5740
2838 28540
2839 8280
2840 4460
2842 22420
2843 91520
2846 2680
2854 2680
2860 23880
2869 5360
2870 7460
2878 6020
2879 5580
2880 7180
2882 4260
2883 37120
2886 4400
2894 4400
2900 3760
2909 3560
2910 5040
2918 8580
2919 24420
2920 6540
2922 2900
2923 11120
2926 3660
2934 3660
2940 4520
2949 19800
2950 9180
2958 5100
2959 5740
2960 23960
2962 2140
2963 25320
2966 25840
2974 25840
2980 4560
2989 4620
2990 5140
2998 16740
2999 6341
