0 0
538 43240
578 16900
618 4040
658 4860
698 3960
738 9480
749 43240
778 3640
789 16900
818 3340
829 4040
858 2500
869 4860
898 14200
909 3960
923 43240
938 2680
949 9480
963 16900
978 4400
989 3640
1003 4040
1018 3660
1029 3340
1043 4860
1058 25840
1069 2500
1083 3960
1098 5340
1109 14200
1123 9480
1138 6400
1149 2680
1163 3640
1178 3460
1189 4400
1203 3340
1218 21220
1229 3660
1243 2500
1258 4820
1269 25840
1283 14200
1298 4340
1300 43240
1309 5340
1323 2680
1338 2680
1340 16900
1349 6400
1363 4400
1378 23880
1380 4040
1389 3460
1403 3660
1418 3760
1420 4860
1429 21220
1443 25840
1458 4520
1460 3960
1469 4820
1483 5340
1498 4560
1500 9480
1509 4340
1523 6400
1538 22420
1540 3640
1549 2680
1563 3460
1578 4260
1580 3340
1589 23880
1603 21220
1618 2900
1620 2500
1629 3760
1643 4820
1658 2140
1660 14200
1669 4520
1683 4340
1698 6780
1700 2680
1709 4560
1723 2680
1738 3220
1740 4400
1749 22420
1763 23880
1778 3660
1780 3660
1789 4260
1803 3760
1818 85500
1820 25840
1829 2900
1843 4520
1858 28540
1860 5340
1869 2140
1883 4560
1898 6020
1900 6400
1909 6780
1923 22420
1938 8580
1940 3460
1949 3220
1963 4260
1978 5100
1980 21220
1989 46900
2003 2900
2018 16740
2020 4820
2029 102400
2043 2140
2058 5460
2060 4340
2069 32580
2083 6780
2098 5360
2100 2680
2109 10880
2123 3220
2138 3560
2140 23880
2149 12540
2163 3660
2178 19800
2180 3760
2189 14580
2203 85500
2218 4620
2220 4520
2229 20380
2243 28540
2258 6020
2260 4560
2269 8800
2283 6020
2298 4440
2300 22420
2309 7860
2323 8580
2338 24200
2340 4260
2349 17760
2363 5100
2378 4460
2380 2900
2389 22480
2403 16740
2418 7180
2420 2140
2429 9020
2443 5460
2458 6540
2460 6780
2469 9680
2483 5360
2485 43240
2498 23960
2500 3220
2509 30280
2523 3560
2525 16900
2538 6620
2540 3660
2549 29540
2563 19800
2565 4040
2578 6200
2580 85500
2589 10860
2603 4620
2605 4860
2618 3880
2620 28540
2629 10640
2643 6020
2645 3960
2658 29140
2660 6020
2669 27760
2683 4440
2685 9480
2698 6260
2700 8580
2709 28780
2723 24200
2725 3640
2738 8280
2740 5100
2749 10960
2763 4460
2765 3340
2778 5580
2780 16740
2789 8880
2803 7180
2805 2500
2818 24420
2820 5460
2829 27760
2843 6540
2845 14200
2858 5740
2860 5360
2869 32900
2883 23960
2885 2680
2898 7460
2900 3560
2909 10780
2923 6620
2925 4400
2938 5040
2940 19800
2949 12840
2963 6200
2965 3660
2978 9180
2980 4620
