0 0
528 43240
568 16900
608 4040
648 4860
688 3960
728 9480
768 3640
808 3340
828 43240
848 2500
868 16900
888 14200
908 4040
928 2680
948 4860
968 4400
988 3960
1008 3660
1028 9480
1034 43240
1048 25840
1068 3640
1074 16900
1088 5340
1098 43240
1108 3340
1114 4040
1128 6400
1138 16900
1148 2500
1154 4860
1168 3460
1178 4040
1188 14200
1194 3960
1208 21220
1218 48100
1228 2680
1234 9480
1248 4820
1258 20860
1268 4400
1274 3640
1288 4340
1298 13520
1308 3660
1314 3340
1328 2680
1338 8500
1348 25840
1354 2500
1368 23880
1378 7300
1388 5340
1394 14200
1408 3760
1418 11980
1428 6400
1434 2680
1448 4520
1458 17840
1468 3460
1474 4400
1488 4560
1498 6020
1508 21220
1514 3660
1528 22420
1538 6900
1548 4820
1554 25840
1568 4260
1578 17860
1588 4340
1594 5340
1608 2900
1618 28520
1628 2680
1634 6400
1648 2140
1658 9740
1668 23880
1674 3460
1688 6780
1698 10060
1708 3760
1714 21220
1728 3220
1738 29300
1748 4520
1754 4820
1768 3660
1778 26560
1788 4560
1794 4340
1808 85500
1818 11220
1828 22420
1834 2680
1845 43240
1848 28540
1858 7800
1868 4260
1874 23880
1885 16900
1888 6020
1898 23900
1908 2900
1914 3760
1925 4040
1928 8580
1938 28700
1948 2140
1954 4520
1965 4860
1968 5100
1978 8100
1981 43240
1988 6780
1994 4560
2005 3960
2008 16740
2018 7200
2021 16900
2028 3220
2034 22420
2045 9480
2048 5460
2058 28440
2061 4040
2068 3660
2074 4260
2085 3640
2088 5360
2098 26180
2101 4860
2108 85500
2114 2900
2125 3340
2128 3560
2138 8780
2141 3960
2148 28540
2154 2140
2165 2500
2168 19800
2178 7460
2181 9480
2188 6020
2194 6780
2205 14200
2208 4620
2218 24560
2221 3640
2228 8580
2234 3220
2245 2680
2248 6020
2258 11040
2261 3340
2268 5100
2274 3660
2285 4400
2288 4440
2298 6120
2301 2500
2308 16740
2314 85500
2325 3660
2328 24200
2338 5800
2341 14200
2348 5460
2354 28540
2356 43240
2365 25840
2368 4460
2378 92280
2381 2680
2388 5360
2394 6020
2396 16900
2405 5340
2408 7180
2418 31760
2421 4400
2428 3560
2434 8580
2436 4040
2445 6400
2448 6540
2458 9680
2461 3660
2468 19800
2474 5100
2476 4860
2485 3460
2488 23960
2495 43240
2498 94080
2501 25840
2508 4620
2514 16740
2516 3960
2525 21220
2528 6620
2535 16900
2538 33640
2541 5340
2548 6020
2554 5460
2556 9480
2565 4820
2568 6200
2575 4040
2578 22760
2581 6400
2588 4440
2594 5360
2596 3640
2605 4340
2608 3880
2615 4860
2618 14040
2621 3460
2628 24200
2634 3560
2636 3340
2645 2680
2648 29140
2655 3960
2658 10460
2661 21220
2668 4460
2674 19800
2676 2500
2685 23880
2688 6260
2695 9480
2698 20300
2701 4820
2708 7180
2714 4620
2716 14200
2725 3760
2728 8280
2735 3640
2738 25260
2741 4340
2748 6540
2754 6020
2756 2680
2765 4520
2768 5580
2775 3340
2778 9980
2781 2680
2788 23960
2794 4440
2796 4400
2799 43240
2805 4560
2808 24420
2815 2500
2818 9580
2821 23880
2828 6620
2834 24200
2836 3660
2839 16900
2845 22420
2848 5740
2855 14200
2858 24240
2861 3760
2868 6200
2874 4460
2876 25840
2879 4040
2885 4260
2888 7460
2895 2680
2898 28820
2901 4520
2908 3880
2914 7180
2916 5340
2919 4860
2925 2900
2928 5040
2935 4400
2938 10480
2941 4560
2948 29140
2954 6540
2956 6400
2959 3960
2965 2140
2968 9180
2975 3660
2978 11620
