0 0
454 43240
494 16900
534 4040
574 4860
614 3960
654 9480
694 3640
734 3340
757 43240
774 2500
797 16900
814 14200
837 4040
854 2680
877 4860
894 4400
917 3960
934 3660
957 9480
974 25840
997 3640
1014 5340
1037 3340
1052 43240
1054 6400
1076 43240
1077 2500
1092 16900
1094 3460
1116 16900
1117 14200
1132 4040
1134 21220
1156 4040
1157 2680
1172 4860
1174 4820
1196 4860
1197 4400
1212 3960
1214 4340
1231 43240
1236 3960
1237 3660
1252 9480
1254 2680
1271 16900
1276 9480
1277 25840
1292 3640
1294 23880
1311 4040
1316 3640
1317 5340
1332 3340
1334 3760
1351 4860
1356 3340
1357 6400
1372 2500
1374 4520
1391 3960
1396 2500
1397 3460
1412 14200
1414 4560
1431 9480
1436 14200
1437 21220
1452 2680
1454 22420
1471 3640
1476 2680
1477 4820
1492 4400
1494 4260
1511 3340
1516 4400
1517 4340
1532 3660
1534 2900
1551 2500
1556 3660
1557 2680
1572 25840
1574 2140
1591 14200
1596 25840
1597 23880
1612 5340
1614 6780
1631 2680
1636 5340
1637 3760
1652 6400
1654 3220
1671 4400
1676 6400
1677 4520
1692 3460
1694 3660
1711 3660
1716 3460
1717 4560
1732 21220
1734 85500
1751 25840
1756 21220
1757 22420
1772 4820
1774 28540
1791 5340
1796 4820
1797 4260
1812 4340
1814 6020
1831 6400
1836 4340
1837 2900
1844 43240
1852 2680
1854 8580
1871 3460
1876 2680
1877 2140
1884 16900
1892 23880
1894 5100
1911 21220
1913 43240
1916 23880
1917 6780
1924 4040
1932 3760
1934 16740
1951 4820
1953 16900
1956 3760
1957 3220
1964 4860
1972 4520
1974 5460
1991 4340
1993 4040
1996 4520
1997 3660
2004 3960
2005 43240
2012 4560
2014 5360
2031 2680
2033 4860
2036 4560
2037 85500
2044 9480
2045 16900
2052 22420
2054 3560
2071 23880
2073 3960
2076 22420
2077 28540
2084 3640
2085 4040
2092 4260
2094 19800
2111 3760
2113 9480
2116 4260
2117 6020
2124 3340
2125 4860
2132 2900
2134 4620
2151 4520
2153 3640
2156 2900
2157 8580
2164 2500
2165 3960
2172 2140
2174 6020
2191 4560
2193 3340
2196 2140
2197 5100
2204 14200
2205 9480
2212 6780
2214 4440
2231 22420
2233 2500
2236 6780
2237 16740
2244 2680
2245 3640
2252 3220
2254 24200
2271 4260
2273 14200
2276 3220
2277 5460
2284 4400
2285 3340
2292 3660
2294 4460
2311 2900
2313 2680
2316 3660
2317 5360
2324 3660
2325 2500
2332 85500
2334 7180
2351 2140
2353 4400
2356 85500
2357 3560
2364 25840
2365 14200
2372 28540
2374 6540
2391 6780
2393 3660
2396 28540
2397 19800
2404 5340
2405 2680
2412 6020
2414 23960
2431 3220
2433 25840
2436 6020
2437 4620
2444 6400
2445 4400
2452 8580
2454 6620
2471 3660
2472 43240
2473 5340
2476 8580
2477 6020
2484 3460
2485 3660
2492 5100
2494 6200
2511 85500
2512 16900
2513 6400
2516 5100
2517 4440
2524 21220
2525 25840
2532 16740
2534 3880
2551 28540
2552 4040
2553 3460
2556 16740
2557 24200
2564 4820
2565 5340
2572 5460
2574 29140
2591 6020
2592 4860
2593 21220
2596 5460
2597 4460
2604 4340
2605 6400
2612 5360
2614 6260
2631 8580
2632 3960
2633 4820
2636 5360
2637 7180
2644 2680
2645 3460
2652 3560
2654 8280
2671 5100
2672 9480
2673 4340
2676 3560
2677 6540
2684 23880
2685 21220
2692 19800
2694 5580
2711 16740
2712 3640
2713 2680
2716 19800
2717 23960
2724 3760
2725 4820
2732 4620
2734 24420
2751 5460
2752 3340
2753 23880
2756 4620
2757 6620
2764 4520
2765 4340
2772 6020
2774 5740
2791 5360
2792 2500
2793 3760
2796 6020
2797 6200
2804 4560
2805 2680
2812 4440
2814 7460
2831 3560
2832 14200
2833 4520
2836 4440
2837 3880
2844 22420
2845 23880
2852 24200
2854 5040
2871 19800
2872 2680
2873 4560
2874 43240
2876 24200
2877 29140
2884 4260
2885 3760
2892 4460
2894 9180
2911 4620
2912 4400
2913 22420
2914 16900
2916 4460
2917 6260
2924 2900
2925 4520
2932 7180
2934 5140
2951 6020
2952 3660
2953 4260
2954 4040
2956 7180
2957 8280
2964 2140
2965 4560
2972 6540
2974 6380
2991 4440
2992 25840
