0 0
182 43240
222 16900
259 43240
262 4040
299 16900
302 4860
339 4040
342 3960
379 4860
382 9480
419 3960
422 3640
459 9480
462 3340
499 3640
502 2500
539 3340
542 14200
579 2500
582 2680
595 43240
619 14200
622 4400
635 16900
659 2680
662 3660
675 4040
699 4400
702 25840
715 4860
739 3660
742 5340
755 3960
779 25840
782 6400
795 9480
819 5340
822 3460
835 46880
859 6400
862 21220
864 43240
875 20240
882 43240
899 3460
902 4820
904 16900
915 6540
922 16900
939 21220
942 4340
944 4040
955 19060
962 4040
979 4820
982 2680
984 4860
995 6640
1002 4860
1019 4340
1022 23880
1024 3960
1035 13880
1042 3960
1059 2680
1062 3760
1064 9480
1075 7300
1082 9480
1099 23880
1102 4520
1104 3640
1115 29180
1122 3640
1139 3760
1142 4560
1144 3340
1155 7840
1162 3340
1179 4520
1182 22420
1184 2500
1195 20600
1202 2500
1219 4560
1222 4260
1224 14200
1235 6140
1242 14200
1259 22420
1262 2900
1264 2680
1275 25620
1282 2680
1299 4260
1302 2140
1304 4400
1315 8480
1322 4400
1339 46140
1342 6780
1344 3660
1355 30180
1362 3660
1379 19040
1382 3220
1384 25840
1395 8020
1402 25840
1419 10820
1422 3660
1424 5340
1435 30280
1442 5340
1459 8080
1462 85500
1464 6400
1475 7220
1482 6400
1499 7620
1502 28540
1504 3460
1515 25740
1522 3460
1539 94980
1542 6020
1544 21220
1555 9380
1562 21220
1579 32180
1582 8580
1584 4820
1595 26760
1602 4820
1619 9360
1622 5100
1624 4340
1635 6940
1642 4340
1659 11080
1662 16740
1664 2680
1675 26780
1682 2680
1699 19300
1702 5460
1704 23880
1715 5900
1722 23880
1735 43240
1739 19420
1742 5360
1744 3760
1755 11300
1762 3760
1775 16900
1779 9860
1782 3560
1784 4520
1795 7780
1802 4520
1815 4040
1819 9020
1822 19800
1824 4560
1835 26080
1842 4560
1855 4860
1859 29400
1862 4620
1864 22420
1875 89760
1882 22420
1895 3960
1899 25140
1902 6020
1904 4260
1915 31440
1922 4260
1935 9480
1939 11020
1942 4440
1944 2900
1955 8160
1962 2900
1975 3640
1979 9480
1982 24200
1984 2140
1993 43240
1995 15360
2002 2140
2015 3340
2019 25660
2022 4460
2024 6780
2033 16900
2035 8320
2042 6780
2055 2500
2059 29020
2062 7180
2064 3220
2073 4040
2075 20400
2082 3220
2095 14200
2099 8800
2102 6540
2104 3660
2113 4860
2115 90960
2122 3660
2135 2680
2139 9860
2142 23960
2144 85500
2153 3960
2155 33900
2162 85500
2175 4400
2179 30420
2182 6620
2184 28540
2193 9480
2195 9580
2202 28540
2215 3660
2219 27720
2222 6200
2224 6020
2233 3640
2235 28380
2242 6020
2255 25840
2259 11140
2262 3880
2264 8580
2273 3340
2275 9720
2282 8580
2295 5340
2299 10760
2302 29140
2304 5100
2313 2500
2315 22760
2322 5100
2335 6400
2339 26300
2342 6260
2344 16740
2353 14200
2355 9900
2362 16740
2374 43240
2375 3460
2379 33400
2382 8280
2384 5460
2393 2680
2395 29560
2402 5460
2414 16900
2415 21220
2419 9160
2422 5580
2424 5360
2433 4400
2435 8020
2442 5360
2454 4040
2455 4820
2459 10420
2462 24420
2464 3560
2473 3660
2475 26980
2482 3560
2494 4860
2495 4340
2499 12360
2502 5740
2504 19800
2513 25840
2515 11160
2522 19800
2534 3960
2535 2680
2539 27640
2542 7460
2544 4620
2553 5340
2555 29980
2562 4620
2574 9480
2575 23880
2579 9400
2582 5040
2584 6020
2593 6400
2595 11060
2602 6020
2614 3640
2615 3760
2619 92960
2622 9180
2624 4440
2633 3460
2635 30400
2642 4440
2654 3340
2655 4520
2659 33580
2662 5140
2664 24200
2673 21220
2675 8340
2682 24200
2694 2500
2695 4560
2699 15200
2702 6380
2704 4460
2710 43240
2713 4820
2715 36320
2722 4460
2734 14200
2735 22420
2739 13720
2742 114340
2744 7180
2750 16900
2753 4340
2755 12800
2762 7180
2774 2680
2775 4260
2779 11480
2782 26100
2784 6540
2790 4040
2793 2680
2795 32240
2802 6540
2814 4400
2815 2900
2819 131080
2822 6000
2824 23960
2830 4860
2833 23880
2835 12200
2842 23960
2854 3660
2855 2140
2859 31560
2862 9080
2864 6620
2870 3960
2873 3760
2875 30620
2882 6620
2894 25840
2895 6780
2899 11360
2902 5860
2904 6200
2910 9480
2913 4520
2915 9620
2922 6200
2934 5340
2935 3220
2939 12640
2942 23580
2944 3880
2950 3640
2953 4560
2955 36600
2961 43240
2962 3880
2974 6400
2975 3660
2979 25660
2982 6480
2984 29140
2990 3340
