0 0
1000 43240
1040 16900
1080 4040
1093 43240
1120 4860
1133 16900
1160 3960
1173 4040
1200 9480
1213 4860
1240 3640
1253 3960
1280 3340
1293 9480
1320 2500
1333 3640
1360 14200
1373 3340
1374 43240
1400 2680
1413 2500
1414 16900
1440 4400
1453 14200
1454 4040
1456 43240
1480 3660
1493 2680
1494 4860
1496 16900
1520 25840
1533 4400
1534 3960
1536 4040
1560 5340
1573 3660
1574 9480
1576 4860
1600 6400
1613 25840
1614 3640
1616 3960
1633 43240
1640 3460
1653 5340
1654 3340
1656 9480
1673 16900
1680 21220
1693 6400
1694 2500
1696 3640
1713 4040
1720 4820
1733 3460
1734 14200
1736 3340
1753 4860
1760 4340
1773 21220
1774 2680
1776 2500
1793 3960
1800 2680
1813 4820
1814 4400
1816 14200
1817 43240
1833 9480
1840 23880
1853 4340
1854 3660
1856 2680
1857 16900
1873 3640
1880 3760
1893 2680
1894 25840
1896 4400
1897 4040
1913 3340
1920 4520
1933 23880
1934 5340
1936 3660
1937 4860
1953 2500
1960 4560
1973 3760
1974 6400
1976 25840
1977 3960
1993 14200
2000 22420
2013 4520
2014 3460
2016 5340
2017 9480
2033 2680
2034 43240
2040 4260
2053 4560
2054 21220
2056 6400
2057 3640
2073 4400
2074 16900
2080 2900
2093 22420
2094 4820
2096 3460
2097 3340
2113 3660
2114 4040
2120 2140
2133 4260
2134 4340
2136 21220
2137 2500
2153 25840
2154 4860
2160 6780
2173 2900
2174 2680
2176 4820
2177 14200
2193 5340
2194 3960
2200 3220
2213 2140
2214 23880
2216 4340
2217 2680
2233 6400
2234 9480
2240 3660
2253 6780
2254 3760
2256 2680
2257 4400
2273 3460
2274 3640
2280 85500
2293 3220
2294 4520
2296 23880
2297 3660
2313 21220
2314 46580
2320 28540
2333 3660
2334 4560
2336 3760
2337 25840
2353 4820
2354 62640
2360 6020
2373 85500
2374 22420
2376 4520
2377 5340
2393 4340
2394 35140
2400 8580
2413 28540
2414 4260
2416 4560
2417 6400
2433 2680
2434 11580
2440 5100
2453 6020
2454 2900
2456 22420
2457 3460
2473 23880
2474 13220
2480 16740
2493 8580
2494 2140
2496 4260
2497 21220
2513 3760
2514 17100
2520 5460
2533 5100
2534 6780
2536 2900
2537 4820
2553 4520
2554 38960
2560 5360
2573 16740
2574 3220
2576 2140
2577 4340
2593 4560
2594 12320
2600 3560
2613 5460
2614 3660
2616 6780
2617 2680
2633 22420
2634 12240
2640 19800
2653 5360
2654 85500
2656 3220
2657 23880
2673 4260
2674 20160
2680 4620
2693 3560
2694 28540
2696 3660
2697 3760
2713 2900
2714 38100
2720 6020
2733 19800
2734 6020
2736 85500
2737 4520
2753 2140
2754 11900
2760 4440
2773 4620
2774 8580
2776 28540
2777 4560
2793 6780
2794 12400
2800 24200
2813 6020
2814 5100
2816 6020
2817 22420
2833 3220
2834 32180
2840 4460
2850 43240
2853 4440
2854 16740
2856 8580
2857 4260
2873 3660
2874 55060
2880 7180
2890 16900
2893 24200
2894 5460
2896 5100
2897 2900
2913 85500
2914 15500
2920 6540
2930 4040
2933 4460
2934 5360
2936 16740
2937 2140
2953 28540
2954 14380
2960 23960
2970 4860
2973 7180
2974 3560
2976 5460
2977 6780
2993 6020
