0 0
526 43240
566 16900
606 4040
646 4860
686 3960
726 9480
766 3640
775 43240
806 3340
815 16900
846 2500
855 4040
886 14200
895 4860
926 2680
935 3960
966 4400
975 9480
1002 43240
1006 3660
1015 3640
1042 16900
1046 25840
1055 3340
1082 4040
1086 5340
1095 2500
1122 4860
1126 6400
1135 14200
1162 3960
1166 3460
1175 2680
1202 9480
1206 21220
1215 4400
1242 3640
1246 4820
1255 3660
1282 3340
1286 4340
1295 25840
1322 2500
1326 2680
1335 5340
1362 14200
1366 23880
1375 6400
1384 43240
1402 2680
1406 3760
1415 3460
1424 16900
1442 4400
1446 4520
1455 21220
1464 4040
1482 3660
1486 4560
1495 4820
1504 4860
1522 25840
1526 22420
1535 4340
1544 47200
1562 5340
1566 4260
1575 2680
1584 26380
1602 6400
1606 2900
1615 23880
1624 7680
1642 3460
1646 2140
1655 3760
1664 8200
1682 21220
1686 6780
1695 4520
1704 6460
1722 4820
1726 3220
1735 4560
1744 23680
1756 43240
1762 4340
1766 3660
1775 22420
1784 6320
1796 16900
1802 2680
1806 85500
1815 4260
1824 7740
1836 4040
1842 23880
1846 28540
1855 2900
1864 6160
1876 4860
1882 3760
1886 6020
1895 2140
1904 40040
1916 3960
1922 4520
1926 8580
1935 6780
1944 8020
1956 9480
1962 4560
1966 5100
1975 3220
1984 10800
1996 3640
2002 22420
2006 16740
2015 3660
2024 7120
2036 3340
2042 4260
2046 5460
2055 85500
2064 47060
2076 2500
2082 2900
2086 5360
2095 28540
2104 10160
2116 14200
2122 2140
2126 3560
2135 6020
2144 10740
2156 2680
2162 6780
2166 19800
2175 8580
2184 6140
2196 4400
2202 3220
2206 4620
2215 5100
2224 45100
2236 3660
2238 43240
2242 3660
2246 6020
2255 16740
2264 8580
2272 43240
2276 25840
2278 16900
2282 85500
2286 4440
2295 5460
2304 8860
2312 16900
2316 5340
2318 4040
2322 28540
2326 24200
2335 5360
2344 7240
2352 4040
2356 6400
2358 4860
2362 6020
2366 4460
2375 46800
2384 46300
2392 4860
2396 3460
2398 3960
2402 8580
2406 7180
2415 36700
2424 8020
2432 3960
2436 21220
2438 9480
2442 5100
2446 6540
2455 8660
2464 7420
2472 9480
2476 4820
2478 3640
2482 16740
2486 23960
2495 10880
2504 6700
2512 3640
2516 4340
2518 3340
2522 5460
2526 6620
2535 8400
2544 29200
2552 3340
2556 2680
2558 2500
2562 5360
2566 6200
2575 33680
2584 7480
2592 2500
2596 23880
2598 14200
2602 3560
2606 3880
2615 8100
2624 6560
2632 14200
2636 3760
2638 2680
2642 19800
2646 29140
2655 10520
2664 87640
2672 2680
2676 4520
2678 4400
2682 4620
2686 6260
2695 9040
2704 35320
2712 4400
2716 4560
2718 3660
2722 6020
2726 8280
2735 38160
2744 9240
2752 3660
2756 22420
2758 25840
2762 4440
2766 5580
2770 43240
2775 9300
2784 12240
2792 25840
2796 4260
2798 5340
2802 24200
2806 24420
2810 16900
2815 10600
2824 90600
2832 5340
2836 2900
2838 6400
2842 4460
2846 5740
2850 4040
2855 7540
2864 45280
2872 6400
2876 45380
2878 3460
2882 7180
2886 7460
2890 4860
2895 54980
2904 11480
2912 3460
2916 23680
2918 21220
2922 6540
2926 5040
2930 3960
2935 11600
2944 13940
2952 21220
2956 7260
2958 4820
2962 23960
2966 9180
2970 9480
2975 14680
2983 43240
