0 0
288 43240
328 16900
368 4040
407 43240
408 4860
447 16900
448 3960
487 4040
488 9480
527 4860
528 3640
567 3960
568 3340
607 9480
608 2500
647 3640
648 14200
687 3340
688 2680
707 43240
727 2500
728 4400
747 16900
767 14200
768 3660
787 4040
807 2680
808 25840
827 4860
847 4400
848 5340
867 3960
887 3660
888 6400
907 9480
927 25840
928 3460
947 3640
967 5340
968 21220
980 43240
987 3340
1007 6400
1008 4820
1020 16900
1027 2500
1047 3460
1048 4340
1060 4040
1067 14200
1087 21220
1088 2680
1100 4860
1107 2680
1127 4820
1128 23880
1140 3960
1147 4400
1167 4340
1168 3760
1180 9480
1187 3660
1207 2680
1208 4520
1220 3640
1227 25840
1247 23880
1248 4560
1260 3340
1267 5340
1287 3760
1288 22420
1300 2500
1307 6400
1327 4520
1328 4260
1340 14200
1347 3460
1367 4560
1368 2900
1380 2680
1387 21220
1407 22420
1408 2140
1420 4400
1427 4820
1447 4260
1448 6780
1460 3660
1467 4340
1487 2900
1488 3220
1500 25840
1507 2680
1510 43240
1527 2140
1528 3660
1540 5340
1547 23880
1550 16900
1567 6780
1568 85500
1580 6400
1587 3760
1590 4040
1600 43240
1607 3220
1608 28540
1616 43240
1620 3460
1627 4520
1630 4860
1640 16900
1647 3660
1648 6020
1656 16900
1660 21220
1667 4560
1670 3960
1680 4040
1683 43240
1687 85500
1688 8580
1696 4040
1700 4820
1707 22420
1710 9480
1720 4860
1723 16900
1727 28540
1728 5100
1736 4860
1740 4340
1747 4260
1750 3640
1760 3960
1763 4040
1767 6020
1768 16740
1776 3960
1780 2680
1787 2900
1790 3340
1800 9480
1803 4860
1807 8580
1808 5460
1816 9480
1820 23880
1827 2140
1830 2500
1831 43240
1840 3640
1843 3960
1847 5100
1848 5360
1856 3640
1860 3760
1867 6780
1870 14200
1871 16900
1880 3340
1883 9480
1887 16740
1888 3560
1896 3340
1900 4520
1907 3220
1910 2680
1911 4040
1920 2500
1923 3640
1927 5460
1928 19800
1936 2500
1940 4560
1947 3660
1950 4400
1951 4860
1960 14200
1963 3340
1967 5360
1968 4620
1976 14200
1980 22420
1987 85500
1990 3660
1991 3960
2000 45920
2003 2500
2007 3560
2008 6020
2016 2680
2020 4260
2027 28540
2030 25840
2031 9480
2040 21300
2043 14200
2047 19800
2048 4440
2056 4400
2060 2900
2067 6020
2070 5340
2071 3640
2080 7700
2083 2680
2087 4620
2088 24200
2096 3660
2100 2140
2107 8580
2110 6400
2111 3340
2120 30700
2123 4400
2127 6020
2128 4460
2136 25840
2140 6780
2147 5100
2150 3460
2151 2500
2160 9300
2163 3660
2167 4440
2168 7180
2176 5340
2180 3220
2187 16740
2190 21220
2191 14200
2200 15880
2203 25840
2207 24200
2208 6540
2216 6400
2220 3660
2227 5460
2230 4820
2231 2680
2240 7100
2243 5340
2247 4460
2248 23960
2256 3460
2260 85500
2267 5360
2270 4340
2271 4400
2280 24560
2283 6400
2287 7180
2288 6620
2296 21220
2300 28540
2307 3560
2310 2680
2311 3660
2320 7320
2323 3460
2327 6540
2328 6200
2336 4820
2340 6020
2347 19800
2350 23880
2351 25840
2360 18540
2363 21220
2367 23960
2368 3880
2376 4340
2380 8580
2387 4620
2390 3760
2391 5340
2400 5360
2403 4820
2407 6620
2408 29140
2416 2680
2420 5100
2427 6020
2430 4520
2431 6400
2440 28280
2443 4340
2447 6200
2448 6260
2456 23880
2458 43240
2460 16740
2467 4440
2470 4560
2471 3460
2480 7420
2483 2680
2487 3880
2488 8280
2496 3760
2498 16900
2500 5460
2507 24200
2510 22420
2511 21220
2520 30360
2523 23880
2527 29140
2528 5580
2536 4520
2538 4040
2540 5360
2547 4460
2550 4260
2551 4820
2560 9900
2563 3760
2567 6260
2568 24420
2576 4560
2578 4860
2580 3560
2587 7180
2590 2900
2591 4340
2600 28820
2603 4520
2607 8280
2608 5740
2616 22420
2618 3960
2620 19800
2627 6540
2630 2140
2631 2680
2640 7720
2643 4560
2647 5580
2648 7460
2656 4260
2658 9480
2660 4620
2667 23960
2670 6780
2671 23880
2680 24120
2683 22420
2687 24420
2688 5040
2696 2900
2698 3640
2700 6020
2707 6620
2710 3220
2711 3760
2720 6960
2723 4260
2727 5740
2728 9180
2736 2140
2738 3340
2740 4440
2747 6200
2750 3660
2751 4520
2760 11120
2763 2900
2767 7460
2768 5140
2776 6780
2778 2500
2780 24200
2787 3880
2790 85500
2791 4560
2800 5900
2803 2140
2807 5040
2808 6380
2816 3220
2818 14200
2820 4460
2827 29140
2830 28540
2831 22420
2840 27540
2843 6780
2847 9180
2848 114340
2856 3660
2858 2680
2860 7180
2867 6260
2870 6020
2871 4260
2880 89260
2883 3220
2887 5140
2888 26100
2896 85500
2898 4400
2900 49780
2907 8280
2910 8580
2911 2900
2920 33060
2923 3660
2927 6380
2928 6000
2936 28540
2938 3660
2940 40860
2947 5580
2950 5100
2951 2140
2960 10580
2963 85500
2967 114340
2968 9080
