0 0
160 43240
200 16900
240 4040
280 4860
320 3960
360 9480
400 3640
401 43240
440 3340
441 16900
479 43240
480 2500
481 4040
519 16900
520 14200
521 4860
534 43240
559 4040
560 2680
561 3960
574 16900
599 4860
600 4400
601 9480
614 4040
639 3960
640 3660
641 3640
654 4860
679 9480
680 25840
681 3340
694 3960
719 3640
720 5340
721 2500
734 9480
759 3340
760 6400
761 14200
774 3640
799 2500
800 3460
801 2680
814 3340
839 14200
840 21220
841 4400
854 2500
879 2680
880 4820
881 3660
893 43240
894 14200
919 4400
920 4340
921 25840
933 16900
934 2680
959 3660
960 2680
961 5340
973 4040
974 4400
999 25840
1000 23880
1001 6400
1013 4860
1014 3660
1039 5340
1040 3760
1041 3460
1053 3960
1054 25840
1079 6400
1080 4520
1081 21220
1093 9480
1094 5340
1119 3460
1120 4560
1121 4820
1133 3640
1134 6400
1159 21220
1160 22420
1161 4340
1173 3340
1174 3460
1199 4820
1200 4260
1201 2680
1213 2500
1214 21220
1239 4340
1240 2900
1241 23880
1253 14200
1254 4820
1279 2680
1280 2140
1281 3760
1293 2680
1294 4340
1319 23880
1320 6780
1321 4520
1333 4400
1334 2680
1359 3760
1360 3220
1361 4560
1373 3660
1374 23880
1399 4520
1400 3660
1401 22420
1413 25840
1414 3760
1439 4560
1440 85500
1441 4260
1453 5340
1454 4520
1479 22420
1480 28540
1481 2900
1493 6400
1494 4560
1519 4260
1520 6020
1521 2140
1533 3460
1534 65660
1559 2900
1560 8580
1561 6780
1573 21220
1574 21160
1599 2140
1600 5100
1601 3220
1613 4820
1614 6940
1622 43240
1639 6780
1640 16740
1641 3660
1653 4340
1654 7000
1662 16900
1679 3220
1680 5460
1681 85500
1693 2680
1694 10740
1702 4040
1719 3660
1720 5360
1721 28540
1733 23880
1734 12700
1742 4860
1759 85500
1760 3560
1761 6020
1773 3760
1774 7300
1782 3960
1799 28540
1800 19800
1801 8580
1813 4520
1814 88840
1822 9480
1839 6020
1840 4620
1841 5100
1853 4560
1854 31040
1862 3640
1879 8580
1880 6020
1881 16740
1893 22420
1894 20220
1902 3340
1919 5100
1920 4440
1921 5460
1933 4260
1934 11260
1942 2500
1959 16740
1960 24200
1961 5360
1963 43240
1973 2900
1974 9500
1982 14200
1999 5460
2000 4460
2001 3560
2003 16900
2013 2140
2014 20400
2022 2680
2039 5360
2040 7180
2041 19800
2043 4040
2053 6780
2054 31300
2062 4400
2079 3560
2080 6540
2081 4620
2083 4860
2093 3220
2094 10700
2102 3660
2119 19800
2120 23960
2121 6020
2123 3960
2133 3660
2134 9960
2142 25840
2159 4620
2160 6620
2161 4440
2163 9480
2166 43240
2173 85500
2174 23260
2182 5340
2199 6020
2200 6200
2201 24200
2203 3640
2206 16900
2213 28540
2214 25840
2222 6400
2239 4440
2240 3880
2241 4460
2243 3340
2246 4040
2253 6020
2254 10840
2262 3460
2279 24200
2280 29140
2281 7180
2283 2500
2286 4860
2293 8580
2294 8780
2302 21220
2319 4460
2320 6260
2321 6540
2323 14200
2326 3960
2333 5100
2334 26880
2342 4820
2359 7180
2360 8280
2361 23960
2363 2680
2366 9480
2373 16740
2374 28340
2382 4340
2399 6540
2400 5580
2401 6620
2403 4400
2406 3640
2413 48700
2414 10940
2422 2680
2427 43240
2439 23960
2440 24420
2441 6200
2443 3660
2446 3340
2453 22260
2454 11060
2462 23880
2467 16900
2479 6620
2480 5740
2481 3880
2483 25840
2486 2500
2490 43240
2493 7600
2494 28520
2502 3760
2507 4040
2519 6200
2520 7460
2521 29140
2523 5340
2526 14200
2530 16900
2533 24660
2534 29040
2542 4520
2547 4860
2559 3880
2560 5040
2561 6260
2563 6400
2566 2680
2570 4040
2573 8580
2574 10460
2582 4560
2587 3960
2599 29140
2600 9180
2601 8280
2603 3460
2606 4400
2610 4860
2613 15500
2614 6780
2622 22420
2627 9480
2639 6260
2640 5140
2641 5580
2643 21220
2646 3660
2650 3960
2653 8080
2654 31280
2662 4260
2667 3640
2679 8280
2680 6380
2681 24420
2683 4820
2686 25840
2690 9480
2693 27540
2694 13040
2702 2900
2707 3340
2714 43240
2719 5580
2720 114340
2721 5740
2723 4340
2726 5340
2730 3640
2733 6960
2734 11500
2742 2140
2747 2500
2754 16900
2759 24420
2760 26100
2761 7460
2763 2680
2766 6400
2770 3340
2773 21380
2774 9240
2782 6780
2787 14200
2794 4040
2799 5740
2800 6000
2801 5040
2803 23880
2806 3460
2810 2500
2813 9220
2814 109920
2822 3220
2827 2680
2834 4860
2839 7460
2840 9080
2841 9180
2843 3760
2846 21220
2850 14200
2853 28360
2854 34280
2862 3660
2867 4400
2874 3960
2879 5040
2880 5860
2881 5140
2883 4520
2886 4820
2890 2680
2893 10280
2894 13480
2901 43240
2902 85500
2907 3660
2914 9480
2919 9180
2920 23580
2921 6380
2923 4560
2926 4340
2930 4400
2933 32040
2934 13620
2941 16900
2942 28540
2947 25840
2954 3640
2959 5140
2960 6480
2961 114340
2963 22420
2966 2680
2970 3660
2973 9220
2974 14280
2981 2424
