0 0
202 43240
242 16900
257 43240
282 4040
297 16900
322 4860
337 4040
362 3960
377 4860
402 9480
417 3960
442 3640
457 9480
478 43240
482 3340
497 3640
518 16900
522 2500
537 3340
558 4040
562 14200
577 2500
598 4860
602 2680
617 14200
638 3960
642 4400
657 2680
678 9480
682 3660
697 4400
718 3640
722 25840
737 3660
758 3340
762 5340
777 25840
798 2500
802 6400
817 5340
838 14200
842 3460
857 6400
878 2680
882 21220
897 3460
918 4400
922 4820
937 21220
958 3660
962 4340
977 4820
998 25840
1002 2680
1017 4340
1038 5340
1042 23880
1057 2680
1078 6400
1082 3760
1097 23880
1118 3460
1122 4520
1137 3760
1158 21220
1162 4560
1177 4520
1198 4820
1202 22420
1217 4560
1238 4340
1242 4260
1257 22420
1278 2680
1282 2900
1297 4260
1318 23880
1322 2140
1337 2900
1358 3760
1362 6780
1377 2140
1398 4520
1402 3220
1417 6780
1438 4560
1442 3660
1457 3220
1478 22420
1482 85500
1491 43240
1497 3660
1518 4260
1522 28540
1531 16900
1537 85500
1558 2900
1562 6020
1571 4040
1577 28540
1598 2140
1602 8580
1611 4860
1617 6020
1638 6780
1642 5100
1651 3960
1657 8580
1678 3220
1682 16740
1691 9480
1697 5100
1718 3660
1722 5460
1731 3640
1737 16740
1744 43240
1758 85500
1762 5360
1771 3340
1777 5460
1784 16900
1798 28540
1802 3560
1811 2500
1817 5360
1824 4040
1838 6020
1842 19800
1851 14200
1857 3560
1864 4860
1878 8580
1882 4620
1891 2680
1897 19800
1904 3960
1918 5100
1922 6020
1931 4400
1937 4620
1944 9480
1958 16740
1962 4440
1963 43240
1971 3660
1977 6020
1984 3640
1998 5460
2002 24200
2003 16900
2011 25840
2017 4440
2024 3340
2038 5360
2042 4460
2043 4040
2051 5340
2057 24200
2064 2500
2078 3560
2082 7180
2083 4860
2091 6400
2097 4460
2100 43240
2104 14200
2118 19800
2122 6540
2123 3960
2131 3460
2137 7180
2140 16900
2144 2680
2158 4620
2162 23960
2163 9480
2171 21220
2177 6540
2180 4040
2184 4400
2198 6020
2202 6620
2203 3640
2211 4820
2217 23960
2220 4860
2224 3660
2238 4440
2242 6200
2243 3340
2251 4340
2257 6620
2260 3960
2264 25840
2278 24200
2282 3880
2283 2500
2291 2680
2297 6200
2300 9480
2304 5340
2318 4460
2322 29140
2323 14200
2331 23880
2337 3880
2340 3640
2344 6400
2351 43240
2358 7180
2362 6260
2363 2680
2371 3760
2377 29140
2380 3340
2384 3460
2391 16900
2398 6540
2402 8280
2403 4400
2411 4520
2417 6260
2420 2500
2424 21220
2431 4040
2438 23960
2442 5580
2443 3660
2451 4560
2457 8280
2460 14200
2464 4820
2471 4860
2478 6620
2482 24420
2483 25840
2491 22420
2497 5580
2500 2680
2504 4340
2511 3960
2518 6200
2522 5740
2523 5340
2531 4260
2537 24420
2540 4400
2544 2680
2551 9480
2558 3880
2562 7460
2563 6400
2571 2900
2577 5740
2580 3660
2584 23880
2591 3640
2598 29140
2602 5040
2603 3460
2611 2140
2617 7460
2620 25840
2624 3760
2631 3340
2638 6260
2642 9180
2643 21220
2651 6780
2657 5040
2660 5340
2663 43240
2664 4520
2671 2500
2678 8280
2682 5140
2683 4820
2691 3220
2697 9180
2700 6400
2703 16900
2704 4560
2711 14200
2718 5580
2722 6380
2723 4340
2731 3660
2737 5140
2740 3460
2743 4040
2744 22420
2751 2680
2758 24420
2762 114340
2763 2680
2771 85500
2777 6380
2780 21220
2783 4860
2784 4260
2791 4400
2798 5740
2802 26100
2803 23880
2811 28540
2817 114340
2820 4820
2823 3960
2824 2900
2831 3660
2838 7460
2842 6000
2843 3760
2851 6020
2857 26100
2860 4340
2863 9480
2864 2140
2871 25840
2878 5040
2882 9080
2883 4520
2891 8580
2897 6000
2900 2680
2903 3640
2904 6780
2911 5340
2918 9180
2922 5860
2923 4560
2931 5100
2937 9080
2940 23880
2943 3340
2944 3220
2951 6400
2958 5140
2962 23580
2963 22420
2971 16740
2977 5860
2980 3760
2983 2375
