0 0
117 43240
157 16900
197 4040
237 4860
277 3960
317 9480
357 3640
397 3340
437 2500
477 14200
517 2680
557 4400
597 3660
637 25840
666 43240
677 5340
706 16900
717 6400
746 4040
757 3460
786 4860
797 21220
826 3960
837 4820
855 43240
866 9480
877 4340
895 16900
906 3640
917 2680
935 4040
946 3340
957 23880
975 4860
986 2500
997 3760
1015 3960
1026 14200
1037 4520
1055 9480
1066 2680
1077 4560
1095 3640
1106 4400
1117 22420
1135 3340
1146 3660
1157 4260
1175 2500
1186 25840
1197 2900
1215 14200
1226 5340
1237 2140
1255 2680
1266 6400
1277 6780
1295 4400
1306 3460
1317 3220
1335 3660
1346 21220
1357 3660
1375 25840
1386 4820
1397 85500
1415 5340
1426 4340
1437 28540
1455 6400
1466 2680
1477 6020
1495 3460
1506 23880
1513 43240
1517 8580
1535 21220
1546 3760
1553 16900
1557 5100
1575 4820
1586 4520
1593 4040
1597 16740
1615 4340
1626 4560
1633 4860
1637 5460
1655 2680
1666 22420
1673 3960
1677 5360
1695 23880
1706 4260
1713 9480
1717 3560
1735 3760
1746 2900
1753 3640
1757 19800
1775 4520
1786 2140
1793 3340
1797 4620
1815 4560
1826 6780
1833 2500
1837 6020
1855 22420
1866 3220
1873 14200
1877 4440
1895 4260
1906 3660
1913 2680
1917 24200
1935 2900
1946 85500
1953 4400
1957 4460
1975 2140
1981 43240
1986 28540
1993 3660
1997 7180
2015 6780
2021 16900
2026 6020
2033 25840
2037 6540
2055 3220
2061 4040
2066 8580
2073 5340
2077 23960
2095 3660
2101 4860
2106 5100
2113 6400
2117 6620
2135 85500
2141 3960
2144 43240
2146 16740
2153 3460
2157 6200
2175 28540
2179 43240
2181 9480
2184 16900
2186 5460
2193 21220
2197 3880
2215 6020
2219 16900
2221 3640
2224 4040
2226 5360
2233 4820
2237 29140
2255 8580
2259 4040
2261 3340
2264 4860
2266 3560
2268 43240
2273 4340
2277 6260
2282 43240
2295 5100
2298 43240
2299 4860
2301 2500
2304 3960
2306 19800
2308 16900
2313 2680
2317 8280
2322 16900
2335 16740
2338 16900
2339 3960
2341 14200
2344 9480
2346 4620
2348 4040
2353 23880
2357 5580
2362 4040
2375 5460
2378 4040
2379 9480
2381 2680
2384 3640
2386 6020
2388 4860
2393 3760
2397 24420
2402 4860
2415 5360
2418 4860
2419 3640
2421 4400
2424 3340
2426 4440
2428 3960
2433 4520
2437 5740
2438 43240
2442 3960
2455 3560
2458 3960
2459 3340
2461 3660
2464 2500
2466 24200
2468 9480
2473 4560
2477 7460
2478 16900
2482 9480
2495 19800
2498 9480
2499 2500
2501 25840
2504 14200
2506 4460
2508 3640
2513 22420
2517 5040
2518 4040
2522 3640
2535 4620
2538 3640
2539 14200
2541 5340
2544 2680
2546 7180
2548 3340
2553 4260
2557 9180
2558 4860
2562 3340
2570 43240
2575 6020
2578 3340
2579 2680
2581 6400
2584 4400
2586 6540
2588 2500
2593 2900
2597 5140
2598 3960
2602 2500
2610 16900
2615 4440
2618 2500
2619 4400
2621 3460
2624 3660
2626 23960
2628 14200
2633 2140
2637 49620
2638 9480
2642 14200
2650 4040
2655 24200
2658 14200
2659 3660
2661 21220
2664 25840
2666 6620
2668 2680
2673 6780
2677 131240
2678 3640
2682 2680
2690 4860
2695 4460
2698 2680
2699 25840
2701 4820
2704 5340
2706 6200
2708 4400
2713 3220
2717 30140
2718 3340
2722 4400
2730 3960
2735 7180
2738 4400
2739 5340
2741 4340
2744 6400
2746 3880
2748 3660
2753 3660
2757 10860
2758 2500
2762 3660
2770 9480
2775 6540
2778 3660
2779 6400
2781 2680
2784 3460
2786 29140
2788 25840
2793 85500
2797 13040
2798 14200
2802 25840
2810 3640
2815 23960
2818 25840
2819 3460
2821 23880
2824 21220
2826 6260
2828 5340
2833 28540
2837 15340
2838 2680
2842 5340
2850 3340
2855 6620
2858 5340
2859 21220
2861 3760
2864 4820
2866 8280
2868 6400
2873 6020
2877 27220
2878 4400
2882 6400
2890 2500
2895 6200
2898 6400
2899 4820
2901 4520
2904 4340
2906 5580
2908 3460
2913 8580
2917 9820
2918 3660
2922 3460
2930 14200
2935 3880
2938 3460
2939 4340
2941 4560
2944 2680
2946 24420
2948 21220
2953 5100
2957 11900
2958 25840
2962 21220
2970 2680
2975 29140
2978 21220
2979 2680
2981 22420
2984 10746
