0 0
283 43240
302 43240
323 16900
326 43240
342 16900
363 4040
366 16900
382 4040
403 4860
406 4040
422 4860
443 3960
446 4860
462 3960
483 9480
486 3960
502 9480
523 3640
526 9480
542 3640
563 3340
566 3640
582 3340
603 2500
606 3340
622 2500
643 14200
646 2500
662 14200
683 2680
686 14200
702 2680
723 4400
726 2680
742 4400
746 43240
763 3660
766 4400
782 3660
786 16900
803 25840
806 3660
822 25840
826 4040
843 5340
846 25840
862 5340
866 4860
883 6400
886 5340
902 6400
906 3960
923 3460
926 6400
942 3460
946 9480
963 21220
966 3460
982 21220
986 3640
1003 4820
1006 21220
1022 4820
1026 3340
1043 4340
1046 4820
1062 4340
1066 2500
1083 2680
1086 4340
1102 2680
1106 14200
1123 23880
1126 2680
1142 23880
1146 2680
1163 3760
1166 23880
1182 3760
1186 4400
1203 4520
1206 3760
1222 4520
1226 3660
1243 4560
1246 4520
1262 4560
1266 25840
1283 22420
1286 4560
1302 65660
1306 5340
1323 4260
1326 22420
1342 21160
1346 6400
1363 2900
1366 4260
1382 6940
1386 3460
1403 2140
1406 2900
1422 7000
1426 21220
1443 6780
1446 2140
1462 10740
1466 4820
1483 3220
1484 43240
1486 6780
1502 12700
1506 4340
1523 3660
1524 16900
1526 3220
1542 7300
1546 2680
1563 85500
1564 4040
1566 3660
1582 88840
1586 23880
1593 43240
1603 28540
1604 4860
1606 85500
1622 31040
1626 3760
1633 16900
1643 6020
1644 3960
1646 28540
1662 20220
1666 4520
1673 4040
1683 8580
1684 9480
1686 6020
1702 11260
1706 4560
1713 4860
1723 5100
1724 3640
1726 8580
1742 9500
1746 22420
1753 3960
1763 16740
1764 3340
1766 5100
1782 20400
1786 4260
1789 43240
1793 9480
1803 5460
1804 2500
1806 16740
1822 31300
1826 2900
1829 16900
1833 3640
1843 5360
1844 14200
1846 5460
1862 10700
1866 2140
1869 4040
1873 3340
1883 3560
1884 2680
1886 5360
1902 9960
1906 6780
1909 4860
1913 2500
1923 19800
1924 4400
1926 3560
1942 23260
1946 3220
1949 3960
1953 14200
1963 4620
1964 3660
1966 19800
1982 25840
1986 3660
1989 9480
1993 2680
2003 6020
2004 25840
2006 4620
2022 10840
2026 85500
2029 3640
2033 4400
2043 4440
2044 5340
2046 6020
2062 8780
2066 28540
2069 3340
2073 3660
2083 24200
2084 6400
2086 4440
2102 26880
2106 6020
2109 2500
2113 25840
2123 4460
2124 3460
2126 24200
2142 71580
2146 8580
2149 14200
2153 5340
2163 7180
2164 21220
2166 4460
2182 27840
2186 5100
2189 2680
2193 6400
2203 6540
2204 4820
2206 7180
2222 15100
2224 43240
2226 16740
2229 4400
2233 3460
2243 23960
2244 4340
2246 6540
2262 33380
2264 16900
2266 5460
2269 3660
2273 21220
2283 6620
2284 2680
2286 23960
2302 33000
2304 4040
2306 5360
2309 25840
2313 4820
2323 6200
2324 23880
2326 6620
2342 19940
2344 4860
2346 3560
2349 5340
2353 4340
2356 43240
2363 3880
2364 3760
2366 6200
2382 10420
2384 3960
2386 19800
2389 6400
2393 2680
2396 16900
2403 29140
2404 4520
2406 3880
2422 34620
2424 9480
2426 4620
2429 3460
2433 23880
2436 4040
2443 6260
2444 4560
2446 29140
2462 15540
2464 3640
2466 6020
2469 21220
2473 3760
2476 4860
2483 8280
2484 22420
2486 6260
2502 25700
2504 3340
2506 4440
2509 4820
2513 4520
2516 3960
2523 5580
2524 4260
2526 8280
2542 11920
2544 2500
2546 24200
2549 4340
2553 4560
2556 9480
2563 24420
2564 2900
2566 5580
2582 114320
2584 14200
2586 4460
2589 2680
2593 22420
2596 3640
2603 5740
2604 2140
2606 24420
2622 37940
2624 2680
2626 7180
2629 23880
2633 4260
2636 3340
2643 7460
2644 6780
2646 5740
2662 39320
2664 4400
2666 6540
2669 3760
2673 2900
2676 2500
2683 5040
2684 3220
2686 7460
2702 18960
2704 3660
2706 23960
2709 4520
2713 2140
2716 14200
2723 9180
2724 3660
2726 5040
2742 20680
2744 25840
2746 6620
2749 4560
2753 6780
2756 2680
2763 5140
2764 85500
2766 9180
2782 25340
2784 5340
2786 6200
2789 22420
2793 3220
2796 4400
2803 6380
2804 28540
2806 5140
2822 33060
2824 6400
2826 3880
2829 4260
2833 3660
2836 3660
2843 114340
2844 6020
2846 6380
2862 124520
2864 3460
2866 29140
2869 2900
2873 85500
2876 25840
2883 26100
2884 8580
2886 114340
2902 34000
2904 21220
2906 6260
2909 2140
2913 28540
2916 5340
2923 6000
2924 5100
2926 26100
2942 28480
2944 4820
2946 8280
2949 6780
2953 6020
2956 6400
2963 9080
2964 16740
2966 6000
2982 37580
