0 0
332 43240
372 16900
403 43240
412 4040
437 43240
443 16900
452 4860
477 16900
483 4040
492 3960
517 4040
523 4860
532 9480
557 4860
563 3960
572 3640
597 3960
603 9480
612 3340
637 9480
643 3640
652 2500
677 3640
683 3340
692 14200
717 3340
723 2500
732 2680
757 2500
763 14200
772 4400
797 14200
803 2680
812 3660
837 2680
843 4400
852 25840
877 4400
883 3660
892 5340
917 46900
923 25840
932 6400
957 42740
963 5340
972 3460
997 9380
1003 49640
1012 21220
1037 11260
1043 20360
1052 4820
1077 7420
1083 25260
1092 4340
1117 30700
1123 9680
1132 2680
1157 8460
1163 8300
1172 23880
1197 7680
1203 12160
1212 3760
1237 5180
1243 27520
1252 4520
1277 38080
1283 7100
1292 4560
1317 6440
1323 7020
1332 22420
1357 8920
1363 18760
1372 4260
1397 8220
1403 25100
1412 2900
1437 48260
1443 8660
1452 2140
1477 9600
1483 6560
1492 6780
1513 43240
1517 9300
1523 27980
1532 3220
1553 16900
1557 5600
1563 12120
1572 3660
1593 4040
1597 28000
1603 9620
1612 85500
1633 4860
1637 8040
1643 7120
1652 28540
1673 3960
1677 8000
1683 106720
1692 6020
1713 9480
1717 88180
1723 33360
1732 8580
1753 3640
1757 52420
1763 10360
1772 5100
1788 43240
1793 3340
1797 9780
1799 43240
1803 11260
1812 16740
1828 16900
1833 2500
1837 13100
1839 16900
1843 28980
1852 5460
1868 4040
1873 14200
1877 9660
1879 4040
1883 20500
1892 5360
1908 4860
1913 2680
1917 39160
1919 4860
1923 9980
1932 3560
1948 3960
1953 4400
1957 9720
1959 3960
1963 9920
1972 19800
1988 9480
1993 3660
1997 8260
1999 9480
2003 25980
2012 4620
2028 3640
2033 25840
2037 5700
2039 3640
2043 24060
2051 43240
2052 6020
2068 3340
2073 5340
2077 26580
2079 3340
2081 43240
2083 7520
2091 16900
2092 4440
2108 2500
2113 6400
2117 7840
2119 2500
2121 16900
2123 8160
2131 4040
2132 24200
2148 14200
2153 3460
2157 9680
2159 14200
2161 4040
2163 11220
2169 43240
2171 4860
2172 4460
2188 2680
2193 21220
2197 89940
2199 2680
2201 4860
2203 27420
2209 16900
2211 3960
2212 7180
2228 4400
2233 4820
2237 52740
2239 4400
2241 3960
2243 8120
2249 4040
2251 9480
2252 6540
2256 43240
2268 3660
2273 4340
2277 10480
2279 3660
2281 9480
2283 92680
2289 4860
2291 3640
2292 23960
2296 16900
2308 25840
2313 2680
2317 15760
2319 25840
2321 3640
2323 35080
2329 3960
2331 3340
2332 6620
2336 4040
2337 43240
2348 5340
2353 23880
2357 11640
2359 5340
2361 3340
2363 29980
2369 9480
2371 2500
2372 6200
2376 4860
2377 16900
2388 6400
2393 3760
2397 40700
2399 6400
2401 2500
2403 15200
2409 3640
2411 14200
2412 3880
2416 3960
2417 4040
2422 43240
2428 3460
2433 4520
2437 12080
2439 3460
2441 14200
2443 11300
2449 3340
2451 2680
2452 29140
2456 9480
2457 4860
2462 16900
2468 21220
2473 4560
2477 11560
2479 21220
2481 2680
2483 20620
2489 2500
2491 4400
2492 6260
2496 3640
2497 3960
2502 4040
2508 4820
2513 22420
2517 7440
2519 4820
2521 4400
2523 34600
2529 14200
2531 3660
2532 8280
2536 3340
2537 9480
2542 4860
2548 4340
2553 4260
2557 48940
2559 4340
2561 3660
2563 11620
2569 2680
2571 25840
2572 5580
2576 2500
2577 3640
2582 3960
2588 2680
2593 2900
2597 10880
2599 2680
2601 25840
2603 11840
2609 4400
2611 5340
2612 24420
2616 14200
2617 3340
2622 9480
2628 23880
2633 2140
2637 14300
2639 23880
2641 5340
2643 25380
2649 3660
2651 6400
2652 5740
2656 2680
2657 2500
2662 3640
2668 3760
2673 6780
2677 10020
2679 3760
2681 6400
2683 29040
2689 25840
2691 3460
2692 7460
2696 4400
2697 14200
2702 3340
2708 4520
2713 3220
2717 48620
2719 4520
2721 3460
2723 11760
2729 5340
2731 21220
2732 5040
2736 3660
2737 2680
2742 2500
2748 4560
2753 3660
2757 10200
2759 4560
2761 21220
2763 11900
2769 6400
2771 4820
2772 9180
2776 25840
2777 4400
2782 14200
2788 22420
2793 85500
2797 14640
2799 22420
2801 4820
2803 29240
2809 3460
2811 4340
2812 5140
2816 5340
2817 3660
2822 2680
2828 4260
2833 28540
2837 11580
2839 4260
2841 4340
2843 13640
2849 21220
2851 2680
2852 6380
2856 6400
2857 25840
2862 4400
2868 2900
2873 6020
2875 43240
2877 33140
2879 2900
2881 2680
2883 12320
2889 4820
2891 23880
2892 114340
2896 3460
2897 5340
2902 3660
2908 2140
2913 8580
2915 16900
2917 11760
2919 2140
2921 23880
2923 12920
2929 4340
2931 3760
2932 26100
2936 21220
2937 6400
2942 25840
2948 6780
2953 5100
2955 4040
2957 12580
2959 6780
2961 3760
2963 138300
2969 2680
2971 4520
2972 6000
2976 4820
2977 3460
2982 5340
2988 3220
2993 16740
2995 4860
