0 0
283 43240
323 16900
363 4040
403 4860
443 3960
483 9480
523 3640
563 3340
603 2500
609 43240
643 14200
649 16900
683 2680
689 4040
723 4400
729 4860
763 3660
769 3960
803 25840
809 9480
843 5340
849 3640
883 6400
889 3340
923 3460
929 2500
930 43240
963 21220
967 43240
969 14200
970 16900
1003 4820
1007 16900
1009 2680
1010 4040
1029 43240
1043 4340
1047 4040
1049 4400
1050 4860
1069 16900
1083 2680
1084 43240
1087 4860
1089 3660
1090 3960
1109 4040
1123 23880
1124 16900
1127 3960
1129 25840
1130 9480
1149 4860
1163 3760
1164 4040
1167 9480
1169 5340
1170 3640
1189 3960
1203 4520
1204 4860
1207 3640
1209 6400
1210 3340
1229 9480
1243 4560
1244 3960
1247 3340
1249 3460
1250 2500
1256 43240
1269 3640
1283 22420
1284 9480
1287 2500
1289 21220
1290 14200
1296 16900
1309 3340
1323 4260
1324 3640
1327 14200
1329 4820
1330 2680
1336 4040
1349 2500
1362 43240
1363 2900
1364 3340
1367 2680
1369 4340
1370 4400
1376 4860
1389 14200
1402 16900
1403 2140
1404 2500
1407 4400
1409 2680
1410 3660
1416 3960
1429 2680
1442 4040
1443 6780
1444 14200
1447 3660
1449 23880
1450 25840
1456 9480
1469 4400
1482 4860
1483 3220
1484 2680
1487 25840
1489 3760
1490 5340
1496 3640
1509 3660
1522 47200
1523 3660
1524 4400
1527 5340
1529 4520
1530 6400
1536 3340
1549 25840
1562 26380
1563 85500
1564 3660
1567 6400
1569 4560
1570 3460
1576 2500
1589 5340
1602 7680
1603 28540
1604 25840
1607 3460
1609 22420
1610 21220
1616 14200
1629 6400
1642 8200
1643 6020
1644 5340
1647 21220
1649 4260
1650 4820
1656 2680
1669 3460
1682 6460
1683 8580
1684 6400
1687 4820
1689 2900
1690 4340
1696 4400
1709 21220
1722 23680
1723 5100
1724 3460
1727 4340
1729 2140
1730 2680
1736 3660
1749 4820
1762 6320
1763 16740
1764 21220
1767 2680
1769 6780
1770 23880
1776 25840
1789 4340
1802 7740
1803 5460
1804 4820
1807 23880
1809 3220
1810 3760
1816 5340
1829 2680
1842 6160
1843 5360
1844 4340
1847 3760
1849 3660
1850 4520
1856 6400
1869 23880
1880 43240
1882 40040
1883 3560
1884 2680
1887 4520
1889 85500
1890 4560
1896 3460
1903 43240
1909 3760
1920 16900
1922 8020
1923 19800
1924 23880
1927 4560
1929 28540
1930 22420
1936 21220
1943 16900
1949 4520
1960 4040
1962 10800
1963 4620
1964 3760
1967 22420
1969 6020
1970 4260
1976 4820
1983 4040
1989 4560
2000 4860
2002 7120
2003 6020
2004 4520
2007 4260
2009 8580
2010 2900
2016 4340
2023 4860
2029 22420
2040 3960
2042 47060
2043 4440
2044 4560
2047 2900
2049 5100
2050 2140
2056 2680
2063 3960
2069 4260
2080 9480
2082 10160
2083 24200
2084 22420
2087 2140
2089 16740
2090 6780
2096 23880
2103 9480
2109 2900
2120 3640
2122 10740
2123 4460
2124 4260
2127 6780
2129 5460
2130 3220
2136 3760
2143 3640
2149 2140
2160 3340
2162 6140
2163 7180
2164 2900
2167 3220
2169 5360
2170 3660
2176 4520
2183 3340
2189 6780
2200 2500
2202 45100
2203 6540
2204 2140
2207 3660
2209 3560
2210 85500
2216 4560
2223 2500
2229 3220
2240 14200
2242 8580
2243 23960
2244 6780
2247 85500
2249 19800
2250 28540
2256 22420
2263 14200
2269 3660
2280 2680
2282 8860
2283 6620
2284 3220
2287 28540
2289 4620
2290 6020
2296 4260
2303 2680
2309 85500
2320 4400
2322 7240
2323 6200
2324 3660
2327 6020
2329 6020
2330 8580
2336 2900
2343 4400
2349 28540
2360 3660
2362 46300
2363 3880
2364 85500
2367 8580
2369 4440
2370 5100
2376 2140
2383 3660
2389 6020
2400 25840
2402 8020
2403 29140
2404 28540
2407 5100
2409 24200
2410 16740
2416 6780
2423 25840
2429 8580
2440 5340
2442 7420
2443 6260
2444 6020
2447 16740
2449 4460
2450 5460
2456 3220
2463 5340
2469 5100
2480 6400
2482 6700
2483 8280
2484 8580
2487 5460
2489 7180
2490 5360
2496 3660
2503 6400
2509 16740
2520 3460
2522 29200
2523 5580
2524 5100
2527 5360
2529 6540
2530 3560
2536 85500
2543 3460
2549 5460
2560 21220
2562 7480
2563 24420
2564 16740
2567 3560
2569 23960
2570 19800
2576 28540
2583 21220
2589 5360
2600 4820
2602 6560
2603 5740
2604 5460
2607 19800
2609 6620
2610 4620
2616 6020
2623 4820
2629 3560
2640 4340
2642 87640
2643 7460
2644 5360
2647 4620
2649 6200
2650 6020
2656 8580
2663 4340
2665 43240
2669 19800
2680 2680
2682 35320
2683 5040
2684 3560
2687 6020
2689 3880
2690 4440
2696 5100
2703 2680
2705 16900
2709 4620
2720 23880
2721 43240
2722 9240
2723 9180
2724 19800
2727 4440
2729 29140
2730 24200
2736 16740
2743 23880
2745 4040
2749 6020
2760 3760
2761 16900
2762 12240
2763 5140
2764 4620
2767 24200
2769 6260
2770 4460
2776 5460
2783 3760
2784 43240
2785 4860
2789 4440
2800 4520
2801 4040
2802 90600
2803 6380
2804 6020
2807 4460
2809 8280
2810 7180
2816 5360
2823 4520
2824 16900
2825 3960
2829 24200
2836 43240
2840 4560
2841 4860
2842 45280
2843 114340
2844 4440
2847 7180
2849 5580
2850 6540
2856 3560
2863 4560
2864 4040
2865 9480
2869 4460
2876 16900
2880 22420
2881 3960
2882 11480
2883 26100
2884 24200
2887 6540
2889 24420
2890 23960
2896 19800
2903 22420
2904 4860
2905 3640
2909 7180
2916 4040
2920 4260
2921 9480
2922 13940
2923 6000
2924 4460
2927 23960
2929 5740
2930 6620
2936 4620
2943 4260
2944 3960
2945 3340
2949 6540
2956 4860
2960 2900
2961 3640
2962 8660
2963 9080
2964 7180
2967 6620
2969 7460
2970 5890
