0 0
174 43240
214 16900
254 4040
285 43240
294 4860
297 43240
325 16900
334 3960
337 16900
365 4040
374 9480
377 4040
405 4860
414 3640
417 4860
445 3960
454 3340
457 3960
485 9480
494 2500
497 9480
525 3640
534 14200
537 3640
565 3340
574 2680
577 3340
605 2500
614 4400
617 2500
645 14200
654 3660
657 14200
685 2680
694 25840
697 2680
725 4400
734 5340
737 4400
765 3660
768 43240
774 6400
777 3660
805 25840
808 16900
814 3460
817 25840
845 5340
848 4040
854 21220
857 5340
885 6400
888 4860
894 4820
897 6400
925 3460
928 3960
934 4340
937 3460
965 21220
968 9480
974 2680
977 21220
1005 4820
1008 3640
1014 23880
1017 4820
1045 4340
1048 3340
1054 3760
1057 4340
1085 2680
1088 2500
1094 4520
1097 2680
1099 43240
1125 23880
1128 14200
1134 4560
1137 23880
1139 16900
1165 3760
1168 2680
1174 22420
1177 3760
1179 4040
1205 4520
1208 4400
1214 4260
1217 4520
1219 4860
1245 4560
1248 3660
1254 2900
1257 4560
1259 3960
1285 22420
1288 25840
1294 2140
1297 22420
1299 9480
1325 4260
1328 5340
1334 6780
1337 4260
1339 3640
1365 2900
1368 6400
1374 3220
1377 2900
1379 3340
1405 2140
1408 3460
1414 3660
1417 2140
1419 2500
1445 6780
1448 21220
1454 85500
1457 6780
1459 14200
1485 3220
1488 4820
1494 28540
1497 3220
1499 2680
1525 3660
1528 4340
1534 6020
1537 3660
1539 4400
1564 43240
1565 85500
1568 2680
1574 8580
1577 85500
1579 3660
1604 16900
1605 28540
1608 23880
1614 5100
1617 28540
1619 25840
1644 4040
1645 6020
1648 3760
1654 16740
1657 6020
1659 5340
1679 43240
1684 4860
1685 8580
1688 4520
1694 5460
1697 8580
1699 6400
1719 16900
1724 3960
1725 5100
1728 4560
1734 5360
1737 5100
1739 3460
1749 43240
1759 4040
1764 9480
1765 16740
1768 22420
1774 3560
1777 16740
1779 21220
1789 16900
1799 4860
1804 3640
1805 5460
1808 4260
1814 19800
1817 5460
1819 4820
1829 4040
1839 3960
1844 3340
1845 5360
1848 2900
1854 4620
1857 5360
1859 4340
1869 4860
1879 9480
1884 2500
1885 3560
1888 2140
1894 6020
1897 3560
1899 2680
1909 3960
1919 3640
1924 14200
1925 19800
1928 6780
1934 4440
1937 19800
1939 23880
1949 9480
1959 3340
1964 2680
1965 4620
1968 3220
1974 24200
1977 4620
1979 3760
1989 3640
1999 2500
2004 4400
2005 6020
2008 3660
2014 4460
2017 6020
2019 4520
2029 3340
2039 14200
2044 3660
2045 4440
2048 85500
2054 7180
2057 4440
2059 4560
2069 2500
2078 43240
2079 2680
2084 25840
2085 24200
2088 28540
2094 6540
2097 24200
2099 22420
2109 14200
2118 16900
2119 4400
2124 5340
2125 4460
2128 6020
2134 23960
2137 4460
2139 4260
2149 2680
2158 4040
2159 3660
2164 6400
2165 7180
2168 8580
2174 6620
2177 7180
2179 2900
2189 4400
2198 4860
2199 25840
2204 3460
2205 6540
2208 5100
2214 6200
2217 6540
2219 2140
2229 3660
2238 3960
2239 5340
2244 21220
2245 23960
2248 16740
2254 3880
2257 23960
2259 6780
2269 25840
2278 9480
2279 6400
2284 4820
2285 6620
2288 5460
2294 29140
2297 6620
2299 3220
2309 5340
2318 3640
2319 3460
2324 4340
2325 6200
2328 5360
2334 6260
2337 6200
2339 3660
2349 6400
2358 3340
2359 21220
2364 2680
2365 3880
2368 3560
2374 8280
2377 3880
2379 85500
2389 3460
2398 2500
2399 4820
2404 23880
2405 29140
2408 19800
2414 5580
2417 29140
2419 28540
2421 43240
2429 21220
2438 14200
2439 4340
2444 3760
2445 6260
2448 4620
2454 24420
2457 6260
2459 6020
2461 16900
2469 4820
2470 43240
2478 2680
2479 2680
2484 4520
2485 8280
2488 6020
2494 5740
2497 8280
2499 8580
2501 4040
2509 4340
2510 16900
2518 4400
2519 23880
2524 4560
2525 5580
2528 4440
2534 7460
2537 5580
2539 5100
2541 4860
2549 2680
2550 4040
2558 3660
2559 3760
2564 22420
2565 24420
2568 24200
2574 5040
2577 24420
2579 16740
2581 3960
2589 23880
2590 4860
2598 25840
2599 4520
2604 4260
2605 5740
2608 4460
2614 9180
2617 5740
2619 5460
2621 9480
2629 3760
2630 3960
2638 5340
2639 4560
2644 2900
2645 7460
2648 7180
2654 5140
2657 7460
2659 5360
2661 3640
2669 4520
2670 9480
2678 6400
2679 22420
2684 2140
2685 5040
2688 6540
2694 6380
2697 5040
2699 3560
2701 3340
2709 4560
2710 3640
2718 3460
2719 4260
2724 6780
2725 9180
2728 23960
2734 114340
2737 9180
2739 19800
2741 2500
2749 22420
2750 3340
2758 21220
2759 2900
2764 3220
2765 5140
2768 6620
2774 26100
2777 5140
2779 4620
2781 14200
2789 4260
2790 2500
2796 43240
2798 4820
2799 2140
2804 3660
2805 6380
2808 6200
2814 6000
2817 6380
2819 6020
2821 2680
2829 2900
2830 14200
2836 16900
2838 4340
2839 6780
2844 85500
2845 114340
2848 3880
2854 9080
2857 114340
2859 4440
2861 4400
2869 2140
2870 2680
2876 4040
2878 2680
2879 3220
2884 28540
2885 26100
2888 29140
2894 5860
2897 26100
2899 24200
2901 3660
2909 6780
2910 4400
2916 4860
2918 23880
2919 3660
2924 6020
2925 6000
2928 6260
2934 23580
2937 6000
2939 4460
2941 25840
2949 3220
2950 3660
2956 3960
2958 3760
2959 85500
2964 8580
2965 9080
2968 8280
2974 6480
2977 9080
2979 7180
2981 5340
2989 3660
