0 0
123 43240
163 16900
203 4040
243 4860
283 3960
323 9480
343 43240
363 3640
383 16900
403 3340
423 4040
443 2500
463 4860
483 14200
487 43240
503 3960
523 2680
527 16900
543 9480
563 4400
567 4040
583 3640
603 3660
607 4860
623 3340
643 25840
647 3960
663 2500
683 5340
686 43240
687 9480
703 14200
723 6400
726 16900
727 3640
743 2680
763 3460
766 4040
767 3340
783 4400
803 21220
806 4860
807 2500
823 3660
843 4820
846 3960
847 14200
863 25840
883 4340
886 9480
887 2680
903 5340
923 2680
926 3640
927 4400
943 6400
963 23880
966 3340
967 3660
983 3460
1003 3760
1006 2500
1007 25840
1023 21220
1043 4520
1046 14200
1047 5340
1063 4820
1070 43240
1083 4560
1086 2680
1087 6400
1103 4340
1110 16900
1123 22420
1126 4400
1127 3460
1143 2680
1150 4040
1163 4260
1166 3660
1167 21220
1183 23880
1190 4860
1203 2900
1206 25840
1207 4820
1223 3760
1230 3960
1243 2140
1246 5340
1247 4340
1263 4520
1270 9480
1283 6780
1286 6400
1287 2680
1303 4560
1310 3640
1323 3220
1326 3460
1327 23880
1343 22420
1350 3340
1363 3660
1366 21220
1367 3760
1383 4260
1390 2500
1403 85500
1406 4820
1407 4520
1423 2900
1430 14200
1443 28540
1446 4340
1447 4560
1463 2140
1470 2680
1483 6020
1486 2680
1487 22420
1503 6780
1510 4400
1523 8580
1526 23880
1527 4260
1543 3220
1545 43240
1550 3660
1563 5100
1566 3760
1567 2900
1583 3660
1585 16900
1590 25840
1603 16740
1606 4520
1607 2140
1623 85500
1625 4040
1630 5340
1643 5460
1646 4560
1647 6780
1663 28540
1665 4860
1670 6400
1683 5360
1686 22420
1687 3220
1703 6020
1705 3960
1710 3460
1723 3560
1726 4260
1727 3660
1743 8580
1745 9480
1750 21220
1763 19800
1766 2900
1767 85500
1783 5100
1785 3640
1790 4820
1803 4620
1806 2140
1807 28540
1823 16740
1825 3340
1830 4340
1843 6020
1846 6780
1847 6020
1863 5460
1865 2500
1870 2680
1883 4440
1886 3220
1887 8580
1903 5360
1905 14200
1910 23880
1923 24200
1926 3660
1927 5100
1943 3560
1945 2680
1950 3760
1963 4460
1966 85500
1967 16740
1983 19800
1985 4400
1990 4520
2003 7180
2006 28540
2007 5460
2023 4620
2025 3660
2030 4560
2043 6540
2046 6020
2047 5360
2063 6020
2065 25840
2070 22420
2083 67200
2086 8580
2087 3560
2103 4440
2105 5340
2110 4260
2123 23520
2126 5100
2127 19800
2143 24200
2145 6400
2150 2900
2163 10240
2166 16740
2167 4620
2183 4460
2185 3460
2190 2140
2203 8740
2206 5460
2207 6020
2223 7180
2225 21220
2230 6780
2243 33100
2246 5360
2247 4440
2263 6540
2265 4820
2270 3220
2283 15740
2286 3560
2287 24200
2303 23960
2305 4340
2310 3660
2323 11920
2326 19800
2327 4460
2343 6620
2345 2680
2350 85500
2363 8920
2366 4620
2367 7180
2383 6200
2385 23880
2390 28540
2403 26920
2406 6020
2407 6540
2423 3880
2425 3760
2430 6020
2443 19940
2446 4440
2447 23960
2463 29140
2465 4520
2470 8580
2483 10140
2486 24200
2487 6620
2503 6260
2505 4560
2510 5100
2523 9440
2526 4460
2527 6200
2543 8280
2545 22420
2550 16740
2563 12840
2566 7180
2567 3880
2583 5580
2585 4260
2590 5460
2603 30980
2606 6540
2607 29140
2623 24420
2625 2900
2630 5360
2643 11720
2646 23960
2647 6260
2663 5740
2665 2140
2670 3560
2683 120740
2686 6620
2687 8280
2703 7460
2705 6780
2710 19800
2723 29560
2726 6200
2727 5580
2743 5040
2745 3220
2750 4620
2763 27220
2766 3880
2767 24420
2783 9180
2785 3660
2790 6020
2803 13900
2806 29140
2807 5740
2823 5140
2825 85500
2830 4440
2842 43240
2843 10200
2846 6260
2847 7460
2863 49620
2865 28540
2870 24200
2882 16900
2883 26260
2886 8280
2887 5040
2903 131240
2905 6020
2910 4460
2922 4040
2923 30360
2926 5580
2927 9180
2943 30140
2945 8580
2950 7180
2962 4860
2963 13160
2966 24420
2967 5140
2983 10617
