0 0
363 43240
403 16900
443 4040
483 4860
523 3960
563 9480
603 3640
643 3340
645 43240
683 2500
685 16900
701 43240
723 14200
725 4040
741 16900
763 2680
765 4860
781 4040
803 4400
805 3960
821 4860
843 3660
845 9480
861 3960
883 25840
885 3640
901 9480
916 43240
923 5340
925 3340
941 3640
956 16900
963 6400
965 2500
981 3340
996 4040
1003 3460
1005 14200
1021 2500
1036 4860
1043 21220
1045 2680
1061 14200
1076 3960
1083 4820
1085 4400
1101 2680
1116 9480
1123 4340
1125 3660
1141 4400
1156 3640
1163 2680
1165 25840
1181 3660
1196 3340
1203 23880
1205 5340
1221 25840
1236 2500
1243 3760
1245 6400
1261 5340
1276 14200
1283 4520
1285 3460
1301 6400
1316 2680
1323 4560
1325 21220
1341 3460
1356 4400
1363 22420
1365 4820
1381 21220
1396 3660
1403 4260
1405 4340
1421 4820
1436 25840
1443 2900
1445 2680
1461 4340
1476 5340
1483 2140
1485 23880
1501 2680
1505 43240
1516 6400
1523 6780
1525 3760
1541 23880
1545 16900
1556 3460
1563 3220
1565 4520
1581 3760
1585 4040
1596 21220
1603 3660
1605 4560
1621 4520
1625 4860
1636 4820
1643 85500
1645 22420
1661 4560
1665 3960
1676 4340
1683 28540
1685 4260
1701 22420
1705 9480
1716 2680
1723 6020
1725 2900
1741 4260
1745 3640
1756 23880
1763 8580
1765 2140
1781 2900
1785 3340
1796 3760
1803 5100
1805 6780
1821 2140
1825 2500
1836 4520
1843 16740
1845 3220
1861 6780
1865 14200
1876 4560
1883 5460
1885 3660
1900 43240
1901 3220
1905 2680
1916 22420
1923 5360
1925 85500
1940 16900
1941 3660
1945 4400
1956 4260
1963 3560
1965 28540
1980 4040
1981 85500
1985 3660
1996 2900
2003 19800
2005 6020
2020 4860
2021 28540
2025 25840
2036 2140
2040 43240
2043 4620
2045 8580
2060 3960
2061 6020
2065 5340
2076 6780
2080 16900
2083 6020
2085 5100
2100 9480
2101 8580
2105 6400
2116 3220
2120 4040
2123 4440
2125 16740
2140 3640
2141 5100
2145 3460
2156 3660
2160 4860
2163 24200
2165 5460
2180 3340
2181 16740
2185 21220
2196 85500
2200 3960
2203 4460
2205 5360
2209 43240
2220 2500
2221 5460
2225 4820
2236 28540
2240 9480
2243 7180
2245 3560
2249 16900
2260 14200
2261 5360
2265 4340
2276 6020
2280 3640
2283 6540
2285 19800
2289 4040
2300 2680
2301 3560
2305 2680
2316 8580
2320 3340
2323 23960
2325 4620
2329 4860
2340 4400
2341 19800
2345 23880
2356 5100
2360 2500
2363 6620
2365 6020
2369 3960
2380 3660
2381 4620
2385 3760
2396 16740
2400 14200
2403 6200
2405 4440
2409 9480
2420 25840
2421 6020
2425 4520
2436 5460
2440 2680
2443 3880
2445 24200
2449 3640
2460 5340
2461 4440
2465 4560
2470 43240
2476 5360
2480 4400
2483 29140
2485 4460
2489 3340
2500 6400
2501 24200
2505 22420
2510 16900
2516 3560
2520 3660
2523 6260
2525 7180
2529 2500
2540 3460
2541 4460
2545 4260
2550 4040
2556 19800
2560 25840
2563 8280
2565 6540
2569 14200
2580 21220
2581 7180
2585 2900
2590 4860
2596 4620
2600 5340
2603 5580
2605 23960
2609 2680
2620 4820
2621 6540
2625 2140
2630 3960
2636 6020
2640 6400
2643 24420
2645 6620
2649 4400
2660 4340
2661 23960
2665 6780
2670 9480
2676 4440
2680 3460
2683 5740
2685 6200
2689 3660
2700 2680
2701 6620
2705 3220
2710 3640
2713 43240
2716 24200
2720 21220
2723 7460
2725 3880
2729 25840
2740 23880
2741 6200
2745 3660
2750 3340
2753 16900
2756 4460
2760 4820
2763 5040
2765 29140
2769 5340
2780 3760
2781 3880
2785 85500
2790 2500
2793 4040
2796 7180
2800 4340
2803 9180
2805 6260
2809 6400
2820 4520
2821 29140
2825 28540
2830 14200
2833 4860
2836 6540
2840 2680
2843 5140
2845 8280
2849 3460
2860 4560
2861 6260
2865 6020
2870 2680
2873 3960
2876 23960
2880 23880
2883 6380
2885 5580
2889 21220
2900 22420
2901 8280
2905 8580
2910 4400
2913 9480
2916 6620
2920 3760
2923 114340
2925 24420
2929 4820
2940 4260
2941 5580
2945 5100
2950 3660
2953 3640
2956 6200
2960 4520
2963 26100
2965 5740
2969 4340
2980 2900
2981 24420
