0 0
340 43240
380 16900
397 43240
420 4040
437 16900
460 4860
477 4040
500 3960
517 4860
540 9480
557 3960
580 3640
597 9480
620 3340
637 3640
660 2500
677 3340
700 14200
717 2500
740 2680
757 14200
780 4400
797 2680
820 3660
837 4400
860 25840
877 3660
900 5340
917 25840
940 6400
957 5340
980 3460
997 6400
1020 21220
1037 3460
1060 4820
1077 21220
1100 4340
1108 43240
1117 4820
1140 2680
1148 16900
1157 4340
1163 43240
1180 23880
1188 4040
1197 2680
1203 16900
1220 3760
1228 4860
1237 23880
1243 4040
1260 4520
1268 3960
1277 3760
1283 4860
1299 43240
1300 4560
1308 9480
1317 4520
1323 3960
1339 16900
1340 22420
1348 3640
1357 4560
1363 9480
1379 4040
1380 4260
1388 3340
1397 22420
1403 3640
1419 4860
1420 2900
1428 2500
1437 4260
1443 3340
1459 3960
1460 2140
1468 14200
1477 2900
1483 2500
1499 9480
1500 6780
1508 2680
1517 2140
1523 14200
1539 3640
1540 3220
1548 4400
1557 6780
1563 2680
1579 3340
1580 3660
1588 3660
1597 3220
1603 4400
1619 2500
1620 85500
1628 25840
1637 3660
1643 3660
1656 43240
1659 14200
1660 28540
1668 5340
1670 43240
1677 85500
1683 25840
1696 16900
1699 2680
1700 6020
1708 6400
1710 16900
1717 28540
1723 5340
1736 4040
1739 4400
1740 8580
1748 3460
1750 4040
1757 6020
1763 6400
1770 43240
1776 4860
1779 3660
1780 5100
1788 21220
1790 4860
1797 8580
1803 3460
1810 16900
1816 3960
1819 25840
1820 16740
1828 4820
1830 3960
1837 5100
1843 21220
1850 4040
1856 9480
1859 5340
1860 5460
1868 4340
1870 9480
1877 16740
1883 4820
1890 4860
1896 3640
1899 6400
1900 5360
1908 2680
1910 3640
1917 5460
1923 4340
1930 3960
1936 3340
1939 3460
1940 3560
1948 23880
1950 3340
1957 5360
1963 2680
1970 9480
1976 2500
1979 21220
1980 19800
1988 3760
1990 2500
1997 3560
2003 23880
2010 3640
2016 14200
2019 4820
2020 4620
2028 4520
2030 14200
2037 19800
2043 3760
2050 3340
2056 2680
2059 4340
2060 6020
2068 4560
2070 2680
2077 4620
2083 4520
2090 2500
2096 4400
2099 2680
2100 4440
2108 22420
2110 4400
2117 6020
2123 4560
2130 14200
2136 3660
2139 23880
2140 24200
2148 4260
2150 3660
2151 43240
2157 4440
2163 22420
2170 2680
2176 25840
2179 3760
2180 4460
2188 2900
2190 25840
2191 16900
2197 24200
2203 4260
2210 4400
2216 5340
2219 4520
2220 7180
2228 2140
2230 5340
2231 4040
2237 4460
2243 2900
2250 3660
2256 6400
2259 4560
2260 6540
2268 6780
2270 6400
2271 4860
2277 7180
2283 2140
2290 25840
2296 3460
2299 22420
2300 23960
2308 3220
2310 3460
2311 3960
2317 6540
2323 6780
2330 5340
2336 21220
2339 4260
2340 6620
2348 3660
2350 21220
2351 9480
2357 23960
2363 3220
2370 6400
2376 4820
2379 2900
2380 6200
2388 85500
2390 4820
2391 3640
2397 6620
2403 3660
2410 3460
2416 4340
2419 2140
2420 3880
2428 28540
2430 4340
2431 3340
2437 6200
2443 85500
2450 21220
2456 2680
2459 6780
2460 29140
2468 6020
2470 2680
2471 2500
2477 3880
2483 28540
2490 4820
2496 23880
2499 3220
2500 6260
2508 8580
2510 23880
2511 14200
2517 29140
2523 6020
2530 4340
2536 3760
2539 3660
2540 8280
2548 5100
2550 3760
2551 2680
2557 6260
2563 8580
2570 2680
2576 4520
2579 85500
2580 5580
2588 16740
2590 4520
2591 4400
2597 8280
2603 5100
2610 23880
2616 4560
2619 28540
2620 24420
2628 5460
2630 4560
2631 3660
2637 5580
2643 16740
2650 3760
2656 22420
2659 6020
2660 5740
2668 5360
2670 22420
2671 25840
2677 24420
2683 5460
2690 4520
2696 4260
2699 8580
2700 7460
2708 3560
2710 4260
2711 5340
2717 5740
2723 5360
2730 4560
2736 2900
2739 5100
2740 5040
2748 19800
2750 2900
2751 6400
2757 7460
2763 3560
2770 22420
2776 2140
2779 16740
2780 9180
2788 4620
2790 2140
2791 3460
2797 5040
2803 19800
2810 4260
2816 6780
2819 5460
2820 5140
2828 6020
2830 6780
2831 21220
2837 9180
2843 4620
2850 2900
2856 3220
2859 5360
2860 6380
2868 4440
2870 3220
2871 4820
2877 5140
2883 6020
2890 2140
2896 3660
2899 3560
2900 114340
2908 24200
2910 3660
2911 4340
2917 6380
2923 4440
2930 6780
2936 85500
2939 19800
2940 26100
2948 4460
2950 85500
2951 2680
2957 114340
2963 24200
2970 3220
2976 28540
2979 2772
