0 0
243 43240
283 16900
323 4040
363 4860
403 3960
443 9480
483 3640
523 3340
563 2500
594 43240
603 14200
634 16900
635 43240
643 2680
674 4040
675 16900
683 4400
714 4860
715 4040
723 3660
754 3960
755 4860
763 25840
794 9480
795 3960
803 5340
834 3640
835 9480
843 6400
874 3340
875 3640
883 3460
914 2500
915 3340
923 21220
954 14200
955 2500
963 4820
994 2680
995 14200
1003 4340
1034 4400
1035 2680
1043 2680
1074 3660
1075 4400
1083 23880
1114 25840
1115 3660
1123 3760
1136 43240
1154 5340
1155 25840
1163 4520
1176 16900
1194 6400
1195 5340
1203 4560
1216 4040
1234 3460
1235 6400
1243 22420
1256 4860
1274 21220
1275 3460
1283 4260
1296 3960
1314 4820
1315 21220
1323 2900
1336 9480
1354 4340
1355 4820
1363 2140
1376 3640
1394 2680
1395 4340
1403 6780
1416 3340
1434 23880
1435 2680
1443 3220
1456 2500
1474 3760
1475 23880
1483 3660
1496 14200
1514 4520
1515 3760
1523 85500
1536 2680
1554 4560
1555 4520
1563 71780
1576 4400
1594 22420
1595 4560
1603 22920
1616 3660
1634 4260
1635 22420
1643 12620
1656 25840
1674 2900
1675 4260
1683 9960
1696 5340
1714 2140
1715 2900
1723 20700
1736 6400
1751 43240
1754 6780
1755 2140
1763 14940
1776 3460
1791 16900
1794 3220
1795 6780
1803 9000
1816 21220
1831 4040
1834 3660
1835 3220
1843 6900
1856 4820
1871 4860
1874 85500
1875 3660
1883 22300
1896 4340
1911 3960
1914 28540
1915 85500
1923 18820
1936 2680
1949 43240
1951 9480
1954 6020
1955 28540
1963 8700
1976 23880
1989 16900
1991 3640
1994 8580
1995 6020
2003 8840
2016 3760
2029 4040
2031 3340
2034 5100
2035 8580
2043 27860
2056 4520
2069 4860
2071 2500
2074 16740
2075 5100
2083 30300
2096 4560
2109 3960
2111 14200
2114 48700
2115 16740
2123 12520
2136 22420
2149 9480
2151 2680
2154 22260
2155 5460
2163 12940
2176 4260
2180 43240
2185 43240
2189 3640
2191 4400
2194 7600
2195 5360
2203 27420
2216 2900
2220 16900
2225 16900
2229 3340
2231 3660
2234 24660
2235 3560
2243 27840
2256 2140
2260 4040
2265 4040
2269 2500
2271 25840
2274 8580
2275 19800
2283 11020
2296 6780
2300 4860
2305 4860
2309 14200
2311 5340
2314 15500
2315 4620
2323 8220
2336 3220
2340 3960
2345 3960
2349 2680
2351 6400
2354 8080
2355 6020
2363 31820
2376 3660
2380 9480
2385 9480
2389 4400
2391 3460
2394 27540
2395 4440
2403 30140
2416 85500
2420 3640
2425 3640
2429 3660
2431 21220
2434 6960
2435 24200
2443 12040
2456 28540
2460 3340
2465 3340
2469 25840
2471 4820
2474 21380
2475 4460
2483 10100
2496 6020
2500 2500
2505 2500
2509 5340
2511 4340
2514 9220
2515 7180
2523 28980
2536 8580
2540 14200
2545 14200
2549 6400
2551 2680
2554 28360
2555 6540
2563 28160
2576 5100
2580 2680
2585 2680
2589 3460
2591 23880
2594 10280
2595 23960
2603 11720
2616 16740
2620 4400
2625 4400
2629 21220
2631 3760
2634 32040
2635 6620
2643 7940
2656 5460
2660 3660
2661 43240
2664 43240
2665 3660
2669 4820
2671 4520
2674 9220
2675 6200
2683 11320
2696 5360
2700 25840
2701 16900
2704 16900
2705 25840
2709 4340
2711 4560
2714 35540
2715 3880
2723 11920
2736 3560
2740 5340
2741 4040
2744 4040
2745 5340
2749 2680
2751 22420
2754 9720
2755 29140
2763 9600
2776 19800
2780 6400
2781 4860
2784 4860
2785 6400
2789 23880
2791 4260
2794 29500
2795 6260
2803 118000
2816 4620
2820 3460
2821 3960
2824 3960
2825 3460
2829 3760
2831 2900
2834 10400
2835 8280
2843 111600
2856 6020
2860 21220
2861 9480
2864 9480
2865 21220
2869 4520
2871 2140
2874 28760
2875 5580
2883 34540
2896 4440
2900 4820
2901 3640
2904 3640
2905 4820
2909 4560
2911 6780
2914 8420
2915 24420
2923 15100
2936 24200
2940 4340
2941 3340
2944 3340
2945 4340
2949 22420
2951 3220
2954 31340
2955 5740
2963 14440
2976 4460
2980 2680
2981 2500
2984 2500
2985 2680
