0 0
101 43240
141 16900
181 4040
221 4860
244 43240
261 3960
284 16900
301 9480
324 4040
341 3640
364 4860
381 3340
404 3960
421 2500
444 9480
461 14200
484 3640
501 2680
524 3340
541 4400
542 43240
564 2500
581 3660
582 16900
588 43240
604 14200
621 25840
622 4040
628 16900
644 2680
661 5340
662 4860
668 4040
684 4400
692 43240
701 6400
702 3960
708 4860
717 43240
724 3660
732 16900
733 43240
741 3460
742 9480
748 3960
757 16900
764 25840
772 4040
773 16900
781 21220
782 3640
788 9480
797 4040
804 5340
812 4860
813 4040
821 4820
822 3340
828 3640
837 4860
844 6400
845 43240
852 3960
853 4860
861 4340
862 2500
868 3340
877 3960
884 3460
885 16900
892 9480
893 3960
901 2680
902 14200
908 2500
917 9480
924 21220
925 4040
932 3640
933 9480
941 23880
942 2680
948 14200
957 3640
964 4820
965 4860
972 3340
973 3640
981 3760
982 4400
988 2680
997 3340
1004 4340
1005 3960
1012 2500
1013 3340
1021 4520
1022 3660
1028 4400
1037 2500
1044 2680
1045 9480
1052 14200
1053 2500
1061 4560
1062 25840
1068 3660
1077 14200
1084 23880
1085 3640
1092 2680
1093 14200
1101 22420
1102 5340
1108 25840
1117 2680
1124 3760
1125 3340
1132 4400
1133 2680
1141 4260
1142 6400
1148 5340
1157 4400
1164 4520
1165 2500
1172 3660
1173 4400
1181 2900
1182 3460
1188 6400
1197 3660
1204 4560
1205 14200
1212 25840
1213 3660
1221 2140
1222 21220
1228 3460
1237 25840
1244 22420
1245 2680
1252 5340
1253 25840
1261 6780
1262 4820
1268 21220
1277 5340
1284 4260
1285 4400
1292 6400
1293 5340
1301 3220
1302 4340
1308 4820
1317 6400
1324 2900
1325 3660
1332 3460
1333 6400
1341 3660
1342 2680
1348 4340
1357 3460
1364 2140
1365 25840
1372 21220
1373 3460
1381 85500
1382 23880
1388 2680
1397 21220
1404 6780
1405 5340
1412 4820
1413 21220
1421 28540
1422 3760
1428 23880
1432 43240
1435 43240
1437 4820
1444 3220
1445 6400
1452 4340
1453 4820
1461 6020
1462 4520
1468 3760
1472 16900
1475 16900
1477 4340
1484 3660
1485 3460
1492 2680
1493 4340
1501 8580
1502 4560
1508 4520
1512 4040
1515 4040
1517 2680
1524 85500
1525 21220
1532 23880
1533 2680
1541 5100
1542 22420
1548 4560
1552 4860
1555 4860
1557 23880
1564 28540
1565 4820
1572 3760
1573 23880
1581 16740
1582 4260
1588 22420
1592 3960
1595 3960
1597 3760
1604 6020
1605 4340
1612 47760
1613 3760
1621 5460
1622 2900
1628 4260
1632 9480
1635 9480
1637 4520
1644 8580
1645 2680
1652 21460
1653 4520
1661 5360
1662 2140
1668 2900
1672 3640
1675 3640
1677 4560
1684 5100
1685 23880
1692 26460
1693 4560
1701 3560
1702 6780
1708 2140
1712 3340
1715 3340
1717 22420
1724 16740
1725 3760
1732 9120
1733 22420
1741 19800
1742 3220
1748 6780
1752 2500
1755 2500
1757 4260
1764 5460
1765 4520
1772 6860
1773 4260
1781 4620
1782 3660
1788 3220
1792 14200
1795 14200
1797 2900
1804 5360
1805 4560
1812 11620
1813 2900
1821 6020
1822 85500
1828 3660
1832 2680
1835 2680
1837 2140
1844 3560
1845 22420
1852 10420
1853 2140
1861 4440
1862 28540
1866 43240
1868 85500
1872 4400
1875 47640
1877 6780
1884 19800
1885 4260
1892 6560
1893 6780
1901 24200
1902 6020
1906 16900
1908 28540
1912 3660
1915 20560
1917 3220
1924 4620
1925 2900
1932 6160
1933 3220
1941 4460
1942 8580
1946 4040
1948 6020
1952 25840
1955 29880
1957 3660
1964 6020
1965 2140
1972 99700
1973 3660
1981 7180
1982 5100
1986 4860
1988 8580
1992 5340
1995 10200
1997 85500
2004 4440
2005 6780
2012 31220
2013 85500
2021 6540
2022 16740
2026 3960
2028 5100
2032 6400
2035 10360
2037 28540
2044 24200
2045 3220
2052 10420
2053 28540
2061 23960
2062 5460
2066 9480
2068 16740
2072 3460
2075 12940
2077 6020
2084 4460
2085 3660
2092 12240
2093 6020
2101 6620
2102 5360
2106 3640
2108 5460
2112 21220
2115 24860
2117 8580
2124 7180
2125 85500
2132 30940
2133 8580
2141 6200
2142 3560
2146 3340
2148 5360
2152 4820
2155 8160
2157 5100
2164 6540
2165 28540
2172 22080
2173 5100
2181 3880
2182 19800
2186 2500
2188 3560
2192 4340
2195 6840
2197 16740
2204 23960
2205 6020
2212 11860
2213 16740
2221 29140
2222 4620
2226 14200
2228 19800
2232 2680
2235 16880
2237 5460
2244 6620
2245 8580
2252 8820
2253 5460
2261 6260
2262 6020
2266 2680
2268 4620
2272 23880
2273 43240
2275 26560
2277 5360
2284 6200
2285 5100
2292 24780
2293 5360
2301 8280
2302 4440
2306 47640
2308 6020
2312 3760
2313 16900
2315 8160
2317 3560
2324 3880
2325 16740
2332 24620
2333 3560
2341 5580
2342 24200
2346 20560
2348 4440
2352 4520
2353 4040
2355 8180
2357 19800
2364 29140
2365 5460
2372 8960
2373 19800
2381 24420
2382 4460
2386 29880
2388 24200
2392 4560
2393 4860
2395 30400
2397 4620
2404 6260
2405 5360
2412 8700
2413 4620
2421 5740
2422 7180
2426 10200
2428 4460
2432 22420
2433 3960
2435 27760
2437 6020
2444 8280
2445 3560
2452 28320
2453 6020
2461 7460
2462 6540
2466 10360
2468 7180
2472 4260
2473 9480
2475 10660
2477 4440
2484 5580
2485 19800
2492 27960
2493 4440
2501 5040
2502 23960
2506 12940
2508 6540
2512 2900
2513 3640
2515 6360
2517 24200
2524 24420
2525 4620
2532 8980
2533 24200
2541 9180
2542 6620
2546 24860
2548 23960
2552 2140
2553 3340
2555 23360
2557 4460
2564 5740
2565 6020
2572 11740
2573 4460
2581 5140
2582 6200
2586 8160
2588 6620
2592 6780
2593 2500
2595 11600
2597 7180
2604 7460
2605 4440
2612 28960
2613 7180
2621 6380
2622 3880
2626 6840
2628 6200
2632 3220
2633 14200
2635 7560
2637 6540
2644 5040
2645 24200
2652 28220
2653 6540
2661 114340
2662 29140
2666 16880
2668 3880
2672 3660
2673 2680
2675 6340
2677 23960
2684 9180
2685 4460
2692 9520
2693 23960
2701 26100
2702 6260
2706 26560
2708 29140
2712 85500
2713 4400
2715 109380
2717 6620
2724 5140
2725 7180
2732 8340
2733 6620
2741 6000
2742 8280
2746 8160
2748 6260
2752 28540
2753 3660
2755 32300
2757 6200
2764 6380
2765 6540
2772 10660
2773 6200
2781 9080
2782 5580
2786 8180
2788 8280
2792 6020
2793 25840
2795 10540
2797 3880
2804 114340
2805 23960
2812 32360
2813 3880
2821 5860
2822 24420
2826 30400
2828 5580
2832 8580
2833 5340
2835 13140
2837 29140
2844 26100
2845 6620
2852 9920
2853 29140
2861 23580
2862 5740
2866 27760
2868 24420
2872 5100
2873 6400
2875 27520
2877 6260
2884 6000
2885 6200
2892 93780
2893 6260
2901 6480
2902 7460
2906 10660
2908 5740
2912 16740
2913 3460
2915 21000
2917 8280
2924 9080
2925 3880
2932 34120
2933 8280
2941 9400
2942 5040
2946 6360
2948 7460
2952 5460
2953 21220
2955 8360
2957 5580
2964 5860
2965 29140
2972 30440
2973 5580
2981 7200
2982 9180
2986 23360
2988 5040
2992 5360
2993 4820
2995 535
