0 0
363 43240
403 16900
443 4040
479 43240
483 4860
519 16900
523 3960
559 4040
563 9480
599 4860
603 3640
639 3960
643 3340
679 9480
683 2500
719 3640
723 14200
759 3340
763 2680
799 2500
803 4400
839 14200
843 3660
879 2680
883 25840
919 4400
923 5340
959 3660
963 6400
999 25840
1003 3460
1039 5340
1043 21220
1079 6400
1083 4820
1119 3460
1123 4340
1146 43240
1159 21220
1163 2680
1186 16900
1199 4820
1203 23880
1226 4040
1239 4340
1243 3760
1266 4860
1279 2680
1283 4520
1286 43240
1306 3960
1319 23880
1323 4560
1326 16900
1346 9480
1359 3760
1363 22420
1366 4040
1386 3640
1399 4520
1403 4260
1406 4860
1426 3340
1439 4560
1443 2900
1446 3960
1466 2500
1470 43240
1479 22420
1483 2140
1486 9480
1506 14200
1510 16900
1519 4260
1523 6780
1526 3640
1546 2680
1550 4040
1559 2900
1563 3220
1566 3340
1586 4400
1590 4860
1599 2140
1603 3660
1606 2500
1626 3660
1630 3960
1639 6780
1643 85500
1646 14200
1666 25840
1670 9480
1679 3220
1683 28540
1686 2680
1706 5340
1710 3640
1719 3660
1723 6020
1726 4400
1735 43240
1746 6400
1750 3340
1759 85500
1763 8580
1766 3660
1775 16900
1786 3460
1790 2500
1799 28540
1803 5100
1806 25840
1815 4040
1826 21220
1830 14200
1839 6020
1843 16740
1846 5340
1855 4860
1866 4820
1870 2680
1879 8580
1883 5460
1886 6400
1895 47200
1906 4340
1910 4400
1919 5100
1923 5360
1926 3460
1935 26380
1946 2680
1950 3660
1959 16740
1963 3560
1966 21220
1975 7680
1986 23880
1990 25840
1999 5460
2003 19800
2006 4820
2015 8200
2026 3760
2030 5340
2039 5360
2043 4620
2046 4340
2055 6460
2059 43240
2066 4520
2070 6400
2079 3560
2083 6020
2086 2680
2095 23680
2099 16900
2106 4560
2110 3460
2119 19800
2123 4440
2126 23880
2135 6320
2139 4040
2146 22420
2150 21220
2159 4620
2163 24200
2166 3760
2175 7740
2179 4860
2186 4260
2190 4820
2199 6020
2203 4460
2206 4520
2215 6160
2217 43240
2219 3960
2226 2900
2230 4340
2239 4440
2243 7180
2246 4560
2255 40040
2257 16900
2259 9480
2266 2140
2270 2680
2279 24200
2283 6540
2286 22420
2295 8020
2297 4040
2299 3640
2306 6780
2310 23880
2319 4460
2323 23960
2326 4260
2335 10800
2337 4860
2339 3340
2346 3220
2350 3760
2359 7180
2363 6620
2366 2900
2375 7120
2377 3960
2379 2500
2386 3660
2390 4520
2395 43240
2399 6540
2403 6200
2406 2140
2415 47060
2417 9480
2419 14200
2426 85500
2430 4560
2435 16900
2439 23960
2443 3880
2446 6780
2455 10160
2457 3640
2459 2680
2466 28540
2470 22420
2475 4040
2479 6620
2483 29140
2486 3220
2495 10740
2497 3340
2499 4400
2506 6020
2510 4260
2515 4860
2519 6200
2523 6260
2526 3660
2535 6140
2537 2500
2539 3660
2546 8580
2550 2900
2555 3960
2559 3880
2563 8280
2566 85500
2575 45100
2577 14200
2579 25840
2586 5100
2590 2140
2595 9480
2599 29140
2603 5580
2606 28540
2615 8580
2617 2680
2619 5340
2626 59980
2630 6780
2635 3640
2639 6260
2643 24420
2646 6020
2655 8860
2657 4400
2659 6400
2666 22360
2670 3220
2675 3340
2679 8280
2683 5740
2686 8580
2695 7240
2697 3660
2699 3460
2706 9400
2710 3660
2715 2500
2719 5580
2723 7460
2726 5100
2735 46300
2737 25840
2739 21220
2746 8420
2750 85500
2755 14200
2759 24420
2763 5040
2766 16740
2775 8020
2777 5340
2779 4820
2786 23760
2790 28540
2795 2680
2799 5740
2803 9180
2806 5460
2815 7420
2817 6400
2819 4340
2826 14100
2830 6020
2835 4400
2839 7460
2843 5140
2846 5360
2855 6700
2857 3460
2859 2680
2866 9660
2870 8580
2875 3660
2879 5040
2883 6380
2886 3560
2895 29200
2897 21220
2899 23880
2906 7780
2910 5100
2915 25840
2919 9180
2923 114340
2926 19800
2935 7480
2937 4820
2939 3760
2946 26700
2950 16740
2955 5340
2959 5140
2963 26100
2966 4620
2975 6560
2977 4340
2979 4520
