0 0
215 43240
255 16900
295 4040
297 43240
335 4860
337 16900
356 43240
375 3960
377 4040
396 16900
415 9480
417 4860
424 43240
436 4040
455 3640
457 3960
464 16900
476 4860
495 3340
497 9480
504 4040
516 3960
535 2500
537 3640
544 4860
556 9480
575 14200
577 3340
584 3960
596 3640
615 2680
617 2500
624 9480
636 3340
655 4400
657 14200
664 3640
676 2500
695 3660
697 2680
704 3340
716 14200
728 43240
735 25840
737 4400
744 2500
756 2680
768 16900
775 5340
777 3660
784 14200
796 4400
808 4040
815 6400
817 25840
824 2680
836 3660
848 4860
855 3460
857 5340
864 4400
876 25840
888 3960
895 21220
897 6400
904 3660
916 5340
928 9480
935 4820
937 3460
944 25840
956 6400
968 3640
975 4340
977 21220
984 5340
996 3460
1008 3340
1015 2680
1017 4820
1024 6400
1036 21220
1048 2500
1055 23880
1057 4340
1064 3460
1076 4820
1088 14200
1095 3760
1097 2680
1104 21220
1106 43240
1116 4340
1128 2680
1135 4520
1137 23880
1144 4820
1146 16900
1156 2680
1168 4400
1175 4560
1177 3760
1184 4340
1186 4040
1196 23880
1208 3660
1215 22420
1217 4520
1224 2680
1226 4860
1236 3760
1248 25840
1255 4260
1257 4560
1264 23880
1266 3960
1276 4520
1288 5340
1295 46140
1297 22420
1304 3760
1306 9480
1316 4560
1328 6400
1335 19040
1337 4260
1344 4520
1346 3640
1356 22420
1368 3460
1375 10820
1377 2900
1384 4560
1386 3340
1396 4260
1408 21220
1415 8080
1417 2140
1424 22420
1426 2500
1435 43240
1436 2900
1448 4820
1455 7620
1457 6780
1464 4260
1466 14200
1475 16900
1476 2140
1488 4340
1495 94980
1497 3220
1504 2900
1506 2680
1510 43240
1515 4040
1516 6780
1528 2680
1535 32180
1537 3660
1544 2140
1546 4400
1550 16900
1555 4860
1556 3220
1568 23880
1575 9360
1577 85500
1584 6780
1586 3660
1590 4040
1595 3960
1596 3660
1608 3760
1615 11080
1617 28540
1624 3220
1626 25840
1630 4860
1635 9480
1636 85500
1648 4520
1655 19300
1657 6020
1664 3660
1666 5340
1670 3960
1675 3640
1676 28540
1688 4560
1695 19420
1697 8580
1704 85500
1706 6400
1710 9480
1715 3340
1716 6020
1728 22420
1735 9860
1737 5100
1744 28540
1746 3460
1750 3640
1755 2500
1756 8580
1768 4260
1775 9020
1777 16740
1784 6020
1785 43240
1786 21220
1790 3340
1795 14200
1796 5100
1808 2900
1815 29400
1817 5460
1824 8580
1825 16900
1826 4820
1830 2500
1835 2680
1836 16740
1838 43240
1848 2140
1855 25140
1857 5360
1864 5100
1865 4040
1866 4340
1870 14200
1875 4400
1876 5460
1878 16900
1888 6780
1895 11020
1897 3560
1904 16740
1905 4860
1906 2680
1910 2680
1915 3660
1916 5360
1918 4040
1928 3220
1935 9480
1937 19800
1944 5460
1945 3960
1946 23880
1950 4400
1955 25840
1956 3560
1958 4860
1968 3660
1975 25660
1977 4620
1984 5360
1985 52720
1986 3760
1990 3660
1995 5340
1996 19800
1998 3960
2008 85500
2015 29020
2017 6020
2024 3560
2025 20540
2026 4520
2030 25840
2032 43240
2035 6400
2036 4620
2038 9480
2048 28540
2055 8800
2057 4440
2064 19800
2065 7380
2066 4560
2070 5340
2072 16900
2075 3460
2076 6020
2078 3640
2088 6020
2095 9860
2097 24200
2104 4620
2105 7360
2106 22420
2110 6400
2112 4040
2115 21220
2116 4440
2118 3340
2128 8580
2135 30420
2137 4460
2144 6020
2145 18160
2146 4260
2150 3460
2152 4860
2155 4820
2156 24200
2158 2500
2168 5100
2175 27720
2177 7180
2184 4440
2185 12160
2186 2900
2190 21220
2192 3960
2195 4340
2196 4460
2198 14200
2208 16740
2215 11140
2217 6540
2224 24200
2225 8040
2226 2140
2230 4820
2232 9480
2235 2680
2236 7180
2238 2680
2248 5460
2255 10760
2257 23960
2264 4460
2265 7000
2266 6780
2270 4340
2272 3640
2275 23880
2276 6540
2278 4400
2288 5360
2295 26300
2297 6620
2304 7180
2305 28340
2306 3220
2310 2680
2312 3340
2315 3760
2316 23960
2318 3660
2328 3560
2335 33400
2337 6200
2338 43240
2344 6540
2345 19540
2346 3660
2350 23880
2352 2500
2355 4520
2356 6620
2358 25840
2368 19800
2375 9160
2377 3880
2378 16900
2384 23960
2385 9080
2386 85500
2390 3760
2392 14200
2395 4560
2396 6200
2398 5340
2408 4620
2415 10420
2417 29140
2418 4040
2424 6620
2425 7860
2426 28540
2430 4520
2432 2680
2435 22420
2436 3880
2438 6400
2448 6020
2455 12360
2457 6260
2458 4860
2464 6200
2465 24880
2466 6020
2470 4560
2472 4400
2475 4260
2476 29140
2478 3460
2488 4440
2495 27640
2497 8280
2498 3960
2504 3880
2505 30660
2506 8580
2510 22420
2512 3660
2515 2900
2516 6260
2518 21220
2528 24200
2535 9400
2537 5580
2538 9480
2544 29140
2545 9680
2546 5100
2550 4260
2552 25840
2555 2140
2556 8280
2558 4820
2566 43240
2568 4460
2575 92960
2577 24420
2578 3640
2584 6260
2585 9080
2586 16740
2590 2900
2592 5340
2595 6780
2596 5580
2598 4340
2606 16900
2608 7180
2615 33580
2617 5740
2618 3340
2624 8280
2625 27340
2626 5460
2630 2140
2632 6400
2635 3220
2636 24420
2638 2680
2646 4040
2648 6540
2655 15200
2657 7460
2658 2500
2664 5580
2665 24980
2666 5360
2670 6780
2672 3460
2675 3660
2676 5740
2678 23880
2686 4860
2688 23960
2695 13720
2697 5040
2698 14200
2704 24420
2705 9340
2706 3560
2710 3220
2712 21220
2715 85500
2716 7460
2718 3760
2726 3960
2728 6620
2735 11480
2737 9180
2738 2680
2744 5740
2745 8900
2746 19800
2750 3660
2752 4820
2754 43240
2755 28540
2756 5040
2758 4520
2766 9480
2768 6200
2775 131080
2777 5140
2778 4400
2784 7460
2785 25100
2786 4620
2790 85500
2792 4340
2794 16900
2795 6020
2796 9180
2798 4560
2806 3640
2808 3880
2815 31560
2817 6380
2818 3660
2824 5040
2825 28140
2826 6020
2830 28540
2832 2680
2834 4040
2835 8580
2836 5140
2838 22420
2846 3340
2848 29140
2855 11360
2857 114340
2858 25840
2864 9180
2865 6660
2866 4440
2870 6020
2872 23880
2874 4860
2875 5100
2876 6380
2878 4260
2886 2500
2888 6260
2895 12640
2897 26100
2898 5340
2904 5140
2905 6660
2906 24200
2910 8580
2912 3760
2914 3960
2915 16740
2916 114340
2918 2900
2926 14200
2928 8280
2935 25660
2937 6000
2938 6400
2944 6380
2945 11340
2946 4460
2950 5100
2952 4520
2954 9480
2955 5460
2956 26100
2958 2140
2966 2680
2968 5580
2975 28200
2977 9080
2978 3460
2984 114340
2985 25640
2986 7180
2990 16740
2992 4560
2994 3640
2995 5360
2996 2400
