0 0
582 43240
622 16900
662 4040
668 43240
702 4860
708 16900
742 3960
748 4040
782 9480
788 4860
822 3640
828 3960
862 3340
868 9480
902 2500
908 3640
942 14200
948 3340
982 2680
988 2500
1008 43240
1022 4400
1028 14200
1048 16900
1062 3660
1068 2680
1088 4040
1102 25840
1108 4400
1128 4860
1142 5340
1148 3660
1155 43240
1168 3960
1182 6400
1188 25840
1195 16900
1201 43240
1208 9480
1222 3460
1228 5340
1235 4040
1241 16900
1248 3640
1262 21220
1268 6400
1275 4860
1281 4040
1288 3340
1302 4820
1308 3460
1315 3960
1321 4860
1328 2500
1342 4340
1348 21220
1355 9480
1361 3960
1368 14200
1382 2680
1388 4820
1395 3640
1401 9480
1408 2680
1422 23880
1428 4340
1435 3340
1441 3640
1448 4400
1460 43240
1462 3760
1468 2680
1475 2500
1481 3340
1488 3660
1500 16900
1502 4520
1508 23880
1515 14200
1521 2500
1528 25840
1540 4040
1542 4560
1548 3760
1555 2680
1561 14200
1568 5340
1580 4860
1582 22420
1588 4520
1595 4400
1601 2680
1608 6400
1620 3960
1622 4260
1628 4560
1635 3660
1641 4400
1648 3460
1660 9480
1662 2900
1668 22420
1675 25840
1681 3660
1688 21220
1700 3640
1702 2140
1708 4260
1715 5340
1721 25840
1728 4820
1740 3340
1742 6780
1748 2900
1755 6400
1761 5340
1768 4340
1780 2500
1782 3220
1788 2140
1795 3460
1801 6400
1808 2680
1820 14200
1822 3660
1828 6780
1835 21220
1841 3460
1848 23880
1860 2680
1862 85500
1868 3220
1875 4820
1881 21220
1888 3760
1900 4400
1902 28540
1906 43240
1908 3660
1915 4340
1921 4820
1928 4520
1940 3660
1942 6020
1946 16900
1948 85500
1955 2680
1961 4340
1968 4560
1971 43240
1980 25840
1982 8580
1986 4040
1988 28540
1995 23880
2001 2680
2008 22420
2011 16900
2020 5340
2022 5100
2026 4860
2028 6020
2035 3760
2041 23880
2048 4260
2051 4040
2060 6400
2062 16740
2066 3960
2068 8580
2075 4520
2081 3760
2088 2900
2091 4860
2100 3460
2102 5460
2106 9480
2108 5100
2115 4560
2121 4520
2128 2140
2131 3960
2140 21220
2142 5360
2146 3640
2148 16740
2155 22420
2161 4560
2168 6780
2171 9480
2180 4820
2182 3560
2186 3340
2188 5460
2195 4260
2201 22420
2208 3220
2211 3640
2220 4340
2222 19800
2226 2500
2227 43240
2228 5360
2235 2900
2241 4260
2248 3660
2251 3340
2260 2680
2262 4620
2266 14200
2267 16900
2268 3560
2275 2140
2278 43240
2281 2900
2288 85500
2291 2500
2300 23880
2302 6020
2306 2680
2307 4040
2308 19800
2315 6780
2318 16900
2321 2140
2328 28540
2331 14200
2340 3760
2342 4440
2346 4400
2347 4860
2348 4620
2355 3220
2358 4040
2361 6780
2368 6020
2371 2680
2380 4520
2382 24200
2386 3660
2387 3960
2388 6020
2395 3660
2398 4860
2401 3220
2408 8580
2411 4400
2420 4560
2422 4460
2426 25840
2427 9480
2428 4440
2435 85500
2438 3960
2441 3660
2448 5100
2451 3660
2460 22420
2462 7180
2466 5340
2467 3640
2468 24200
2475 28540
2478 9480
2481 85500
2488 16740
2491 25840
2500 4260
2502 6540
2506 6400
2507 3340
2508 4460
2515 6020
2518 3640
2521 28540
2528 5460
2531 5340
2540 2900
2542 23960
2546 3460
2547 2500
2548 7180
2555 8580
2558 3340
2561 6020
2568 5360
2571 6400
2580 2140
2582 6620
2586 21220
2587 14200
2588 6540
2595 5100
2598 2500
2601 8580
2608 3560
2611 3460
2620 6780
2622 6200
2626 4820
2627 2680
2628 23960
2635 16740
2638 14200
2641 5100
2648 19800
2651 21220
2660 3220
2662 3880
2666 4340
2667 4400
2668 6620
2675 5460
2678 2680
2681 16740
2688 4620
2691 4820
2700 3660
2702 29140
2706 2680
2707 3660
2708 6200
2715 5360
2718 4400
2721 5460
2728 6020
2731 4340
2740 85500
2742 6260
2746 23880
2747 25840
2748 3880
2755 3560
2758 3660
2761 5360
2768 4440
2771 2680
2780 28540
2782 8280
2786 3760
2787 5340
2788 29140
2792 43240
2795 19800
2798 25840
2801 3560
2808 24200
2811 23880
2820 6020
2822 5580
2826 4520
2827 6400
2828 6260
2832 16900
2835 4620
2838 5340
2841 19800
2848 4460
2851 3760
2860 8580
2862 24420
2866 4560
2867 3460
2868 8280
2872 4040
2875 6020
2878 6400
2881 4620
2888 7180
2891 4520
2900 5100
2902 5740
2906 22420
2907 21220
2908 5580
2912 4860
2915 4440
2918 3460
2921 6020
2928 6540
2931 4560
2940 16740
2942 7460
2946 4260
2947 4820
2948 24420
2952 3960
2955 24200
2958 21220
2961 4440
2968 23960
2971 22420
2980 5460
2982 5040
2983 43240
2986 2900
2987 4340
2988 1148
