0 0
261 43240
301 16900
341 4040
381 4860
421 3960
461 9480
465 43240
501 3640
505 16900
541 3340
545 4040
561 43240
580 43240
581 2500
585 4860
601 16900
620 16900
621 14200
625 3960
641 4040
660 4040
661 2680
665 9480
681 4860
700 4860
701 4400
705 3640
721 3960
740 3960
741 3660
745 3340
761 9480
780 9480
781 25840
785 2500
801 3640
820 3640
821 5340
825 14200
841 3340
843 43240
860 3340
861 6400
865 2680
881 2500
883 16900
900 2500
901 3460
905 4400
921 14200
923 4040
940 14200
941 21220
945 3660
961 2680
963 4860
980 2680
981 4820
985 25840
1001 4400
1003 3960
1020 4400
1021 4340
1025 5340
1041 3660
1043 9480
1060 3660
1061 2680
1065 6400
1081 25840
1083 3640
1100 25840
1101 23880
1105 3460
1113 43240
1121 5340
1123 3340
1140 5340
1141 3760
1145 21220
1153 16900
1156 43240
1161 6400
1163 2500
1180 6400
1181 4520
1185 4820
1193 4040
1196 16900
1201 3460
1203 14200
1220 3460
1221 4560
1225 4340
1233 4860
1236 4040
1241 21220
1243 2680
1260 21220
1261 22420
1265 2680
1273 3960
1276 4860
1281 4820
1283 4400
1294 43240
1300 4820
1301 4260
1305 23880
1313 9480
1316 3960
1321 4340
1323 3660
1334 16900
1340 4340
1341 2900
1345 3760
1353 3640
1356 9480
1361 2680
1363 25840
1374 4040
1380 2680
1381 2140
1385 4520
1393 3340
1396 3640
1401 23880
1403 5340
1414 4860
1420 23880
1421 6780
1425 4560
1433 2500
1436 3340
1441 3760
1443 6400
1454 3960
1460 3760
1461 3220
1465 22420
1473 14200
1476 2500
1481 4520
1483 3460
1494 9480
1498 43240
1500 4520
1501 3660
1505 4260
1513 2680
1516 14200
1521 4560
1523 21220
1534 3640
1538 16900
1540 4560
1541 85500
1545 2900
1553 4400
1556 2680
1561 22420
1563 4820
1574 3340
1578 4040
1580 22420
1581 28540
1585 45380
1593 3660
1596 4400
1601 4260
1603 4340
1614 2500
1618 4860
1620 4260
1621 6020
1625 23680
1633 25840
1636 3660
1641 2900
1643 2680
1654 14200
1658 3960
1660 2900
1661 8580
1665 7260
1673 5340
1676 25840
1681 2140
1683 23880
1694 2680
1698 9480
1700 2140
1701 5100
1705 8520
1713 6400
1716 5340
1721 6780
1723 3760
1734 4400
1738 3640
1740 6780
1741 16740
1745 89460
1753 3460
1756 6400
1761 3220
1763 4520
1774 3660
1778 3340
1780 3220
1781 5460
1785 38020
1793 21220
1796 3460
1801 3660
1803 4560
1812 43240
1814 25840
1818 2500
1820 3660
1821 5360
1825 9660
1833 4820
1836 21220
1841 85500
1843 22420
1852 16900
1854 5340
1858 14200
1860 85500
1861 3560
1865 11920
1873 4340
1876 4820
1881 28540
1883 4260
1892 4040
1894 6400
1898 2680
1900 28540
1901 19800
1905 7600
1913 2680
1916 4340
1921 6020
1923 2900
1932 4860
1934 3460
1938 4400
1940 6020
1941 4620
1945 30940
1953 23880
1956 2680
1961 8580
1963 2140
1966 43240
1972 3960
1974 21220
1978 3660
1980 8580
1981 6020
1985 8140
1993 3760
1996 23880
2001 5100
2003 6780
2006 16900
2012 9480
2014 4820
2018 25840
2020 5100
2021 4440
2025 9760
2033 4520
2036 3760
2041 16740
2043 3220
2046 4040
2052 3640
2054 4340
2058 5340
2060 16740
2061 24200
2065 7220
2073 4560
2076 4520
2081 5460
2083 3660
2086 4860
2092 3340
2094 2680
2098 6400
2100 5460
2101 4460
2105 45640
2106 43240
2113 22420
2116 4560
2121 5360
2123 85500
2126 3960
2132 2500
2134 23880
2138 3460
2140 5360
2141 7180
2145 9960
2146 16900
2153 4260
2156 22420
2161 3560
2163 28540
2166 9480
2172 14200
2174 3760
2178 21220
2180 3560
2181 6540
2185 12420
2186 4040
2193 2900
2196 4260
2201 19800
2203 6020
2206 3640
2212 2680
2214 4520
2218 4820
2220 19800
2221 23960
2225 7900
2226 4860
2233 2140
2236 2900
2241 4620
2243 8580
2246 3340
2252 4400
2254 4560
2258 4340
2260 4620
2261 6620
2265 45420
2266 3960
2273 6780
2276 2140
2281 6020
2283 5100
2286 2500
2292 3660
2294 22420
2298 2680
2300 6020
2301 6200
2305 9280
2306 9480
2313 3220
2316 6780
2321 4440
2323 16740
2326 14200
2332 25840
2334 4260
2338 23880
2340 4440
2341 3880
2345 11520
2346 3640
2353 3660
2356 3220
2361 24200
2363 5460
2366 2680
2372 5340
2374 2900
2378 3760
2380 24200
2381 29140
2385 9220
2386 3340
2393 85500
2396 3660
2401 4460
2403 5360
2406 4400
2412 6400
2414 2140
2418 4520
2420 4460
2421 6260
2425 47840
2426 2500
2433 28540
2436 85500
2441 7180
2443 3560
2446 3660
2452 3460
2454 6780
2458 4560
2460 7180
2461 8280
2465 10380
2466 14200
2473 6020
2476 28540
2481 6540
2483 19800
2486 25840
2492 21220
2494 3220
2498 22420
2500 6540
2501 5580
2505 10720
2506 2680
2513 8580
2516 6020
2521 23960
2523 4620
2526 5340
2532 4820
2534 3660
2538 4260
2540 23960
2541 24420
2545 8440
2546 4400
2553 5100
2556 8580
2561 6620
2563 6020
2566 6400
2572 4340
2574 85500
2578 2900
2580 6620
2581 5740
2585 51560
2586 3660
2593 16740
2596 5100
2601 6200
2603 4440
2606 3460
2612 2680
2614 28540
2618 2140
2620 6200
2621 7460
2625 10520
2626 25840
2633 5460
2636 16740
2641 3880
2643 24200
2646 21220
2652 23880
2654 6020
2658 6780
2660 3880
2661 5040
2665 11180
2666 5340
2673 5360
2676 5460
2681 29140
2683 4460
2686 4820
2692 3760
2694 8580
2698 3220
2700 29140
2701 9180
2705 7720
2706 6400
2713 3560
2716 5360
2721 6260
2723 7180
2726 4340
2732 4520
2734 5100
2738 3660
2740 6260
2741 5140
2745 31200
2746 3460
2753 19800
2756 3560
2761 8280
2763 6540
2766 2680
2772 4560
2774 16740
2778 85500
2780 8280
2781 6380
2785 8960
2786 21220
2793 4620
2796 19800
2801 5580
2803 23960
2806 23880
2812 22420
2814 5460
2818 28540
2820 5580
2821 114340
2825 11120
2826 4820
2833 6020
2836 4620
2841 24420
2843 6620
2846 3760
2852 4260
2854 5360
2858 6020
2860 24420
2861 26100
2865 90540
2866 4340
2873 4440
2876 6020
2881 5740
2883 6200
2886 4520
2892 2900
2894 3560
2898 8580
2900 5740
2901 6000
2905 37720
2906 2680
2913 24200
2916 4440
2921 7460
2923 3880
2926 4560
2932 2140
2934 19800
2938 5100
2940 7460
2941 9080
2945 11160
2946 23880
2953 4460
2956 24200
2961 5040
2963 29140
2966 22420
2972 6780
2974 4620
2978 16740
2980 5040
2981 5860
2985 12727
