0 0
224 43240
264 16900
281 43240
304 4040
321 16900
344 4860
361 4040
384 3960
401 4860
424 9480
441 3960
464 3640
481 9480
504 3340
521 3640
544 2500
561 3340
584 14200
601 2500
624 2680
641 14200
664 4400
681 2680
704 3660
721 4400
744 25840
761 3660
784 5340
788 43240
801 25840
824 6400
826 43240
828 16900
841 5340
864 3460
866 16900
868 4040
881 6400
904 21220
906 4040
908 4860
921 3460
944 4820
946 4860
948 3960
961 21220
984 4340
986 3960
988 9480
1001 4820
1024 2680
1026 9480
1028 3640
1041 4340
1064 23880
1066 3640
1068 3340
1081 2680
1104 3760
1106 3340
1108 2500
1121 23880
1144 4520
1146 2500
1148 14200
1161 3760
1184 4560
1186 14200
1188 2680
1201 4520
1224 22420
1226 2680
1228 4400
1241 4560
1264 4260
1266 4400
1268 3660
1281 22420
1304 2900
1306 3660
1308 25840
1321 4260
1344 2140
1346 25840
1348 5340
1361 2900
1384 6780
1386 5340
1388 6400
1401 2140
1424 3220
1426 6400
1428 3460
1441 6780
1464 3660
1466 3460
1468 21220
1481 3220
1504 85500
1506 21220
1508 4820
1521 3660
1528 43240
1544 28540
1546 4820
1548 4340
1561 85500
1568 16900
1584 6020
1586 4340
1588 2680
1601 28540
1608 4040
1624 8580
1626 2680
1628 23880
1641 6020
1648 4860
1664 5100
1666 23880
1668 3760
1681 8580
1688 3960
1704 16740
1706 3760
1708 4520
1721 5100
1728 9480
1744 5460
1746 4520
1748 4560
1761 16740
1768 3640
1784 5360
1786 4560
1788 22420
1801 5460
1808 3340
1824 3560
1826 22420
1828 4260
1841 5360
1848 2500
1864 19800
1866 4260
1868 2900
1881 3560
1888 14200
1904 4620
1906 2900
1908 2140
1921 19800
1928 2680
1944 6020
1946 2140
1948 6780
1956 43240
1961 4620
1968 4400
1984 4440
1986 6780
1988 3220
1996 16900
2001 6020
2008 3660
2024 24200
2026 3220
2028 3660
2036 4040
2041 4440
2048 25840
2064 4460
2066 3660
2068 85500
2076 4860
2081 24200
2088 5340
2104 7180
2106 85500
2108 28540
2116 3960
2121 4460
2128 6400
2144 6540
2146 28540
2148 49260
2156 9480
2161 7180
2168 3460
2184 23960
2186 6020
2188 25480
2193 43240
2196 3640
2201 6540
2208 21220
2224 6620
2226 8580
2228 9140
2233 16900
2236 3340
2241 23960
2248 4820
2264 6200
2266 5100
2268 21600
2273 4040
2276 2500
2281 6620
2288 4340
2304 3880
2306 16740
2308 9420
2313 4860
2316 14200
2321 6200
2328 2680
2344 29140
2346 5460
2348 14840
2353 3960
2356 2680
2361 3880
2368 23880
2384 6260
2386 5360
2388 7200
2393 9480
2396 4400
2401 29140
2408 3760
2424 8280
2426 3560
2428 23140
2433 3640
2436 3660
2441 6260
2448 4520
2464 5580
2466 19800
2468 7120
2473 3340
2476 25840
2481 8280
2488 4560
2498 43240
2504 24420
2506 4620
2508 20220
2513 2500
2516 5340
2521 5580
2528 22420
2538 16900
2544 5740
2546 6020
2548 7120
2553 14200
2556 6400
2561 24420
2568 4260
2578 4040
2584 7460
2586 4440
2588 28600
2593 2680
2596 3460
2601 5740
2608 2900
2618 4860
2624 5040
2626 24200
2628 8120
2633 4400
2636 21220
2641 7460
2648 2140
2658 3960
2664 9180
2666 4460
2668 33020
2673 3660
2676 4820
2681 5040
2688 6780
2698 9480
2704 5140
2706 7180
2708 11880
2713 25840
2716 4340
2721 9180
2728 3220
2738 3640
2744 6380
2746 6540
2748 30360
2753 5340
2756 2680
2761 5140
2768 3660
2778 3340
2784 114340
2786 23960
2788 10080
2793 6400
2796 23880
2801 6380
2808 85500
2818 2500
2824 26100
2826 6620
2828 27420
2833 3460
2836 3760
2841 114340
2848 28540
2858 14200
2864 6000
2866 6200
2868 8700
2873 21220
2876 4520
2881 26100
2888 6020
2898 2680
2904 9080
2906 3880
2908 33480
2913 4820
2916 4560
2921 6000
2928 8580
2938 4400
2944 5860
2946 29140
2948 8940
2953 4340
2956 22420
2961 9080
2968 5100
2978 3660
2984 3537
