0 0
1016 43240
1056 16900
1096 4040
1136 4860
1176 3960
1216 9480
1256 3640
1296 3340
1336 2500
1376 14200
1416 2680
1456 4400
1496 3660
1536 25840
1576 5340
1577 43240
1594 43240
1616 6400
1617 16900
1634 16900
1656 3460
1657 4040
1674 4040
1696 21220
1697 4860
1714 4860
1736 4820
1737 3960
1754 3960
1766 43240
1776 4340
1777 9480
1794 9480
1806 16900
1816 2680
1817 3640
1834 3640
1846 4040
1856 23880
1857 46580
1874 3340
1886 4860
1896 3760
1897 19400
1914 2500
1926 3960
1936 4520
1937 18240
1954 14200
1966 9480
1976 4560
1977 7540
1994 2680
2006 3640
2010 43240
2012 43240
2016 22420
2017 8360
2027 43240
2034 4400
2046 3340
2050 16900
2052 16900
2056 4260
2057 13140
2067 16900
2074 3660
2086 2500
2090 4040
2092 4040
2096 2900
2097 29480
2107 4040
2114 25840
2126 14200
2130 4860
2132 4860
2136 2140
2137 8680
2147 4860
2154 5340
2166 2680
2170 3960
2172 3960
2176 6780
2177 8900
2187 3960
2194 6400
2206 4400
2210 9480
2212 9480
2216 3220
2217 17660
2227 9480
2234 3460
2246 3660
2250 3640
2252 3640
2256 3660
2257 23900
2267 3640
2274 21220
2286 25840
2290 3340
2292 3340
2296 85500
2297 9220
2307 3340
2314 4820
2326 5340
2330 2500
2332 2500
2336 28540
2337 8000
2347 2500
2354 4340
2366 6400
2370 14200
2372 14200
2376 6020
2377 28520
2387 14200
2394 2680
2406 3460
2410 2680
2412 2680
2416 8580
2417 29220
2427 2680
2434 23880
2446 21220
2450 4400
2452 4400
2456 5100
2457 10160
2467 4400
2474 3760
2486 4820
2490 3660
2492 3660
2496 16740
2497 7980
2507 3660
2514 4520
2516 43240
2526 4340
2530 25840
2532 25840
2536 5460
2537 25780
2547 25840
2554 4560
2556 16900
2566 2680
2570 5340
2572 5340
2576 5360
2577 27240
2587 5340
2594 22420
2596 4040
2606 23880
2610 6400
2612 6400
2616 3560
2617 8600
2627 6400
2634 4260
2636 4860
2646 3760
2650 3460
2652 3460
2656 19800
2657 5580
2667 3460
2674 2900
2676 3960
2686 4520
2690 21220
2692 21220
2696 4620
2697 26020
2707 21220
2714 2140
2716 9480
2726 4560
2730 4820
2732 4820
2736 6020
2737 10540
2747 4820
2754 6780
2756 3640
2766 22420
2770 4340
2772 4340
2776 4440
2777 7740
2787 4340
2794 3220
2796 3340
2806 4260
2810 2680
2812 2680
2816 24200
2817 8220
2827 2680
2834 3660
2836 2500
2846 2900
2850 23880
2852 23880
2856 4460
2857 107920
2867 23880
2874 85500
2876 14200
2886 2140
2890 3760
2892 3760
2896 7180
2897 32800
2907 3760
2914 28540
2916 2680
2926 6780
2930 4520
2932 4520
2936 6540
2937 8920
2940 43240
2947 4520
2954 6020
2956 4400
2966 3220
2970 4560
2972 4560
2976 23960
2977 10720
