0 0
255 43240
295 16900
335 4040
364 43240
375 4860
404 16900
415 3960
440 43240
444 4040
455 9480
475 43240
480 16900
484 4860
495 3640
515 16900
520 4040
524 3960
535 3340
555 4040
560 4860
564 9480
575 2500
595 48100
600 3960
604 3640
615 14200
635 20860
640 9480
644 3340
655 2680
675 13520
680 3640
684 2500
695 4400
715 8500
720 3340
724 14200
735 3660
755 7300
760 2500
764 2680
775 25840
795 11980
800 14200
804 4400
815 5340
835 17840
840 2680
844 3660
855 6400
875 6020
880 4400
884 25840
895 3460
915 6900
920 3660
924 5340
935 21220
955 17860
960 25840
964 6400
975 4820
995 28520
1000 5340
1004 3460
1015 4340
1035 9740
1040 6400
1044 21220
1055 2680
1057 43240
1075 10060
1080 3460
1084 4820
1095 23880
1097 16900
1115 29300
1120 21220
1124 4340
1135 3760
1137 4040
1155 26560
1160 4820
1164 2680
1170 43240
1175 4520
1177 4860
1195 11220
1200 4340
1204 23880
1210 16900
1215 4560
1217 3960
1235 7800
1240 2680
1244 3760
1250 4040
1255 22420
1257 9480
1275 23900
1280 23880
1284 4520
1290 4860
1295 4260
1297 3640
1315 28700
1320 3760
1324 4560
1330 3960
1335 2900
1337 3340
1355 8100
1360 4520
1364 22420
1370 9480
1375 2140
1377 2500
1395 7200
1400 4560
1404 4260
1410 3640
1415 6780
1417 14200
1435 28440
1440 22420
1444 2900
1450 3340
1455 3220
1457 2680
1475 26180
1480 4260
1484 2140
1490 2500
1495 3660
1497 4400
1515 8780
1520 2900
1524 6780
1530 14200
1535 85500
1537 3660
1555 7460
1560 2140
1564 3220
1568 43240
1570 2680
1575 28540
1577 25840
1595 24560
1600 6780
1604 3660
1608 16900
1610 4400
1615 6020
1617 5340
1635 11040
1640 3220
1644 85500
1648 4040
1650 3660
1655 8580
1657 6400
1675 6120
1680 3660
1684 28540
1687 43240
1688 4860
1690 25840
1695 5100
1697 3460
1715 5800
1720 85500
1724 6020
1727 16900
1728 3960
1730 5340
1735 16740
1737 21220
1755 92280
1760 28540
1764 8580
1767 4040
1768 9480
1770 6400
1775 5460
1777 4820
1795 31760
1800 6020
1804 5100
1807 4860
1808 3640
1810 3460
1813 43240
1815 5360
1817 4340
1835 9680
1840 8580
1844 16740
1847 3960
1848 3340
1850 21220
1853 16900
1855 3560
1857 2680
1875 94080
1880 5100
1884 5460
1887 9480
1888 2500
1890 4820
1893 4040
1895 19800
1897 23880
1915 33640
1920 16740
1924 5360
1927 3640
1928 14200
1930 4340
1933 4860
1935 4620
1937 3760
1955 22760
1960 5460
1964 3560
1967 3340
1968 2680
1970 2680
1973 3960
1975 6020
1977 4520
1982 43240
1995 14040
2000 5360
2004 19800
2007 2500
2008 4400
2010 23880
2013 9480
2015 4440
2017 4560
2022 16900
2035 10460
2040 3560
2044 4620
2047 14200
2048 3660
2050 3760
2053 3640
2055 24200
2057 22420
2062 4040
2075 20300
2080 19800
2084 6020
2087 2680
2088 25840
2090 4520
2093 3340
2095 4460
2097 4260
2102 4860
2115 25260
2120 4620
2124 4440
2127 4400
2128 5340
2130 4560
2133 2500
2135 7180
2137 2900
2142 3960
2155 9980
2160 6020
2164 24200
2167 3660
2168 6400
2170 22420
2173 14200
2175 6540
2177 2140
2182 9480
2195 9580
2200 4440
2204 4460
2207 25840
2208 3460
2210 4260
2213 2680
2215 23960
2217 6780
2222 3640
2235 24240
2240 24200
2244 7180
2247 5340
2248 21220
2250 2900
2253 4400
2255 6620
2257 3220
2262 3340
2275 28820
2280 4460
2284 6540
2287 6400
2288 4820
2290 2140
2293 3660
2295 6200
2297 3660
2302 2500
2315 10480
2320 7180
2324 23960
2327 3460
2328 4340
2330 6780
2333 25840
2335 3880
2337 85500
2342 14200
2355 11620
2360 6540
2364 6620
2367 21220
2368 2680
2370 3220
2373 5340
2375 29140
2377 28540
2382 2680
2391 43240
2395 30740
2400 23960
2404 6200
2407 48060
2408 23880
2410 3660
2413 6400
2415 6260
2417 6020
2422 4400
2431 16900
2435 28420
2440 6620
2444 3880
2447 21240
2448 3760
2450 85500
2453 3460
2455 8280
2457 8580
2462 3660
2471 4040
2475 13800
2480 6200
2484 29140
2487 6720
2488 4520
2490 28540
2493 21220
2495 5580
2497 5100
2502 25840
2511 4860
2515 12740
2520 3880
2524 6260
2527 28740
2528 4560
2530 6020
2533 4820
2535 24420
2537 16740
2542 5340
2551 3960
2555 27840
2560 29140
2564 8280
2567 7720
2568 22420
2570 8580
2573 4340
2575 5740
2577 5460
2582 6400
2591 9480
2595 35760
2600 6260
2604 5580
2607 14000
2608 4260
2610 5100
2613 2680
2615 7460
2617 5360
2622 3460
2631 3640
2635 12460
2640 8280
2644 24420
2647 8200
2648 2900
2650 16740
2653 23880
2655 5040
2657 3560
2662 21220
2671 3340
2675 12160
2680 5580
2684 5740
2687 25760
2688 2140
2690 5460
2693 3760
2695 9180
2697 19800
2702 4820
2711 2500
2715 34720
2720 24420
2724 7460
2727 6760
2728 6780
2730 5360
2733 4520
2735 5140
2737 4620
2742 4340
2751 14200
2755 30680
2760 5740
2764 5040
2767 17100
2768 3220
2770 3560
2773 4560
2775 6380
2777 6020
2782 2680
2791 2680
2795 14020
2800 7460
2804 9180
2807 4820
2808 3660
2810 19800
2813 22420
2815 114340
2817 4440
2822 23880
2831 4400
2835 13040
2840 5040
2844 5140
2847 11180
2848 85500
2850 4620
2853 4260
2855 26100
2857 24200
2862 3760
2871 3660
2875 29460
2880 9180
2884 6380
2887 6880
2888 28540
2890 6020
2893 2900
2895 6000
2897 4460
2902 4520
2911 25840
2915 14920
2920 5140
2924 114340
2927 29500
2928 6020
2930 4440
2933 2140
2935 9080
2937 7180
2942 4560
2951 5340
2955 12600
2958 43240
2960 6380
2964 69340
2967 90840
2968 8580
2970 24200
2973 6780
2975 5860
2977 6540
2982 16815
