0 0
186 43240
226 16900
266 4040
306 4860
346 3960
386 9480
426 3640
466 3340
506 2500
546 14200
573 43240
586 2680
613 16900
626 4400
653 4040
666 3660
671 43240
693 4860
706 25840
711 16900
733 3960
746 5340
749 43240
751 4040
773 9480
786 6400
789 16900
791 4860
813 3640
826 3460
829 4040
831 3960
853 3340
866 21220
869 4860
871 9480
893 2500
906 4820
909 3960
911 3640
925 43240
933 14200
946 4340
949 9480
951 3340
956 43240
965 16900
973 2680
986 2680
989 3640
991 2500
996 16900
1005 4040
1013 4400
1026 23880
1029 3340
1031 14200
1036 4040
1045 4860
1053 3660
1066 3760
1069 2500
1071 2680
1076 4860
1085 3960
1093 25840
1106 4520
1109 14200
1111 4400
1116 3960
1125 9480
1133 5340
1141 43240
1146 4560
1148 43240
1149 2680
1151 3660
1156 9480
1165 3640
1173 6400
1181 16900
1186 22420
1188 16900
1189 4400
1191 25840
1196 3640
1205 3340
1213 3460
1221 4040
1226 4260
1228 4040
1229 3660
1231 5340
1236 3340
1238 43240
1245 2500
1253 21220
1261 4860
1266 2900
1268 4860
1269 25840
1271 6400
1276 2500
1278 16900
1285 14200
1289 43240
1293 4820
1301 3960
1306 2140
1308 3960
1309 5340
1311 3460
1316 14200
1318 4040
1325 2680
1329 16900
1333 4340
1341 9480
1346 6780
1348 9480
1349 6400
1351 21220
1356 2680
1358 4860
1365 4400
1369 4040
1373 2680
1381 3640
1386 3220
1388 3640
1389 3460
1391 4820
1396 4400
1398 3960
1405 3660
1409 4860
1413 23880
1421 3340
1426 3660
1428 3340
1429 21220
1431 4340
1436 3660
1438 9480
1445 25840
1449 3960
1453 3760
1461 2500
1466 85500
1468 2500
1469 4820
1471 2680
1476 25840
1478 3640
1485 5340
1489 9480
1493 4520
1501 14200
1506 28540
1508 14200
1509 4340
1511 23880
1516 5340
1518 3340
1525 6400
1529 3640
1533 4560
1541 2680
1546 6020
1548 2680
1549 2680
1551 3760
1556 6400
1558 2500
1565 3460
1569 3340
1573 22420
1581 4400
1586 8580
1588 4400
1589 23880
1591 4520
1596 3460
1598 14200
1605 21220
1609 2500
1613 4260
1621 3660
1626 5100
1628 3660
1629 3760
1631 4560
1636 21220
1638 2680
1645 4820
1649 14200
1653 2900
1661 25840
1666 16740
1668 25840
1669 4520
1671 22420
1676 4820
1678 4400
1685 4340
1689 2680
1693 2140
1701 5340
1706 5460
1708 5340
1709 4560
1711 4260
1716 4340
1718 3660
1725 2680
1729 4400
1733 6780
1741 6400
1746 5360
1748 6400
1749 22420
1751 2900
1756 2680
1758 25840
1765 23880
1769 3660
1773 3220
1781 3460
1786 3560
1788 3460
1789 4260
1791 2140
1796 23880
1798 5340
1805 3760
1809 25840
1813 3660
1821 21220
1826 19800
1828 21220
1829 2900
1831 6780
1836 3760
1838 6400
1845 4520
1849 5340
1853 85500
1861 4820
1866 4620
1868 4820
1869 2140
1871 3220
1876 4520
1878 3460
1885 4560
1889 6400
1893 28540
1901 4340
1906 6020
1908 4340
1909 6780
1911 3660
1916 4560
1918 21220
1925 22420
1929 3460
1933 6020
1941 2680
1946 4440
1948 2680
1949 3220
1951 85500
1956 22420
1958 4820
1965 4260
1969 21220
1973 8580
1981 23880
1986 24200
1988 23880
1989 3660
1991 28540
1996 4260
1998 4340
2005 2900
2009 4820
2013 5100
2021 3760
2026 4460
2028 3760
2029 85500
2031 6020
2036 2900
2038 2680
2045 2140
2049 4340
2053 16740
2061 4520
2066 7180
2068 4520
2069 28540
2071 8580
2076 2140
2078 23880
2085 6780
2089 2680
2093 5460
2101 4560
2106 6540
2108 4560
2109 6020
2111 5100
2116 6780
2118 3760
2125 3220
2129 23880
2133 5360
2141 22420
2146 23960
2148 22420
2149 8580
2151 16740
2156 3220
2158 4520
2165 3660
2169 3760
2173 3560
2181 4260
2186 6620
2188 4260
2189 5100
2191 5460
2196 3660
2198 4560
2205 85500
2209 4520
2213 19800
2221 2900
2226 6200
2228 2900
2229 16740
2231 5360
2236 85500
2238 22420
2245 28540
2249 4560
2253 4620
2261 2140
2266 3880
2268 2140
2269 5460
2271 3560
2276 28540
2278 4260
2285 6020
2289 22420
2293 6020
2301 6780
2306 29140
2308 6780
2309 5360
2311 19800
2316 6020
2318 2900
2325 8580
2329 4260
2333 4440
2341 3220
2346 6260
2348 3220
2349 3560
2351 4620
2356 8580
2358 2140
2365 5100
2369 2900
2373 24200
2381 3660
2386 8280
2388 3660
2389 19800
2391 6020
2396 5100
2398 6780
2405 16740
2409 2140
2413 4460
2421 85500
2426 5580
2428 85500
2429 4620
2431 4440
2436 16740
2438 3220
2445 5460
2449 6780
2453 7180
2461 28540
2466 24420
2468 28540
2469 6020
2471 24200
2476 5460
2478 3660
2485 5360
2489 3220
2493 6540
2501 6020
2506 5740
2508 6020
2509 4440
2511 4460
2516 5360
2518 85500
2525 3560
2529 3660
2533 23960
2541 8580
2546 7460
2548 8580
2549 24200
2551 7180
2556 3560
2558 28540
2565 19800
2569 85500
2573 6620
2581 5100
2586 5040
2588 5100
2589 4460
2591 6540
2596 19800
2598 6020
2605 4620
2609 28540
2613 6200
2621 16740
2626 9180
2628 16740
2629 7180
2631 23960
2636 4620
2638 8580
2645 6020
2649 6020
2653 3880
2661 5460
2666 5140
2668 5460
2669 6540
2671 6620
2676 6020
2678 5100
2685 4440
2689 8580
2693 29140
2701 5360
2706 6380
2708 5360
2709 23960
2711 6200
2716 4440
2718 16740
2725 24200
2729 5100
2733 6260
2741 3560
2746 114340
2748 3560
2749 6620
2751 3880
2756 24200
2758 5460
2765 4460
2769 16740
2773 8280
2781 19800
2786 26100
2788 19800
2789 6200
2791 29140
2796 4460
2798 5360
2805 7180
2809 5460
2813 5580
2821 4620
2826 6000
2828 4620
2829 3880
2831 6260
2836 7180
2838 3560
2845 6540
2849 5360
2853 24420
2861 6020
2866 9080
2868 6020
2869 29140
2871 8280
2876 6540
2878 19800
2885 23960
2889 46800
2893 5740
2901 4440
2906 5860
2908 4440
2909 6260
2911 5580
2916 23960
2918 4620
2925 6620
2929 36700
2933 7460
2941 24200
2946 23580
2948 24200
2949 8280
2951 24420
2956 6620
2958 6020
2965 6200
2969 8660
2973 5040
