0 0
327 43240
367 16900
407 4040
443 43240
447 4860
468 43240
483 16900
487 3960
508 16900
523 4040
527 9480
548 4040
563 4860
564 43240
567 3640
588 4860
603 3960
604 16900
607 3340
628 3960
643 9480
644 4040
647 2500
654 43240
668 9480
683 3640
684 4860
687 14200
694 16900
708 3640
723 3340
724 3960
727 2680
734 4040
748 3340
763 2500
764 9480
767 4400
774 4860
788 2500
803 57440
804 3640
807 3660
814 3960
828 14200
843 19580
844 3340
847 25840
852 43240
854 9480
868 2680
883 8440
884 2500
887 5340
892 16900
894 3640
908 4400
923 8520
924 14200
927 6400
932 4040
934 3340
948 3660
963 29800
964 2680
967 3460
972 4860
974 2500
988 25840
1003 14820
1004 4400
1007 21220
1012 3960
1014 14200
1028 5340
1043 10040
1044 3660
1047 4820
1052 9480
1054 2680
1066 43240
1068 6400
1083 6800
1084 25840
1087 4340
1092 3640
1094 4400
1106 16900
1108 3460
1123 23720
1124 5340
1127 2680
1132 3340
1134 3660
1146 4040
1148 21220
1163 19020
1164 6400
1167 23880
1172 2500
1174 25840
1186 4860
1188 4820
1203 7020
1204 3460
1207 3760
1212 14200
1214 5340
1226 3960
1228 4340
1243 7080
1244 21220
1247 4520
1252 2680
1254 6400
1266 9480
1268 2680
1283 27540
1284 4820
1287 4560
1292 4400
1294 3460
1306 3640
1308 23880
1323 29600
1324 4340
1327 22420
1332 3660
1334 21220
1346 3340
1348 3760
1360 43240
1363 9860
1364 2680
1367 4260
1372 25840
1374 4820
1386 2500
1388 4520
1400 16900
1403 10960
1404 23880
1407 2900
1412 5340
1414 4340
1426 14200
1428 4560
1440 4040
1443 25880
1444 3760
1447 2140
1452 6400
1454 2680
1466 2680
1468 22420
1470 43240
1480 4860
1483 25480
1484 4520
1487 6780
1492 3460
1494 23880
1506 4400
1508 4260
1510 16900
1520 3960
1523 7720
1524 4560
1527 3220
1532 21220
1534 3760
1546 3660
1548 2900
1550 4040
1560 9480
1563 6480
1564 22420
1567 3660
1572 4820
1574 4520
1586 25840
1588 2140
1590 4860
1600 3640
1603 9460
1604 4260
1607 85500
1612 4340
1614 4560
1626 5340
1628 6780
1630 3960
1640 3340
1643 27100
1644 2900
1647 28540
1652 2680
1654 22420
1666 6400
1668 3220
1670 9480
1680 2500
1683 7420
1684 2140
1687 6020
1692 23880
1694 4260
1706 3460
1708 3660
1710 3640
1720 14200
1723 90020
1724 6780
1727 8580
1732 3760
1734 2900
1746 21220
1748 85500
1750 3340
1760 2680
1763 33100
1764 3220
1767 5100
1768 43240
1772 4520
1774 2140
1786 4820
1788 28540
1790 2500
1800 4400
1803 28440
1804 3660
1807 16740
1808 16900
1812 4560
1814 6780
1826 4340
1828 6020
1830 14200
1840 3660
1843 12840
1844 85500
1847 5460
1848 4040
1852 22420
1854 3220
1866 2680
1868 8580
1870 2680
1880 25840
1883 8000
1884 28540
1887 5360
1888 4860
1892 4260
1894 3660
1906 23880
1908 5100
1910 4400
1920 5340
1923 18880
1924 6020
1927 3560
1928 3960
1932 2900
1934 85500
1946 3760
1948 16740
1950 3660
1960 6400
1963 12240
1964 8580
1967 19800
1968 9480
1972 2140
1974 28540
1986 4520
1988 5460
1990 25840
2000 3460
2003 8580
2004 5100
2007 4620
2008 3640
2012 6780
2014 6020
2026 4560
2028 5360
2030 5340
2040 21220
2043 7220
2044 16740
2047 6020
2048 3340
2052 3220
2054 8580
2066 22420
2068 3560
2070 6400
2080 4820
2083 105300
2084 5460
2087 4440
2088 2500
2092 46900
2094 5100
2106 4260
2108 19800
2110 3460
2120 4340
2123 33160
2124 5360
2127 24200
2128 14200
2132 102400
2134 16740
2146 2900
2148 4620
2150 21220
2160 2680
2163 12040
2164 3560
2167 4460
2168 2680
2172 32580
2174 5460
2186 2140
2188 6020
2190 4820
2200 23880
2203 13020
2204 19800
2207 7180
2208 4400
2212 10880
2214 5360
2226 6780
2228 4440
2230 4340
2240 3760
2243 29300
2244 4620
2247 6540
2248 3660
2252 12540
2254 3560
2266 3220
2268 24200
2270 2680
2280 4520
2283 21200
2284 6020
2287 23960
2288 25840
2292 14580
2294 19800
2306 3660
2308 4460
2310 23880
2320 4560
2323 12640
2324 4440
2327 6620
2328 5340
2332 20380
2334 4620
2338 43240
2346 85500
2348 7180
2350 3760
2360 22420
2363 11900
2364 24200
2367 6200
2368 6400
2372 8800
2374 6020
2378 16900
2386 28540
2388 6540
2390 4520
2400 4260
2403 27520
2404 4460
2407 3880
2408 3460
2412 7860
2414 4440
2418 4040
2426 6020
2428 23960
2430 4560
2440 2900
2443 26420
2444 7180
2447 29140
2448 21220
2452 17760
2454 24200
2458 4860
2466 8580
2468 6620
2470 22420
2480 2140
2483 10820
2484 6540
2487 6260
2488 4820
2492 22480
2494 4460
2498 3960
2506 5100
2508 6200
2510 4260
2520 6780
2523 9900
2524 23960
2527 8280
2528 4340
2532 9020
2534 7180
2538 9480
2546 16740
2548 3880
2550 2900
2560 3220
2563 33580
2564 6620
2567 5580
2568 2680
2572 9680
2574 6540
2578 3640
2586 5460
2588 29140
2590 2140
2600 3660
2603 30460
2604 6200
2607 24420
2608 23880
2612 30280
2614 23960
2618 3340
2626 5360
2628 6260
2630 6780
2640 85500
2643 12740
2644 3880
2647 5740
2648 3760
2652 29540
2654 6620
2658 2500
2666 3560
2668 8280
2670 3220
2680 28540
2683 12760
2684 29140
2687 7460
2688 4520
2692 10860
2694 6200
2698 14200
2706 19800
2708 5580
2710 3660
2720 6020
2723 30960
2724 6260
2727 5040
2728 4560
2732 10640
2734 3880
2738 2680
2746 4620
2748 24420
2750 85500
2760 8580
2763 29700
2764 8280
2767 9180
2768 22420
2772 27760
2774 29140
2778 4400
2786 6020
2788 5740
2790 28540
2800 5100
2803 14080
2804 5580
2807 5140
2808 4260
2812 28780
2814 6260
2818 3660
2826 4440
2828 7460
2830 6020
2840 16740
2843 11240
2844 24420
2847 6380
2848 2900
2852 10960
2854 8280
2858 25840
2866 24200
2868 5040
2870 8580
2880 5460
2883 13060
2884 5740
2887 114340
2888 2140
2892 8880
2894 5580
2898 5340
2906 4460
2908 9180
2910 5100
2920 5360
2923 34280
2924 7460
2927 26100
2928 6780
2932 27760
2934 24420
2938 6400
2946 7180
2948 5140
2950 16740
2960 3560
2963 12640
2964 5040
2967 6000
2968 3220
