0 0
520 43240
531 43240
560 16900
571 16900
600 4040
611 4040
640 4860
651 4860
680 3960
691 3960
720 9480
731 9480
760 3640
771 3640
800 3340
811 3340
840 2500
851 2500
880 14200
891 14200
920 2680
931 2680
960 4400
971 4400
1000 3660
1011 3660
1040 25840
1051 25840
1080 5340
1091 5340
1120 6400
1131 6400
1139 43240
1160 3460
1170 43240
1171 3460
1179 16900
1200 21220
1210 16900
1211 21220
1219 4040
1240 4820
1250 4040
1251 4820
1259 4860
1280 4340
1290 4860
1291 4340
1299 3960
1320 2680
1330 3960
1331 2680
1339 9480
1360 23880
1370 9480
1371 23880
1379 3640
1400 3760
1410 3640
1411 3760
1419 3340
1440 4520
1450 3340
1451 4520
1459 2500
1480 4560
1490 2500
1491 4560
1499 14200
1520 22420
1530 14200
1531 22420
1539 2680
1560 4260
1570 2680
1571 4260
1579 4400
1600 2900
1610 4400
1611 2900
1619 3660
1640 2140
1650 3660
1651 2140
1659 25840
1680 6780
1690 25840
1691 6780
1699 5340
1720 3220
1730 5340
1731 3220
1739 6400
1760 3660
1770 6400
1771 3660
1779 3460
1800 85500
1810 3460
1811 85500
1819 21220
1840 28540
1850 21220
1851 28540
1859 4820
1880 6020
1890 4820
1891 6020
1899 4340
1920 8580
1930 4340
1931 8580
1939 2680
1960 48340
1970 2680
1971 5100
1979 23880
2000 33640
2010 23880
2011 16740
2019 3760
2040 9500
2050 3760
2051 5460
2059 4520
2080 10220
2090 4520
2091 5360
2099 4560
2120 7520
2130 4560
2131 3560
2139 22420
2160 29280
2170 22420
2171 19800
2179 4260
2200 8260
2210 4260
2211 4620
2219 2900
2240 9360
2250 2900
2251 6020
2259 2140
2280 50180
2290 2140
2291 4440
2299 6780
2320 55300
2330 6780
2331 24200
2339 3220
2360 11180
2370 3220
2371 4460
2379 3660
2400 16440
2410 3660
2411 7180
2419 85500
2440 14160
2450 85500
2451 6540
2459 28540
2480 59280
2490 28540
2491 23960
2499 6020
2520 15600
2530 6020
2531 6620
2539 8580
2560 15940
2570 8580
2571 6200
2579 5100
2600 9840
2610 5100
2611 3880
2619 16740
2640 64560
2650 16740
2651 29140
2659 5460
2680 13760
2690 5460
2691 6260
2699 5360
2720 17020
2730 5360
2731 8280
2739 3560
2760 11920
2770 3560
2771 5580
2779 19800
2800 74140
2810 19800
2811 24420
2819 4620
2840 14840
2850 4620
2851 5740
2859 6020
2880 18380
2890 6020
2891 7460
2899 4440
2920 13060
2930 4440
2931 5040
2939 24200
2955 43240
