0 0
163 43240
169 43240
203 16900
209 16900
243 4040
249 4040
283 4860
289 4860
323 3960
329 3960
363 9480
369 9480
403 3640
406 43240
409 3640
443 3340
446 16900
449 3340
483 2500
486 4040
489 2500
523 14200
526 4860
529 14200
563 2680
566 3960
569 2680
603 4400
606 9480
609 4400
611 43240
643 3660
646 3640
649 3660
651 16900
683 25840
686 3340
689 25840
691 4040
723 5340
726 2500
729 5340
731 4860
761 43240
763 6400
766 14200
769 6400
771 3960
801 16900
803 3460
806 2680
809 3460
811 9480
841 4040
843 21220
846 4400
849 21220
851 3640
881 4860
883 4820
886 3660
889 4820
891 3340
921 3960
923 4340
926 25840
929 4340
931 2500
961 9480
963 2680
966 5340
969 2680
971 14200
1001 3640
1003 23880
1006 6400
1009 23880
1011 2680
1041 3340
1043 3760
1046 3460
1049 3760
1051 4400
1081 2500
1083 4520
1086 21220
1089 4520
1091 3660
1121 14200
1123 4560
1126 4820
1129 4560
1131 25840
1150 43240
1161 2680
1163 22420
1166 4340
1169 22420
1171 5340
1190 16900
1201 4400
1203 4260
1206 2680
1209 4260
1211 6400
1230 4040
1241 3660
1243 2900
1246 23880
1249 2900
1251 3460
1270 4860
1281 25840
1283 2140
1286 3760
1289 2140
1291 21220
1310 3960
1321 5340
1323 6780
1326 4520
1329 6780
1331 4820
1350 9480
1361 6400
1363 3220
1366 4560
1369 3220
1371 4340
1390 3640
1401 3460
1403 3660
1406 22420
1409 3660
1411 2680
1430 3340
1441 21220
1443 85500
1446 4260
1449 85500
1451 23880
1470 2500
1481 4820
1483 28540
1486 2900
1489 28540
1491 3760
1510 14200
1521 4340
1523 6020
1526 2140
1529 6020
1531 4520
1550 2680
1561 2680
1563 8580
1566 6780
1569 8580
1571 4560
1590 4400
1601 23880
1603 5100
1606 3220
1609 5100
1611 22420
1630 3660
1641 3760
1643 16740
1646 3660
1649 16740
1651 4260
1670 25840
1681 4520
1683 5460
1686 85500
1689 5460
1691 2900
1707 43240
1710 5340
1721 4560
1723 5360
1726 28540
1729 5360
1731 2140
1747 16900
1750 6400
1761 22420
1763 3560
1766 6020
1769 3560
1771 6780
1787 4040
1790 3460
1801 4260
1803 19800
1806 8580
1809 19800
1811 3220
1827 4860
1830 21220
1841 2900
1843 4620
1846 5100
1849 4620
1851 3660
1867 3960
1870 4820
1879 43240
1881 2140
1883 6020
1886 16740
1889 6020
1891 85500
1907 9480
1910 4340
1919 16900
1921 6780
1923 4440
1926 5460
1929 4440
1931 28540
1947 3640
1950 2680
1959 4040
1961 3220
1963 24200
1966 5360
1969 24200
1971 6020
1987 3340
1990 23880
1999 4860
2001 3660
2003 4460
2006 3560
2009 4460
2011 8580
2027 2500
2030 3760
2039 3960
2041 85500
2043 7180
2046 19800
2049 7180
2051 5100
2067 14200
2070 4520
2079 9480
2081 28540
2083 6540
2086 4620
2089 6540
2091 16740
2107 2680
2110 4560
2119 3640
2121 6020
2123 23960
2124 43240
2126 6020
2129 23960
2131 5460
2147 4400
2150 22420
2159 3340
2161 8580
2163 6620
2164 16900
2166 4440
2169 6620
2171 5360
2187 3660
2190 4260
2199 2500
2201 5100
2203 6200
2204 4040
2206 24200
2209 6200
2211 3560
2227 25840
2230 2900
2239 14200
2241 16740
2243 3880
2244 4860
2246 4460
2249 3880
2251 19800
2267 5340
2270 2140
2279 2680
2281 5460
2283 29140
2284 3960
2286 7180
2289 29140
2291 4620
2307 6400
2310 6780
2314 43240
2319 4400
2321 5360
2323 6260
2324 9480
2326 6540
2329 6260
2331 6020
2347 3460
2350 3220
2354 16900
2359 3660
2361 3560
2363 8280
2364 3640
2366 23960
2369 8280
2371 4440
2387 21220
2390 3660
2394 4040
2399 25840
2401 19800
2403 5580
2404 3340
2406 6620
2409 5580
2411 24200
2427 4820
2430 85500
2434 4860
2439 5340
2441 4620
2443 24420
2444 2500
2446 6200
2449 24420
2451 4460
2467 4340
2470 28540
2474 3960
2479 6400
2481 6020
2483 5740
2484 14200
2486 3880
2489 5740
2491 7180
2507 2680
2510 6020
2514 9480
2519 3460
2521 4440
2523 7460
2524 2680
2526 29140
2529 7460
2531 6540
2547 23880
2550 8580
2554 3640
2559 21220
2561 24200
2563 5040
2564 4400
2566 6260
2569 5040
2571 23960
2587 3760
2590 5100
2594 3340
2599 4820
2601 4460
2603 9180
2604 3660
2606 8280
2609 9180
2611 6620
2627 4520
2630 16740
2634 2500
2639 4340
2641 7180
2643 5140
2644 25840
2646 5580
2649 5140
2651 6200
2667 4560
2670 5460
2674 14200
2679 2680
2681 6540
2682 43240
2683 6380
2684 5340
2686 24420
2689 6380
2691 3880
2707 22420
2710 5360
2714 2680
2719 23880
2721 23960
2722 16900
2723 114340
2724 6400
2726 5740
2729 114340
2731 29140
2732 43240
2747 4260
2750 3560
2754 4400
2759 3760
2761 6620
2762 4040
2763 26100
2764 3460
2766 7460
2769 26100
2771 6260
2772 16900
2787 2900
2790 19800
2794 3660
2799 4520
2801 6200
2802 4860
2803 6000
2804 21220
2806 5040
2809 6000
2811 8280
2812 4040
2827 2140
2830 4620
2834 25840
2839 4560
2841 3880
2842 3960
2843 9080
2844 4820
2846 9180
2849 9080
2851 5580
2852 4860
2858 43240
2867 6780
2870 6020
2874 5340
2879 22420
2881 29140
2882 9480
2883 5860
2884 4340
2886 5140
2889 5860
2891 24420
2892 3960
2898 16900
2907 3220
2910 4440
2914 6400
2919 4260
2921 6260
2922 3640
2923 23580
2924 2680
2926 6380
2929 23580
2931 5740
2932 9480
2936 43240
2938 4040
2947 3660
2950 24200
2954 3460
2959 2900
2961 8280
2962 3340
2963 6480
2964 23880
2966 114340
2969 6480
2971 7460
2972 3640
2976 16900
2978 4860
2987 15805
