0 0
160 43240
200 16900
240 4040
280 4860
320 3960
360 9480
400 3640
440 3340
480 2500
496 43240
520 14200
536 16900
560 2680
576 4040
600 4400
616 4860
640 3660
656 3960
680 25840
687 43240
696 9480
720 5340
727 16900
736 3640
760 6400
767 4040
776 3340
800 3460
807 4860
816 2500
840 21220
847 3960
856 14200
880 4820
887 9480
896 2680
920 4340
927 3640
936 4400
960 2680
967 3340
976 3660
1000 23880
1007 2500
1016 25840
1040 3760
1047 14200
1056 5340
1080 4520
1087 2680
1096 6400
1120 4560
1127 4400
1136 3460
1160 22420
1167 3660
1176 21220
1200 4260
1207 25840
1216 4820
1238 43240
1240 2900
1247 5340
1256 4340
1278 16900
1280 2140
1287 6400
1296 2680
1318 4040
1320 6780
1327 3460
1336 23880
1358 4860
1360 3220
1367 21220
1376 47000
1398 3960
1400 3660
1407 4820
1416 21420
1438 9480
1440 85500
1447 4340
1456 8600
1478 3640
1480 28540
1487 2680
1496 27280
1518 3340
1520 6020
1527 23880
1536 8220
1558 2500
1560 8580
1567 3760
1576 12380
1598 14200
1600 5100
1607 4520
1616 5780
1638 2680
1640 16740
1647 4560
1656 10120
1678 4400
1680 5460
1687 22420
1696 5720
1718 3660
1720 5360
1727 4260
1736 17860
1758 25840
1760 3560
1767 2900
1776 88180
1798 5340
1800 19800
1807 2140
1816 32940
1838 6400
1840 4620
1847 6780
1856 9680
1878 3460
1880 6020
1885 43240
1887 3220
1896 34420
1918 21220
1920 4440
1925 16900
1927 3660
1936 10440
1958 4820
1960 24200
1965 4040
1967 85500
1976 23140
1998 4340
2000 4460
2005 4860
2007 28540
2016 8920
2038 2680
2040 7180
2045 3960
2047 6020
2056 26580
2078 23880
2080 6540
2085 9480
2087 8580
2096 8380
2118 47000
2120 23960
2125 3640
2127 5100
2136 24140
2158 21420
2160 6620
2165 3340
2167 16740
2176 7300
2198 8600
2200 6200
2205 2500
2207 5460
2216 29900
2238 27280
2240 3880
2245 14200
2247 5360
2256 8200
2278 8220
2280 29140
2285 2680
2287 3560
2296 28720
2318 12380
2320 6260
2325 4400
2327 19800
2336 9020
2358 5780
2360 8280
2365 3660
2367 4620
2376 29600
2398 10120
2400 5580
2405 25840
2407 6020
2416 10800
2438 5720
2440 24420
2445 5340
2447 4440
2456 26860
2478 17860
2480 5740
2485 6400
2487 24200
2496 8760
2518 88180
2520 7460
2525 3460
2527 4460
2536 12980
2558 32940
2560 5040
2565 21220
2567 7180
2576 7100
2598 9680
2600 9180
2605 4820
2607 6540
2616 32800
2638 34420
2640 5140
2645 4340
2647 23960
2656 91760
2678 10440
2680 6380
2685 2680
2687 6620
2696 36820
2718 23140
2720 114340
2725 23880
2727 6200
2736 11600
2758 8920
2760 26100
2765 3760
2767 3880
2776 33000
2787 43240
2798 26580
2800 6000
2805 4520
2807 29140
2816 10840
2827 16900
2838 8380
2840 9080
2845 4560
2847 6260
2856 24200
2867 4040
2878 24140
2880 5860
2885 22420
2887 8280
2896 10500
2907 4860
2918 7300
2920 23580
2925 4260
2927 5580
2936 14540
2947 3960
2958 29900
2960 6480
2965 2900
2967 24420
2976 8700
2987 9480
