0 0
399 43240
439 16900
458 43240
479 4040
498 16900
519 4860
538 4040
559 3960
578 4860
598 43240
599 9480
618 3960
638 16900
639 3640
658 9480
678 4040
679 3340
698 3640
718 4860
719 2500
722 43240
738 3340
758 3960
759 14200
762 16900
778 2500
798 9480
799 2680
802 4040
818 14200
838 3640
839 4400
842 4860
858 2680
878 3340
879 3660
882 3960
898 4400
918 2500
919 25840
922 9480
938 3660
958 14200
959 5340
962 3640
978 25840
989 43240
998 2680
999 6400
1002 3340
1018 5340
1029 16900
1038 4400
1039 3460
1042 2500
1058 6400
1069 4040
1078 3660
1079 21220
1082 14200
1098 3460
1109 4860
1118 25840
1119 4820
1122 2680
1138 21220
1149 3960
1158 5340
1159 4340
1162 4400
1178 4820
1189 9480
1198 6400
1199 2680
1202 3660
1218 4340
1229 3640
1238 3460
1239 23880
1242 25840
1258 2680
1269 3340
1278 21220
1279 3760
1282 5340
1298 23880
1309 2500
1318 4820
1319 4520
1322 6400
1338 3760
1349 14200
1358 4340
1359 4560
1362 3460
1378 4520
1389 2680
1398 2680
1399 22420
1402 21220
1418 4560
1429 4400
1438 23880
1439 4260
1442 4820
1458 22420
1469 3660
1478 3760
1479 2900
1482 4340
1498 4260
1509 25840
1518 4520
1519 2140
1522 2680
1538 2900
1549 5340
1558 4560
1559 6780
1562 23880
1578 2140
1582 43240
1589 6400
1598 22420
1599 46460
1602 3760
1618 6780
1622 16900
1629 3460
1638 4260
1639 20560
1642 4520
1651 43240
1658 3220
1662 4040
1669 21220
1678 2900
1679 89540
1682 4560
1691 16900
1698 3660
1702 4860
1709 4820
1718 2140
1719 33400
1722 22420
1731 4040
1738 85500
1742 3960
1749 4340
1758 6780
1759 9980
1762 4260
1771 4860
1778 28540
1782 9480
1789 2680
1798 3220
1799 18060
1802 2900
1811 3960
1818 6020
1822 3640
1829 23880
1838 3660
1839 8740
1842 2140
1851 9480
1858 8580
1862 3340
1869 3760
1878 85500
1879 20080
1882 6780
1891 3640
1898 5100
1902 2500
1909 4520
1918 28540
1919 7960
1922 3220
1931 3340
1938 16740
1942 14200
1949 4560
1958 6020
1959 19560
1962 3660
1971 2500
1978 5460
1982 2680
1989 22420
1998 8580
1999 6240
2002 85500
2011 14200
2018 5360
2022 4400
2029 4260
2038 5100
2039 24200
2042 28540
2051 2680
2058 3560
2062 3660
2069 2900
2078 16740
2079 8280
2082 6020
2091 4400
2098 19800
2102 25840
2109 2140
2118 5460
2119 31860
2122 8580
2131 3660
2138 4620
2142 5340
2149 6780
2158 5360
2159 9780
2162 5100
2171 25840
2178 6020
2182 6400
2189 3220
2198 3560
2199 30600
2202 16740
2205 43240
2211 5340
2218 4440
2222 3460
2229 3660
2232 43240
2238 19800
2239 7920
2242 5460
2245 16900
2251 6400
2258 24200
2262 21220
2269 85500
2272 16900
2278 4620
2279 28400
2282 5360
2285 4040
2291 3460
2298 4460
2302 4820
2309 28540
2312 4040
2318 6020
2319 11360
2322 3560
2325 4860
2331 21220
2338 7180
2342 4340
2349 6020
2352 4860
2358 4440
2359 28300
2362 19800
2365 3960
2371 4820
2378 6540
2382 2680
2389 8580
2392 3960
2398 24200
2399 9300
2402 4620
2405 9480
2411 4340
2418 23960
2422 23880
2429 5100
2432 9480
2438 4460
2439 30080
2442 6020
2445 3640
2451 2680
2458 6620
2462 3760
2469 16740
2472 3640
2478 7180
2479 7640
2482 4440
2485 3340
2491 23880
2498 6200
2502 4520
2509 5460
2512 3340
2518 6540
2519 33660
2522 24200
2525 2500
2531 3760
2538 3880
2542 4560
2549 5360
2552 2500
2558 23960
2559 10820
2562 4460
2565 14200
2571 4520
2578 29140
2582 22420
2589 3560
2592 14200
2598 6620
2599 30700
2602 7180
2605 2680
2611 4560
2618 6260
2622 4260
2629 19800
2632 2680
2638 6200
2639 9840
2642 6540
2645 4400
2651 22420
2658 8280
2662 2900
2669 4620
2672 4400
2678 3880
2679 27320
2682 23960
2685 3660
2691 4260
2698 5580
2702 2140
2709 6020
2712 3660
2718 29140
2719 7880
2722 6620
2725 25840
2731 2900
2738 24420
2742 6780
2749 4440
2752 25840
2758 6260
2759 14240
2762 6200
2765 5340
2771 2140
2778 5740
2782 3220
2789 24200
2792 5340
2798 8280
2799 8260
2802 3880
2805 6400
2811 6780
2818 7460
2822 3660
2829 4460
2832 6400
2838 5580
2839 12840
2842 29140
2845 3460
2851 3220
2858 5040
2862 85500
2869 7180
2872 3460
2878 24420
2879 90640
2882 6260
2885 21220
2891 3660
2898 9180
2902 28540
2909 6540
2912 21220
2918 5740
2919 34920
2922 8280
2925 4820
2931 85500
2938 5140
2942 6020
2949 23960
2952 4820
2958 7460
2959 120360
2962 5580
2965 4340
2971 28540
2978 6380
2982 8580
2989 3310
