0 0
187 43240
201 43240
227 16900
241 16900
267 4040
281 4040
307 4860
321 4860
347 3960
361 3960
387 9480
401 9480
427 3640
441 3640
467 3340
481 3340
507 2500
521 2500
547 14200
561 14200
587 2680
601 2680
627 4400
641 4400
645 43240
667 3660
681 3660
685 16900
707 25840
721 25840
725 4040
747 5340
761 5340
765 4860
772 43240
776 43240
787 6400
801 6400
805 3960
812 16900
816 16900
827 3460
841 3460
845 9480
852 4040
856 4040
867 21220
881 21220
885 3640
892 4860
896 4860
907 4820
921 4820
925 3340
928 43240
932 3960
936 3960
937 43240
947 4340
961 4340
965 2500
968 16900
972 9480
976 9480
977 16900
987 2680
1001 2680
1005 14200
1008 4040
1012 3640
1016 3640
1017 4040
1027 23880
1041 23880
1045 2680
1048 4860
1052 3340
1056 3340
1057 4860
1067 3760
1081 3760
1085 4400
1088 3960
1092 2500
1096 2500
1097 3960
1107 4520
1121 4520
1125 3660
1128 9480
1132 14200
1136 14200
1137 9480
1147 4560
1161 4560
1165 25840
1168 3640
1172 2680
1176 2680
1177 3640
1187 22420
1201 22420
1205 5340
1208 3340
1212 4400
1216 4400
1217 3340
1227 4260
1241 4260
1245 6400
1248 2500
1252 3660
1256 3660
1257 2500
1267 2900
1281 2900
1285 3460
1288 14200
1292 25840
1296 25840
1297 14200
1307 2140
1321 2140
1325 21220
1328 2680
1332 5340
1336 5340
1337 2680
1347 6780
1361 6780
1365 4820
1368 4400
1372 6400
1376 6400
1377 4400
1387 3220
1395 43240
1401 3220
1405 4340
1408 3660
1412 3460
1416 3460
1417 3660
1427 3660
1435 16900
1441 3660
1445 2680
1448 25840
1452 21220
1456 21220
1457 25840
1467 85500
1475 4040
1481 85500
1485 23880
1488 5340
1492 4820
1496 4820
1497 5340
1507 28540
1515 4860
1521 28540
1525 3760
1528 6400
1532 4340
1536 4340
1537 6400
1547 6020
1555 3960
1561 6020
1565 4520
1568 3460
1572 2680
1576 2680
1577 3460
1587 8580
1595 9480
1601 8580
1605 4560
1608 21220
1612 23880
1616 23880
1617 21220
1627 5100
1633 43240
1635 3640
1641 5100
1645 22420
1648 4820
1652 3760
1656 3760
1657 4820
1667 16740
1673 16900
1675 3340
1681 16740
1685 4260
1688 4340
1692 4520
1696 4520
1697 4340
1707 5460
1713 4040
1715 2500
1721 5460
1725 2900
1728 2680
1732 4560
1736 4560
1737 2680
1747 5360
1753 4860
1755 14200
1761 5360
1765 2140
1768 23880
1772 22420
1776 22420
1777 23880
1787 3560
1793 3960
1795 2680
1801 3560
1805 6780
1808 3760
1812 4260
1816 4260
1817 3760
1827 19800
1828 43240
1833 9480
1835 4400
1841 19800
1845 3220
1848 4520
1852 2900
1856 2900
1857 4520
1867 4620
1868 16900
1873 3640
1875 3660
1881 4620
1885 3660
1888 4560
1892 2140
1896 2140
1897 4560
1907 6020
1908 4040
1913 3340
1915 25840
1921 6020
1925 85500
1928 22420
1932 6780
1936 6780
1937 22420
1947 4440
1948 4860
1953 2500
1955 5340
1961 4440
1965 28540
1968 4260
1972 3220
1976 3220
1977 4260
1987 24200
1988 3960
1993 14200
1995 6400
2001 24200
2005 6020
2008 2900
2012 3660
2016 3660
2017 2900
2027 4460
2028 9480
2033 2680
2035 3460
2041 4460
2045 8580
2048 2140
2052 85500
2056 85500
2057 2140
2067 7180
2068 3640
2073 4400
2075 21220
2081 7180
2085 5100
2088 6780
2092 28540
2096 28540
2097 6780
2107 6540
2108 3340
2113 3660
2115 4820
2121 6540
2125 16740
2128 3220
2132 6020
2136 6020
2137 3220
2147 23960
2148 2500
2153 25840
2155 4340
2161 23960
2165 5460
2168 3660
2172 8580
2176 8580
2177 3660
2187 6620
2188 14200
2193 5340
2195 2680
2201 6620
2205 5360
2208 85500
2212 5100
2216 5100
2217 85500
2227 6200
2228 2680
2233 6400
2235 23880
2241 6200
2245 3560
2248 28540
2252 16740
2256 16740
2257 28540
2267 3880
2268 4400
2273 3460
2275 3760
2281 3880
2285 19800
2288 6020
2292 5460
2296 5460
2297 6020
2307 29140
2308 3660
2313 21220
2315 4520
2321 29140
2325 4620
2328 8580
2332 5360
2336 5360
2337 8580
2347 6260
2348 25840
2353 4820
2355 4560
2361 6260
2365 6020
2368 5100
2372 3560
2376 3560
2377 5100
2387 8280
2388 5340
2393 4340
2395 22420
2401 8280
2405 4440
2408 16740
2412 19800
2416 19800
2417 16740
2427 5580
2428 6400
2433 2680
2435 4260
2441 5580
2445 24200
2448 5460
2452 4620
2456 4620
2457 5460
2467 24420
2468 3460
2472 43240
2473 23880
2475 2900
2481 24420
2485 4460
2488 5360
2492 6020
2496 6020
2497 5360
2507 5740
2508 21220
2512 16900
2513 3760
2515 2140
2521 5740
2525 7180
2528 3560
2532 4440
2536 4440
2537 3560
2547 7460
2548 4820
2552 4040
2553 4520
2555 6780
2561 7460
2565 6540
2568 19800
2572 24200
2576 24200
2577 19800
2587 5040
2588 4340
2592 4860
2593 4560
2595 3220
2601 5040
2605 23960
2608 4620
2612 4460
2616 4460
2617 4620
2627 9180
2628 2680
2632 47200
2633 22420
2635 3660
2641 9180
2645 6620
2648 6020
2652 7180
2656 7180
2657 6020
2667 5140
2668 23880
2672 26380
2673 4260
2675 85500
2681 5140
2685 6200
2688 4440
2692 6540
2696 6540
2697 4440
2707 6380
2708 3760
2712 7680
2713 2900
2715 28540
2721 6380
2725 3880
2728 24200
2732 23960
2736 23960
2737 24200
2747 114340
2748 4520
2752 8200
2753 2140
2755 6020
2761 114340
2765 29140
2768 4460
2772 6620
2776 6620
2777 4460
2787 26100
2788 4560
2792 6460
2793 6780
2795 8580
2801 26100
2805 6260
2808 7180
2812 6200
2816 6200
2817 7180
2827 6000
2828 22420
2832 23680
2833 3220
2835 5100
2841 6000
2845 8280
2848 6540
2849 43240
2852 3880
2856 3880
2857 6540
2867 9080
2868 4260
2872 6320
2873 3660
2875 16740
2881 9080
2885 5580
2888 23960
2889 16900
2892 29140
2896 29140
2897 23960
2907 5860
2908 2900
2912 7740
2913 85500
2915 5460
2921 5860
2925 24420
2928 6620
2929 4040
2932 6260
2936 6260
2937 6620
2947 23580
2948 2140
2952 6160
2953 28540
2955 5360
2961 23580
2965 5740
2968 6200
2969 4860
2972 8280
2976 8280
2977 6200
2987 6480
2988 6780
2992 40040
