0 0
237 43240
277 16900
317 4040
357 4860
397 3960
437 9480
477 3640
517 3340
557 2500
597 14200
637 2680
677 4400
717 3660
732 43240
757 25840
772 16900
797 5340
812 4040
837 6400
852 4860
856 43240
877 3460
892 3960
896 16900
917 21220
932 9480
936 4040
957 4820
972 3640
976 4860
997 4340
1012 3340
1016 3960
1028 43240
1030 43240
1037 2680
1052 2500
1056 9480
1068 16900
1070 16900
1077 23880
1092 14200
1096 3640
1108 4040
1110 4040
1117 3760
1132 2680
1136 3340
1148 4860
1150 4860
1157 4520
1172 4400
1176 2500
1188 3960
1190 3960
1197 4560
1212 3660
1216 14200
1228 9480
1230 9480
1237 22420
1252 25840
1256 2680
1268 3640
1270 3640
1277 4260
1292 5340
1296 4400
1308 3340
1310 3340
1317 2900
1332 6400
1336 3660
1348 2500
1350 2500
1357 2140
1372 3460
1376 25840
1388 14200
1390 14200
1397 6780
1412 21220
1416 5340
1428 2680
1430 2680
1437 3220
1452 4820
1456 6400
1468 4400
1470 4400
1477 3660
1492 4340
1496 3460
1503 43240
1508 3660
1510 3660
1517 85500
1532 2680
1536 21220
1543 16900
1548 25840
1550 25840
1557 28540
1572 23880
1576 4820
1583 4040
1588 5340
1590 5340
1597 6020
1612 3760
1616 4340
1623 4860
1628 6400
1630 6400
1637 8580
1652 4520
1656 2680
1663 3960
1668 3460
1670 3460
1677 5100
1692 4560
1696 23880
1700 43240
1703 9480
1708 21220
1710 21220
1717 16740
1732 22420
1736 3760
1740 16900
1743 3640
1748 4820
1750 4820
1757 5460
1769 43240
1772 4260
1776 4520
1780 4040
1783 3340
1788 4340
1790 4340
1797 5360
1809 16900
1812 2900
1816 4560
1820 4860
1823 2500
1828 2680
1830 2680
1837 3560
1841 43240
1849 4040
1852 2140
1856 22420
1860 47200
1863 14200
1868 23880
1870 23880
1877 19800
1881 16900
1889 4860
1892 6780
1896 4260
1900 26380
1903 2680
1908 3760
1910 3760
1917 4620
1921 4040
1929 3960
1932 3220
1936 2900
1940 7680
1943 4400
1948 4520
1950 4520
1957 6020
1961 4860
1969 9480
1972 3660
1974 43240
1976 2140
1980 8200
1983 3660
1988 4560
1990 4560
1997 4440
2001 3960
2009 3640
2012 85500
2014 16900
2016 6780
2020 6460
2023 25840
2028 22420
2030 22420
2037 24200
2041 9480
2049 3340
2052 28540
2054 4040
2056 3220
2060 23680
2063 5340
2068 4260
2070 4260
2077 4460
2081 3640
2089 2500
2092 6020
2093 43240
2094 4860
2096 3660
2100 6320
2103 6400
2108 2900
2110 2900
2117 7180
2121 3340
2129 14200
2132 8580
2133 16900
2134 3960
2136 85500
2140 7740
2143 3460
2148 2140
2150 2140
2157 6540
2161 2500
2169 2680
2172 5100
2173 4040
2174 9480
2176 28540
2180 6160
2183 21220
2188 6780
2190 6780
2197 23960
2201 14200
2209 4400
2212 16740
2213 4860
2214 3640
2216 6020
2220 40040
2223 4820
2228 3220
2230 3220
2237 6620
2241 2680
2249 3660
2252 5460
2253 3960
2254 3340
2256 8580
2260 8020
2263 4340
2268 3660
2270 3660
2277 6200
2281 4400
2289 25840
2292 5360
2293 9480
2294 2500
2296 5100
2300 10800
2303 2680
2308 85500
2310 85500
2317 3880
2321 3660
2329 5340
2332 3560
2333 3640
2334 14200
2336 16740
2340 7120
2343 23880
2348 28540
2350 28540
2357 29140
2361 25840
2369 6400
2372 19800
2373 3340
2374 2680
2376 5460
2380 47060
2383 3760
2388 6020
2390 6020
2397 6260
2401 5340
2409 3460
2412 4620
2413 2500
2414 4400
2416 5360
2420 10160
2423 4520
2428 8580
2430 8580
2437 8280
2441 6400
2449 21220
2452 6020
2453 14200
2454 3660
2456 3560
2460 10740
2463 4560
2468 5100
2470 5100
2477 5580
2481 3460
2489 4820
2492 4440
2493 2680
2494 25840
2496 19800
2500 6140
2503 22420
2508 16740
2510 16740
2517 24420
2521 21220
2529 4340
2532 24200
2533 4400
2534 5340
2536 4620
2540 45100
2543 4260
2548 5460
2550 5460
2557 5740
2561 4820
2569 2680
2572 4460
2573 3660
2574 6400
2576 6020
2580 8580
2583 2900
2588 5360
2590 5360
2597 7460
2601 4340
2609 23880
2612 7180
2613 25840
2614 3460
2616 4440
2620 8860
2623 2140
2628 3560
2630 3560
2637 5040
2641 2680
2649 3760
2652 6540
2653 5340
2654 21220
2656 24200
2660 7240
2663 6780
2668 19800
2670 19800
2677 9180
2681 23880
2689 4520
2692 23960
2693 6400
2694 4820
2696 4460
2700 46300
2703 3220
2708 4620
2710 4620
2717 5140
2721 3760
2729 4560
2732 6620
2733 3460
2734 4340
2736 7180
2740 8020
2743 3660
2746 43240
2748 6020
2750 6020
2757 6380
2761 4520
2769 22420
2772 6200
2773 21220
2774 2680
2776 6540
2780 7420
2783 85500
2786 16900
2788 4440
2790 4440
2797 114340
2800 43240
2801 4560
2809 4260
2812 3880
2813 4820
2814 23880
2816 23960
2820 49940
2823 28540
2826 4040
2828 24200
2830 24200
2837 26100
2840 16900
2841 22420
2849 2900
2852 29140
2853 4340
2854 3760
2856 6620
2860 46100
2863 6020
2866 4860
2868 4460
2870 4460
2877 6000
2880 4040
2881 4260
2889 2140
2892 6260
2893 2680
2894 4520
2896 6200
2900 11520
2903 8580
2906 3960
2908 7180
2910 7180
2917 9080
2920 4860
2921 2900
2929 6780
2932 8280
2933 23880
2934 4560
2936 3880
2940 11420
2943 48340
2946 9480
2948 6540
2950 6540
2957 5860
2960 3960
2961 2140
2969 3220
2972 5580
2973 3760
2974 22420
2976 29140
2980 91600
2983 14229
