0 0
239 43240
279 16900
319 4040
359 4860
399 3960
439 9480
479 3640
519 3340
559 2500
599 14200
639 2680
679 4400
689 43240
719 3660
729 16900
759 25840
769 4040
770 43240
799 5340
809 4860
810 16900
839 6400
849 3960
850 4040
879 3460
889 9480
890 4860
917 43240
919 21220
929 3640
930 3960
957 16900
959 4820
969 3340
970 9480
997 4040
999 4340
1009 2500
1010 3640
1022 43240
1037 4860
1039 2680
1049 14200
1050 3340
1062 16900
1067 43240
1077 3960
1079 23880
1089 2680
1090 2500
1102 4040
1107 16900
1117 9480
1119 3760
1129 4400
1130 14200
1142 4860
1147 4040
1157 3640
1159 4520
1160 43240
1169 3660
1170 2680
1182 3960
1187 4860
1197 3340
1199 4560
1200 16900
1209 25840
1210 4400
1222 9480
1227 3960
1237 2500
1239 22420
1240 4040
1249 5340
1250 3660
1262 3640
1267 9480
1277 14200
1279 4260
1280 4860
1289 6400
1290 25840
1302 3340
1307 3640
1317 2680
1319 2900
1320 3960
1329 3460
1330 5340
1342 2500
1347 3340
1357 4400
1359 2140
1360 9480
1369 21220
1370 6400
1382 14200
1387 2500
1397 3660
1399 6780
1400 3640
1409 4820
1410 3460
1422 2680
1427 14200
1437 25840
1439 3220
1440 3340
1449 4340
1450 21220
1462 4400
1467 2680
1477 5340
1479 3660
1480 2500
1489 2680
1490 4820
1502 3660
1507 4400
1517 6400
1519 85500
1520 14200
1529 23880
1530 4340
1542 25840
1547 3660
1557 3460
1559 28540
1560 2680
1569 3760
1570 2680
1582 5340
1587 25840
1597 21220
1599 6020
1600 4400
1609 4520
1610 23880
1622 6400
1627 5340
1637 4820
1639 8580
1640 3660
1649 4560
1650 3760
1662 3460
1667 6400
1677 4340
1679 5100
1680 25840
1689 22420
1690 4520
1702 21220
1707 3460
1717 2680
1719 16740
1720 5340
1729 4260
1730 4560
1742 4820
1747 21220
1757 23880
1759 5460
1760 6400
1769 2900
1770 22420
1782 4340
1787 4820
1797 3760
1799 5360
1800 3460
1809 2140
1810 4260
1822 2680
1827 4340
1837 4520
1839 3560
1840 21220
1849 6780
1850 2900
1862 23880
1867 2680
1877 4560
1879 19800
1880 4820
1889 3220
1890 2140
1902 3760
1907 23880
1917 22420
1919 4620
1920 4340
1929 3660
1930 6780
1942 4520
1947 3760
1957 4260
1959 6020
1960 2680
1969 85500
1970 3220
1982 4560
1987 4520
1997 2900
1999 4440
2000 23880
2009 28540
2010 3660
2022 22420
2027 4560
2037 2140
2039 24200
2040 3760
2049 6020
2050 85500
2062 4260
2067 22420
2077 6780
2079 4460
2080 4520
2089 8580
2090 28540
2102 2900
2107 4260
2117 3220
2119 7180
2120 4560
2129 5100
2130 6020
2142 2140
2147 2900
2157 3660
2159 6540
2160 22420
2169 59980
2170 8580
2182 6780
2187 2140
2197 85500
2199 23960
2200 4260
2209 22360
2210 5100
2222 3220
2227 6780
2237 28540
2239 6620
2240 2900
2249 9400
2250 16740
2262 3660
2267 3220
2277 6020
2279 6200
2280 2140
2289 8420
2290 5460
2300 43240
2302 85500
2307 3660
2317 8580
2319 3880
2320 6780
2329 23760
2330 5360
2340 16900
2342 28540
2347 85500
2357 5100
2359 29140
2360 3220
2369 14100
2370 3560
2380 4040
2382 6020
2387 28540
2397 16740
2399 6260
2400 3660
2409 9660
2410 19800
2420 4860
2422 8580
2427 6020
2437 5460
2439 8280
2440 85500
2449 7780
2450 4620
2460 3960
2462 5100
2467 8580
2477 5360
2479 5580
2480 28540
2489 26700
2490 6020
2500 9480
2502 16740
2507 5100
2517 3560
2519 24420
2520 6020
2529 18660
2530 4440
2540 3640
2542 5460
2547 16740
2557 19800
2559 5740
2560 8580
2569 9860
2570 24200
2580 3340
2582 5360
2587 5460
2597 4620
2599 7460
2600 5100
2609 10940
2610 4460
2620 2500
2622 3560
2627 5360
2637 6020
2639 48280
2640 16740
2649 27620
2650 7180
2660 14200
2662 19800
2667 3560
2677 4440
2679 26080
2680 5460
2689 32460
2690 6540
2700 2680
2702 4620
2707 19800
2717 24200
2719 9180
2720 5360
2729 11540
2730 23960
2740 4400
2742 6020
2747 4620
2757 4460
2759 11240
2760 3560
2769 10280
2770 6620
2772 43240
2780 3660
2782 4440
2787 6020
2797 7180
2799 118300
2800 19800
2809 32600
2810 6200
2812 16900
2820 25840
2822 24200
2827 4440
2837 6540
2839 35580
2840 4620
2849 27480
2850 3880
2852 4040
2860 5340
2862 4460
2867 24200
2877 23960
2879 9640
2880 6020
2889 13100
2890 29140
2892 4860
2900 6400
2902 7180
2907 4460
2917 6620
2919 12420
2920 4440
2929 9920
2930 6260
2932 3960
2940 3460
2942 6540
2947 7180
2957 6200
2959 8360
2960 24200
2969 27100
2970 8280
2972 9480
2980 21220
2982 23960
2987 6540
2997 1746
