0 0
293 43240
333 16900
373 4040
413 4860
453 3960
493 9480
533 3640
542 43240
573 3340
582 16900
606 43240
613 2500
622 4040
646 16900
653 14200
662 4860
686 4040
693 2680
702 3960
726 4860
733 4400
742 9480
766 47200
773 3660
782 3640
806 26380
813 25840
822 3340
846 7680
853 5340
862 2500
886 8200
893 6400
902 14200
925 43240
926 6460
933 3460
942 2680
965 16900
966 23680
973 21220
982 4400
1005 4040
1006 6320
1013 4820
1022 3660
1045 4860
1046 7740
1053 4340
1062 25840
1085 3960
1086 6160
1093 2680
1098 43240
1102 5340
1125 9480
1126 40040
1133 23880
1138 16900
1142 6400
1165 3640
1166 8020
1168 43240
1173 3760
1178 4040
1182 3460
1205 3340
1206 10800
1208 16900
1213 4520
1218 4860
1222 21220
1245 2500
1246 7120
1248 4040
1253 4560
1258 3960
1262 4820
1285 14200
1286 47060
1288 4860
1293 22420
1298 9480
1302 4340
1325 2680
1326 10160
1328 3960
1333 4260
1338 3640
1342 2680
1365 4400
1366 10740
1368 9480
1373 2900
1378 3340
1382 23880
1405 3660
1406 6140
1408 3640
1413 2140
1418 2500
1422 3760
1445 25840
1446 45100
1448 3340
1453 6780
1458 14200
1462 4520
1485 5340
1486 8580
1488 2500
1493 3220
1498 2680
1502 4560
1525 6400
1526 8860
1528 14200
1533 3660
1538 4400
1542 22420
1559 43240
1565 3460
1566 7240
1568 2680
1573 85500
1578 3660
1582 4260
1599 16900
1605 21220
1606 46300
1608 4400
1613 28540
1618 25840
1622 2900
1639 4040
1645 4820
1646 8020
1648 3660
1653 6020
1658 5340
1662 2140
1679 4860
1685 4340
1686 7420
1688 25840
1693 8580
1698 6400
1702 6780
1719 3960
1725 2680
1726 6700
1728 5340
1733 5100
1738 3460
1742 3220
1759 9480
1763 43240
1765 23880
1766 29200
1768 6400
1773 16740
1778 21220
1782 3660
1799 3640
1803 16900
1805 3760
1806 7480
1808 3460
1813 5460
1818 4820
1822 85500
1839 3340
1843 4040
1845 4520
1846 6560
1848 21220
1853 5360
1858 4340
1862 28540
1879 2500
1883 4860
1885 4560
1886 87640
1888 4820
1893 3560
1898 2680
1902 6020
1919 14200
1923 3960
1925 22420
1926 35320
1928 4340
1933 19800
1938 23880
1942 8580
1959 2680
1963 9480
1965 4260
1966 9240
1968 2680
1973 4620
1978 3760
1982 5100
1999 4400
2003 3640
2005 2900
2006 12240
2008 23880
2013 6020
2018 4520
2022 16740
2039 3660
2043 3340
2045 2140
2046 90600
2048 3760
2053 4440
2058 4560
2062 5460
2079 25840
2083 2500
2085 6780
2086 45280
2088 4520
2093 24200
2098 22420
2102 5360
2119 5340
2123 14200
2125 3220
2126 11480
2128 4560
2133 4460
2138 4260
2142 3560
2157 43240
2159 6400
2163 2680
2165 3660
2166 13940
2168 22420
2173 7180
2178 2900
2182 19800
2197 16900
2199 3460
2203 4400
2205 85500
2206 8660
2208 4260
2213 6540
2218 2140
2222 4620
2237 4040
2239 21220
2243 3660
2245 28540
2246 36540
2248 2900
2253 23960
2258 6780
2262 6020
2277 4860
2279 4820
2283 25840
2285 6020
2286 10080
2288 45380
2293 6620
2298 3220
2302 4440
2317 3960
2319 4340
2323 5340
2325 8580
2326 11380
2328 23680
2333 49440
2338 3660
2342 24200
2357 9480
2359 2680
2363 6400
2365 5100
2366 8000
2368 7260
2373 20780
2378 85500
2382 4460
2397 3640
2399 23880
2403 3460
2405 16740
2406 44000
2408 8520
2413 33180
2418 28540
2422 7180
2437 3340
2439 3760
2443 21220
2445 5460
2446 9080
2448 89460
2453 11120
2458 6020
2462 6540
2477 2500
2479 4520
2483 4820
2485 5360
2486 13200
2488 38020
2493 12240
2498 8580
2502 23960
2517 14200
2519 4560
2523 4340
2525 3560
2526 10980
2528 9660
2533 15060
2538 5100
2542 6620
2557 2680
2559 22420
2563 2680
2565 19800
2566 48160
2568 11920
2573 28060
2578 16740
2582 6200
2597 4400
2599 4260
2603 23880
2605 4620
2606 11080
2608 7600
2613 9080
2618 5460
2622 3880
2637 3660
2639 2900
2643 3760
2645 6020
2646 13380
2648 30940
2653 9960
2658 5360
2662 29140
2677 25840
2679 2140
2683 4520
2685 4440
2686 10420
2688 8140
2693 19240
2698 3560
2702 6260
2717 5340
2719 6780
2723 4560
2725 24200
2726 53100
2728 9760
2733 11860
2738 19800
2742 8280
2757 6400
2759 3220
2763 22420
2765 4460
2766 12880
2768 7220
2773 9540
2778 4620
2782 5580
2797 3460
2799 3660
2803 4260
2805 7180
2806 14480
2808 45640
2813 10040
2818 6020
2822 24420
2837 21220
2839 85500
2843 2900
2845 6540
2846 9460
2848 9960
2853 140180
2858 4440
2862 5740
2877 4820
2879 28540
2883 2140
2885 23960
2886 53560
2888 12420
2893 31440
2898 24200
2902 7460
2917 4340
2919 6020
2923 6780
2925 6620
2926 12000
2928 7900
2933 12400
2938 4460
2942 5040
2957 2680
2959 8580
2963 3220
2965 6200
2966 15740
2968 45420
2973 12540
2978 1795
