0 0
199 43240
239 16900
279 4040
319 4860
353 43240
355 43240
359 3960
393 16900
395 16900
399 9480
433 4040
435 4040
439 3640
473 4860
475 4860
479 3340
513 3960
515 3960
519 2500
553 9480
555 9480
559 14200
593 3640
595 3640
599 2680
623 43240
633 3340
635 3340
639 4400
663 16900
673 2500
675 2500
679 3660
703 4040
713 14200
715 14200
719 25840
743 4860
753 2680
755 2680
759 5340
783 3960
793 4400
795 4400
799 6400
823 9480
833 3660
835 3660
839 3460
849 43240
863 3640
873 25840
875 25840
879 21220
889 16900
903 3340
913 5340
915 5340
919 4820
929 4040
943 2500
953 6400
955 6400
959 4340
969 4860
983 14200
993 3460
995 3460
999 2680
1009 3960
1023 2680
1028 43240
1033 21220
1035 21220
1039 23880
1049 9480
1063 4400
1068 16900
1073 4820
1075 4820
1079 3760
1089 3640
1103 3660
1108 4040
1113 4340
1115 4340
1119 4520
1129 3340
1143 25840
1148 4860
1153 2680
1155 2680
1159 4560
1169 2500
1183 5340
1188 3960
1193 23880
1195 23880
1199 22420
1209 14200
1220 43240
1223 6400
1228 9480
1233 3760
1235 3760
1239 4260
1249 2680
1260 16900
1263 3460
1268 3640
1273 4520
1275 4520
1279 2900
1289 4400
1300 4040
1303 21220
1308 3340
1313 4560
1315 4560
1319 2140
1329 3660
1340 4860
1343 4820
1348 2500
1353 22420
1355 22420
1359 6780
1369 25840
1380 3960
1383 4340
1388 14200
1393 4260
1395 4260
1399 3220
1409 5340
1420 9480
1423 2680
1428 2680
1433 2900
1435 2900
1439 3660
1449 6400
1460 3640
1463 23880
1468 4400
1473 2140
1475 2140
1479 85500
1489 3460
1500 3340
1503 3760
1508 3660
1513 6780
1515 6780
1519 28540
1529 21220
1540 2500
1543 4520
1548 25840
1553 3220
1555 3220
1559 6020
1569 4820
1580 14200
1583 4560
1588 5340
1593 3660
1595 3660
1599 8580
1609 4340
1620 2680
1623 22420
1628 6400
1633 85500
1635 85500
1639 5100
1649 2680
1660 4400
1663 4260
1668 3460
1673 28540
1675 28540
1679 16740
1689 23880
1700 3660
1703 2900
1708 21220
1713 6020
1715 6020
1719 5460
1729 3760
1740 25840
1743 2140
1748 4820
1753 8580
1755 8580
1759 5360
1769 4520
1780 5340
1783 6780
1788 4340
1793 5100
1795 5100
1799 3560
1809 4560
1820 6400
1823 3220
1828 2680
1833 16740
1835 16740
1839 19800
1849 22420
1860 3460
1863 3660
1868 23880
1873 5460
1875 5460
1879 4620
1889 4260
1900 21220
1903 85500
1908 3760
1913 5360
1915 5360
1919 6020
1929 2900
1940 4820
1943 28540
1948 4520
1953 3560
1955 3560
1959 4440
1969 2140
1980 4340
1983 6020
1988 4560
1993 19800
1995 19800
1999 24200
2009 6780
2020 2680
2023 8580
2028 22420
2033 4620
2035 4620
2039 4460
2049 3220
2060 23880
2063 5100
2068 4260
2073 6020
2075 6020
2076 43240
2079 7180
2089 3660
2100 3760
2103 16740
2108 2900
2113 4440
2115 4440
2116 16900
2119 6540
2129 85500
2140 4520
2143 5460
2148 2140
2153 24200
2155 24200
2156 4040
2159 23960
2169 28540
2180 4560
2183 5360
2188 6780
2193 4460
2195 4460
2196 4860
2199 6620
2209 6020
2220 22420
2223 3560
2228 3220
2233 7180
2235 7180
2236 3960
2239 6200
2249 8580
2260 4260
2263 19800
2268 3660
2273 6540
2275 6540
2276 9480
2279 3880
2289 5100
2300 2900
2303 4620
2308 85500
2313 23960
2315 23960
2316 3640
2319 29140
2323 43240
2329 16740
2340 2140
2343 6020
2348 28540
2353 6620
2355 6620
2356 3340
2359 6260
2363 16900
2369 5460
2380 6780
2383 4440
2388 6020
2393 6200
2395 6200
2396 2500
2399 8280
2403 4040
2409 5360
2420 3220
2423 24200
2428 8580
2433 3880
2435 3880
2436 14200
2439 5580
2443 4860
2449 3560
2460 3660
2463 4460
2468 5100
2473 29140
2475 29140
2476 2680
2479 24420
2483 3960
2489 19800
2500 85500
2503 7180
2508 16740
2513 6260
2515 6260
2516 4400
2519 5740
2523 9480
2529 4620
2540 28540
2543 6540
2548 5460
2553 8280
2555 8280
2556 3660
2559 7460
2563 3640
2569 6020
2580 6020
2583 23960
2588 5360
2593 5580
2595 5580
2596 25840
2599 5040
2603 3340
2609 4440
2620 8580
2623 6620
2628 3560
2633 24420
2635 24420
2636 5340
2639 9180
2643 2500
2649 24200
2660 5100
2663 6200
2668 19800
2673 5740
2675 5740
2676 6400
2679 5140
2683 14200
2689 4460
2700 16740
2703 3880
2708 4620
2713 7460
2715 7460
2716 3460
2719 6380
2723 2680
2729 7180
2740 5460
2743 29140
2748 6020
2753 5040
2755 5040
2756 21220
2759 114340
2763 4400
2769 6540
2780 5360
2783 6260
2788 4440
2793 9180
2795 9180
2796 4820
2799 26100
2803 3660
2809 23960
2820 3560
2823 8280
2828 24200
2833 5140
2835 5140
2836 4340
2839 6000
2843 25840
2849 6620
2860 19800
2863 5580
2867 43240
2868 4460
2873 6380
2875 6380
2876 2680
2879 9080
2883 5340
2889 6200
2900 4620
2903 24420
2907 16900
2908 7180
2913 114340
2915 114340
2916 23880
2919 5860
2923 6400
2929 3880
2940 6020
2943 5740
2947 4040
2948 6540
2953 26100
2955 26100
2956 3760
2959 23580
2963 3460
2969 29140
2978 43240
2980 4440
2983 7460
2987 4860
2988 23960
2993 2100
