0 0
689 43240
729 16900
769 4040
809 4860
849 3960
889 9480
929 3640
969 3340
1009 2500
1049 14200
1089 2680
1129 4400
1169 3660
1209 25840
1249 5340
1289 6400
1329 3460
1369 21220
1409 4820
1449 4340
1489 2680
1529 23880
1569 3760
1609 4520
1614 43240
1649 4560
1654 16900
1689 22420
1694 4040
1713 43240
1729 4260
1734 4860
1753 16900
1769 2900
1774 3960
1793 4040
1809 2140
1814 9480
1833 4860
1849 6780
1854 3640
1873 3960
1889 3220
1894 3340
1913 9480
1929 3660
1934 2500
1953 3640
1969 85500
1974 14200
1988 43240
1993 3340
2009 28540
2014 2680
2028 16900
2033 2500
2049 6020
2054 4400
2068 4040
2073 14200
2089 8580
2094 3660
2108 4860
2113 2680
2129 5100
2134 25840
2148 3960
2153 4400
2169 16740
2174 5340
2188 9480
2193 3660
2209 5460
2213 43240
2214 6400
2228 3640
2233 25840
2249 5360
2253 16900
2254 3460
2268 3340
2273 5340
2289 3560
2293 4040
2294 21220
2308 2500
2313 6400
2329 19800
2333 4860
2334 4820
2348 14200
2353 3460
2369 4620
2372 43240
2373 3960
2374 4340
2388 2680
2393 21220
2409 6020
2412 16900
2413 9480
2414 2680
2428 4400
2433 4820
2449 4440
2452 4040
2453 3640
2454 23880
2468 3660
2473 4340
2489 24200
2492 4860
2493 3340
2494 3760
2508 25840
2513 2680
2529 4460
2532 3960
2533 2500
2534 4520
2548 5340
2553 23880
2569 7180
2572 9480
2573 14200
2574 4560
2588 6400
2593 3760
2609 6540
2612 3640
2613 2680
2614 22420
2628 3460
2633 4520
2645 43240
2649 23960
2652 3340
2653 4400
2654 4260
2668 21220
2673 4560
2685 16900
2689 6620
2692 2500
2693 3660
2694 2900
2708 4820
2713 22420
2725 4040
2729 6200
2732 14200
2733 25840
2734 2140
2748 4340
2753 4260
2765 4860
2769 3880
2772 2680
2773 5340
2774 6780
2788 2680
2793 2900
2805 3960
2809 29140
2812 4400
2813 6400
2814 3220
2828 23880
2833 2140
2845 9480
2849 6260
2852 3660
2853 3460
2854 3660
2868 3760
2873 6780
2885 3640
2889 8280
2892 25840
2893 21220
2894 85500
2908 4520
2913 3220
2925 3340
2929 5580
2932 5340
2933 4820
2934 28540
2938 43240
2948 4560
2953 3660
2965 2500
2969 24420
2972 6400
2973 4340
2974 6020
2978 16900
2988 22420
