0 0
216 43240
239 43240
256 16900
279 16900
296 4040
319 4040
336 4860
359 4860
376 3960
399 3960
416 9480
439 9480
456 3640
479 3640
496 3340
519 3340
536 2500
559 2500
576 14200
599 14200
616 2680
639 2680
656 4400
679 4400
696 3660
719 3660
736 25840
759 25840
776 5340
799 5340
816 6400
839 6400
856 3460
879 3460
896 21220
919 21220
936 4820
959 4820
976 4340
999 4340
1016 2680
1039 2680
1056 23880
1079 23880
1096 3760
1119 3760
1136 4520
1159 4520
1176 4560
1199 4560
1216 22420
1239 22420
1256 4260
1267 43240
1279 4260
1296 2900
1307 16900
1319 2900
1336 2140
1347 4040
1359 2140
1376 6780
1387 4860
1399 6780
1416 3220
1427 3960
1439 3220
1456 3660
1467 9480
1479 3660
1496 85500
1507 3640
1519 85500
1536 28540
1547 3340
1556 43240
1559 28540
1576 6020
1587 2500
1596 16900
1599 6020
1616 8580
1627 14200
1636 4040
1639 8580
1656 5100
1667 2680
1676 4860
1679 5100
1696 16740
1707 4400
1716 3960
1719 16740
1736 5460
1747 3660
1756 9480
1759 5460
1776 5360
1787 25840
1796 3640
1799 5360
1816 3560
1827 5340
1836 3340
1839 3560
1856 19800
1867 6400
1876 2500
1879 19800
1896 4620
1907 3460
1914 43240
1916 14200
1919 4620
1936 6020
1947 64460
1954 16900
1956 2680
1959 6020
1976 4440
1987 21720
1994 4040
1996 4400
1999 4440
2016 24200
2027 8380
2034 4860
2036 3660
2039 24200
2056 4460
2067 7540
2074 3960
2076 25840
2079 4460
2092 43240
2096 7180
2107 27840
2114 9480
2116 5340
2119 7180
2132 16900
2136 6540
2147 13240
2154 3640
2156 6400
2159 6540
2172 4040
2176 23960
2187 8160
2194 3340
2196 3460
2199 23960
2212 4860
2216 6620
2227 7900
2234 2500
2236 21220
2239 6620
2252 3960
2256 6200
2267 24920
2274 14200
2276 4820
2279 6200
2292 9480
2296 3880
2298 43240
2307 18460
2314 2680
2316 4340
2319 3880
2332 3640
2336 29140
2338 16900
2347 5580
2350 43240
2354 4400
2356 2680
2359 29140
2372 3340
2376 6260
2378 4040
2387 6540
2390 16900
2394 3660
2396 23880
2399 6260
2412 2500
2416 8280
2418 4860
2427 10440
2430 4040
2434 25840
2436 3760
2439 8280
2452 14200
2456 5580
2458 3960
2467 29060
2470 4860
2474 5340
2476 4520
2479 5580
2492 2680
2496 24420
2498 9480
2507 9000
2510 3960
2514 6400
2516 4560
2519 24420
2532 4400
2536 5740
2538 3640
2547 91900
2550 9480
2554 3460
2556 22420
2559 5740
2572 3660
2576 7460
2578 3340
2587 32000
2590 3640
2594 21220
2596 4260
2599 7460
2612 25840
2616 5040
2618 2500
2627 27240
2630 3340
2634 4820
2636 2900
2639 5040
2652 5340
2656 9180
2658 14200
2667 13400
2670 2500
2674 4340
2676 2140
2679 9180
2692 6400
2696 5140
2698 2680
2707 9440
2710 14200
2714 2680
2716 6780
2719 5140
2732 3460
2736 6380
2738 4400
2747 19420
2750 2680
2754 23880
2756 3220
2759 6380
2772 21220
2776 114340
2778 3660
2787 29340
2790 4400
2794 3760
2796 3660
2799 114340
2812 4820
2816 26100
2818 69080
2827 9120
2830 3660
2834 4520
2836 85500
2839 26100
2852 4340
2856 6000
2858 22240
2867 8080
2870 25840
2874 4560
2876 28540
2879 6000
2892 2680
2896 9080
2898 10440
2907 24360
2910 5340
2914 22420
2916 6020
2919 9080
2932 23880
2936 5860
2938 8320
2947 27040
2950 6400
2954 4260
2956 8580
2959 5860
2972 3760
2976 23580
2978 25180
2987 10280
2990 3460
