0 0
108 43240
148 16900
188 4040
228 4860
268 3960
308 9480
348 3640
388 3340
428 2500
468 14200
508 2680
548 4400
588 3660
628 25840
656 43240
668 5340
696 16900
708 6400
736 4040
747 43240
748 3460
776 4860
787 16900
788 21220
816 3960
827 4040
828 4820
856 9480
867 4860
868 4340
896 3640
907 3960
908 2680
936 3340
947 9480
948 23880
976 2500
987 3640
988 3760
1013 43240
1016 14200
1027 3340
1028 4520
1053 16900
1056 2680
1067 2500
1068 4560
1093 4040
1096 4400
1107 14200
1108 22420
1133 4860
1136 3660
1147 2680
1148 4260
1173 3960
1176 25840
1187 4400
1188 2900
1213 9480
1216 5340
1227 3660
1228 2140
1253 3640
1256 6400
1267 25840
1268 6780
1293 3340
1296 3460
1307 5340
1308 3220
1333 2500
1336 21220
1347 6400
1348 3660
1373 14200
1376 4820
1387 3460
1388 85500
1413 2680
1416 4340
1427 21220
1428 28540
1453 4400
1456 2680
1467 4820
1468 6020
1493 3660
1496 23880
1507 4340
1508 8580
1533 25840
1536 3760
1547 2680
1548 5100
1573 5340
1576 4520
1587 23880
1588 16740
1613 6400
1616 4560
1627 3760
1628 5460
1653 3460
1656 22420
1667 4520
1668 5360
1688 43240
1693 21220
1696 4260
1707 4560
1708 3560
1728 16900
1730 43240
1733 4820
1736 2900
1747 22420
1748 19800
1768 4040
1770 16900
1773 4340
1776 2140
1787 4260
1788 4620
1808 4860
1810 4040
1813 2680
1816 6780
1827 2900
1828 6020
1848 3960
1850 4860
1853 23880
1856 3220
1867 2140
1868 4440
1888 9480
1890 3960
1893 3760
1896 3660
1907 6780
1908 24200
1928 3640
1930 9480
1933 4520
1936 85500
1947 3220
1948 4460
1968 3340
1970 3640
1973 4560
1976 28540
1983 43240
1987 3660
1988 7180
2008 2500
2010 3340
2013 22420
2016 6020
2023 16900
2027 85500
2028 6540
2037 43240
2048 14200
2050 2500
2053 4260
2056 8580
2063 4040
2067 28540
2068 23960
2077 16900
2088 2680
2090 14200
2093 2900
2096 5100
2103 4860
2107 6020
2108 6620
2117 4040
2128 4400
2130 2680
2133 2140
2136 16740
2143 3960
2147 8580
2148 6200
2157 4860
2168 3660
2170 4400
2173 6780
2176 5460
2183 9480
2187 5100
2188 3880
2197 3960
2208 25840
2210 3660
2213 3220
2216 5360
2223 3640
2227 16740
2228 29140
2237 9480
2248 5340
2250 25840
2253 3660
2256 3560
2263 3340
2267 5460
2268 6260
2277 3640
2288 6400
2290 5340
2293 85500
2296 19800
2303 2500
2307 5360
2308 8280
2317 3340
2328 3460
2330 6400
2333 28540
2336 4620
2343 14200
2347 3560
2348 5580
2357 2500
2368 21220
2370 3460
2373 6020
2376 6020
2383 2680
2387 19800
2388 24420
2397 14200
2408 4820
2410 21220
2413 8580
2416 4440
2423 4400
2427 4620
2428 5740
2437 2680
2448 4340
2450 4820
2453 5100
2456 24200
2463 3660
2467 6020
2468 7460
2477 4400
2488 2680
2490 4340
2493 16740
2496 4460
2503 25840
2507 4440
2508 5040
2517 3660
2528 23880
2530 2680
2533 5460
2536 7180
2543 5340
2547 24200
2548 9180
2557 25840
2568 3760
2570 23880
2573 5360
2576 6540
2583 6400
2587 4460
2588 5140
2597 5340
2608 4520
2610 3760
2613 3560
2616 23960
2623 3460
2627 7180
2628 6380
2637 49640
2639 43240
2648 4560
2650 4520
2653 19800
2656 6620
2663 21220
2667 6540
2668 114340
2677 20360
2679 16900
2688 22420
2690 4560
2693 4620
2696 6200
2703 4820
2707 23960
2708 26100
2717 25260
2719 4040
2721 43240
2728 4260
2730 22420
2733 6020
2736 3880
2743 4340
2747 6620
2748 6000
2757 9680
2759 4860
2761 16900
2768 2900
2770 4260
2773 4440
2776 29140
2783 2680
2787 6200
2788 9080
2797 8300
2799 3960
2801 4040
2808 2140
2810 2900
2813 24200
2816 6260
2823 23880
2827 3880
2828 5860
2837 12160
2839 9480
2841 4860
2848 6780
2850 2140
2853 4460
2856 8280
2863 3760
2867 29140
2868 23580
2877 27520
2879 3640
2881 3960
2888 3220
2890 6780
2893 7180
2896 5580
2903 4520
2907 6260
2908 6480
2917 7100
2919 3340
2921 9480
2928 3660
2930 3220
2933 6540
2936 24420
2943 4560
2947 8280
2948 9400
2957 7020
2959 2500
2961 3640
2968 85500
2970 3660
2973 23960
2976 5740
2983 22420
