0 0
104 43240
144 16900
184 4040
224 4860
264 3960
273 43240
304 9480
313 16900
344 46880
353 4040
384 20240
393 4860
424 6540
433 3960
464 19060
473 9480
504 6640
513 3640
544 13880
553 3340
584 7300
593 2500
624 29180
633 14200
664 7840
673 2680
685 43240
704 20600
713 4400
725 16900
744 6140
753 3660
765 4040
784 25620
793 25840
805 4860
824 8480
833 5340
845 3960
864 30180
873 6400
885 9480
904 8020
913 3460
925 3640
944 30280
953 21220
965 3340
980 43240
984 7220
993 4820
1005 2500
1020 16900
1024 25740
1033 4340
1045 14200
1060 4040
1064 9380
1073 2680
1085 2680
1100 4860
1104 26760
1113 23880
1125 4400
1140 3960
1144 6940
1147 43240
1153 3760
1161 43240
1165 3660
1180 9480
1184 26780
1187 16900
1193 4520
1201 16900
1205 25840
1220 3640
1224 5900
1227 4040
1233 4560
1241 4040
1245 5340
1260 3340
1264 11300
1267 4860
1273 22420
1281 4860
1285 6400
1300 2500
1304 7780
1307 3960
1313 4260
1321 3960
1325 3460
1340 14200
1344 26080
1347 9480
1353 2900
1361 9480
1365 21220
1380 2680
1384 89760
1387 3640
1393 2140
1401 3640
1405 4820
1420 4400
1424 31440
1427 3340
1433 6780
1441 3340
1445 4340
1459 43240
1460 3660
1464 8160
1467 2500
1473 3220
1481 2500
1485 2680
1499 16900
1500 25840
1504 15360
1507 14200
1513 3660
1521 14200
1525 23880
1539 4040
1540 5340
1544 8320
1547 2680
1553 85500
1561 2680
1565 3760
1579 4860
1580 6400
1584 20400
1587 4400
1593 28540
1601 4400
1605 4520
1619 3960
1620 3460
1624 90960
1627 3660
1633 6020
1641 3660
1645 4560
1659 9480
1660 21220
1664 33900
1667 25840
1673 8580
1681 25840
1685 22420
1699 3640
1700 4820
1704 9580
1707 5340
1713 5100
1721 5340
1725 4260
1739 3340
1740 4340
1744 28380
1747 6400
1753 16740
1761 6400
1765 2900
1779 2500
1780 2680
1784 9720
1787 3460
1793 5460
1801 3460
1805 2140
1819 14200
1820 23880
1824 22760
1827 21220
1833 5360
1841 21220
1845 6780
1859 2680
1860 3760
1864 9900
1867 4820
1873 3560
1881 4820
1885 3220
1899 4400
1900 4520
1904 29560
1907 4340
1913 19800
1921 4340
1925 3660
1939 3660
1940 4560
1944 8020
1947 2680
1953 4620
1961 2680
1965 85500
1979 25840
1980 22420
1984 26980
1987 23880
1993 6020
2001 23880
2005 28540
2019 5340
2020 4260
2024 11160
2027 3760
2033 4440
2041 3760
2045 6020
2059 6400
2060 2900
2064 29980
2067 4520
2073 24200
2081 4520
2085 8580
2099 3460
2100 2140
2104 11060
2107 4560
2113 4460
2121 4560
2125 5100
2139 21220
2140 6780
2144 30400
2147 22420
2153 7180
2161 22420
2165 16740
2179 4820
2180 3220
2184 8340
2187 4260
2193 6540
2201 4260
2205 5460
2219 4340
2220 3660
2224 36320
2227 2900
2233 23960
2241 2900
2245 5360
2259 2680
2260 85500
2264 12800
2267 2140
2273 6620
2281 2140
2285 3560
2299 23880
2300 28540
2304 32240
2307 6780
2313 6200
2321 6780
2325 19800
2339 3760
2340 6020
2344 12200
2347 3220
2353 3880
2361 3220
2365 4620
2379 4520
2380 8580
2384 30620
2387 3660
2393 29140
2401 3660
2405 6020
2419 4560
2420 5100
2424 9620
2427 85500
2433 6260
2441 85500
2445 4440
2459 22420
2460 16740
2464 36600
2467 28540
2473 8280
2481 28540
2485 24200
2499 4260
2500 5460
2504 11300
2507 6020
2513 5580
2521 6020
2525 4460
2539 2900
2540 5360
2544 17460
2547 8580
2553 24420
2561 8580
2565 7180
2579 2140
2580 3560
2584 10720
2587 5100
2593 5740
2601 5100
2605 6540
2619 6780
2620 19800
2624 30800
2627 16740
2633 7460
2641 16740
2645 23960
2658 43240
2659 3220
2660 4620
2664 120080
2667 5460
2673 5040
2681 5460
2685 6620
2698 16900
2699 3660
2700 6020
2701 43240
2704 33560
2707 5360
2713 9180
2721 5360
2725 6200
2738 4040
2739 85500
2740 4440
2741 16900
2744 11040
2747 3560
2753 5140
2761 3560
2765 3880
2778 4860
2779 28540
2780 24200
2781 4040
2784 18260
2787 19800
2793 6380
2801 19800
2805 29140
2818 3960
2819 6020
2820 4460
2821 4860
2824 11000
2827 4620
2833 114340
2841 4620
2845 6260
2858 9480
2859 8580
2860 7180
2861 3960
2864 29960
2867 6020
2873 26100
2881 6020
2885 8280
2898 3640
2899 5100
2900 6540
2901 9480
2904 120820
2907 4440
2913 6000
2921 4440
2925 5580
2938 3340
2939 16740
2940 23960
2941 3640
2944 35500
2947 24200
2953 9080
2961 24200
2965 24420
2978 2500
2979 5460
2980 6620
