0 0
143 43240
183 16900
223 4040
263 4860
303 3960
343 9480
383 3640
423 3340
424 43240
426 43240
463 2500
464 16900
466 16900
503 14200
504 4040
506 4040
543 2680
544 4860
546 4860
557 43240
583 4400
584 3960
586 3960
597 16900
623 3660
624 9480
626 9480
637 4040
663 25840
664 3640
666 3640
677 4860
703 5340
704 3340
706 3340
717 3960
743 6400
744 2500
746 2500
757 9480
783 3460
784 57440
786 14200
797 3640
823 21220
824 19580
826 2680
837 3340
850 43240
863 4820
864 8440
866 4400
877 2500
890 16900
903 4340
904 8520
906 46900
917 14200
930 4040
943 2680
944 29800
946 42740
957 2680
970 4860
983 23880
984 14820
986 9380
997 4400
1010 3960
1018 43240
1023 3760
1024 10040
1026 11260
1037 3660
1050 9480
1058 16900
1063 4520
1064 6800
1066 7420
1077 25840
1090 3640
1098 4040
1103 4560
1104 23720
1106 30700
1114 43240
1117 5340
1130 3340
1138 4860
1143 22420
1144 19020
1146 8460
1154 16900
1157 6400
1170 2500
1178 3960
1183 4260
1184 7020
1186 7680
1194 4040
1197 3460
1210 14200
1218 9480
1223 2900
1224 7080
1226 5180
1234 4860
1237 21220
1250 2680
1258 3640
1263 2140
1264 27540
1266 38080
1274 3960
1277 4820
1290 4400
1298 3340
1303 6780
1304 29600
1306 6440
1314 9480
1317 4340
1330 3660
1338 2500
1343 3220
1344 9860
1346 8920
1354 3640
1357 2680
1370 25840
1378 14200
1382 43240
1383 3660
1384 10960
1386 8220
1394 3340
1397 23880
1410 5340
1418 2680
1422 16900
1423 85500
1424 25880
1426 48260
1434 2500
1437 3760
1450 6400
1458 4400
1462 4040
1463 28540
1464 25480
1466 9600
1474 14200
1477 4520
1490 3460
1498 3660
1502 4860
1503 6020
1504 7720
1506 9300
1514 2680
1517 4560
1530 21220
1538 25840
1542 3960
1543 8580
1544 6480
1546 5600
1554 4400
1557 22420
1570 4820
1578 5340
1582 9480
1583 5100
1584 9460
1586 28000
1594 3660
1597 4260
1610 4340
1618 6400
1622 3640
1623 16740
1624 27100
1626 8040
1634 25840
1637 2900
1650 2680
1658 3460
1662 3340
1663 5460
1664 7420
1666 8000
1674 5340
1677 2140
1690 23880
1698 21220
1702 2500
1703 5360
1704 90020
1706 88180
1714 6400
1717 6780
1730 3760
1738 4820
1742 14200
1743 3560
1744 33100
1746 52420
1754 3460
1757 3220
1770 4520
1778 4340
1782 2680
1783 19800
1784 28440
1786 9780
1794 21220
1797 3660
1810 4560
1818 2680
1822 4400
1823 4620
1824 12840
1826 13100
1834 4820
1837 85500
1850 22420
1858 23880
1862 3660
1863 6020
1864 8000
1866 9660
1874 4340
1877 28540
1890 4260
1898 3760
1902 25840
1903 4440
1904 18880
1906 39160
1914 2680
1917 6020
1930 2900
1938 4520
1942 5340
1943 24200
1944 12240
1946 9720
1954 23880
1957 8580
1970 2140
1978 4560
1982 6400
1983 4460
1984 8580
1986 8260
1994 3760
1997 5100
2010 6780
2018 22420
2022 3460
2023 7180
2024 7220
2026 5700
2034 4520
2037 16740
2050 3220
2058 4260
2062 21220
2063 6540
2064 105300
2066 26580
2074 4560
2077 5460
2090 3660
2098 2900
2102 4820
2103 23960
2104 33160
2106 7840
2114 22420
2117 5360
2130 85500
2138 2140
2142 4340
2143 6620
2144 12040
2146 9680
2154 4260
2157 3560
2170 28540
2178 6780
2182 2680
2183 6200
2184 13020
2186 89940
2194 2900
2197 19800
2210 6020
2218 3220
2222 23880
2223 3880
2224 29300
2226 52740
2234 2140
2237 4620
2238 43240
2246 43240
2250 8580
2258 3660
2262 3760
2263 29140
2264 21200
2266 10480
2274 6780
2277 6020
2278 16900
2286 16900
2290 5100
2298 128740
2302 4520
2303 6260
2304 12640
2306 15760
2314 3220
2317 4440
2318 4040
2326 4040
2330 16740
2338 45440
2342 4560
2343 8280
2344 11900
2346 11640
2354 3660
2357 24200
2358 4860
2366 4860
2370 5460
2378 10060
2382 22420
2383 5580
2384 27520
2386 40700
2394 85500
2397 4460
2398 3960
2406 3960
2410 5360
2412 43240
2418 13440
2422 4260
2423 24420
2424 26420
2426 12080
2434 28540
2437 7180
2438 9480
2446 9480
2450 3560
2452 16900
2458 9060
2462 2900
2463 5740
2464 10820
2466 11560
2474 6020
2477 6540
2478 3640
2486 3640
2490 19800
2492 4040
2498 26220
2502 2140
2503 7460
2504 9900
2506 7440
2514 8580
2517 23960
2518 3340
2526 3340
2530 4620
2532 4860
2538 9100
2542 6780
2543 5040
2544 33580
2546 48940
2554 5100
2557 6620
2558 2500
2566 2500
2570 6020
2572 3960
2578 8700
2582 3220
2583 9180
2584 30460
2586 10880
2594 16740
2597 6200
2598 14200
2606 14200
2610 4440
2612 9480
2618 6060
2622 3660
2623 5140
2624 12740
2626 14300
2634 5460
2637 3880
2638 2680
2646 2680
2650 24200
2652 3640
2658 34000
2662 85500
2663 6380
2664 12760
2666 10020
2674 5360
2677 29140
2678 4400
2684 43240
2686 4400
2690 4460
2692 3340
2698 7300
2702 28540
2703 114340
2704 30960
2706 48620
2714 3560
2717 6260
2718 3660
2724 16900
2726 3660
2730 7180
2732 2500
2738 10420
2742 6020
2743 26100
2744 29700
2746 10200
2754 19800
2757 8280
2758 25840
2764 4040
2766 25840
2770 6540
2772 14200
2778 8100
2782 8580
2783 6000
2784 14080
2786 14640
2794 4620
2797 5580
2798 5340
2804 4860
2806 5340
2810 23960
2812 2680
2818 50040
2822 5100
2823 9080
2824 11240
2826 11580
2834 6020
2837 24420
2838 6400
2844 3960
2846 6400
2850 6620
2852 4400
2858 9800
2862 16740
2863 5860
2864 13060
2866 33140
2874 4440
2877 5740
2878 3460
2884 9480
2886 3460
2890 6200
2892 3660
2898 13580
2902 5460
2903 23580
2904 34280
2906 11760
2914 24200
2917 7460
2918 21220
2924 3640
2926 21220
2930 3880
2932 25840
2938 10000
2942 5360
2943 6480
2944 12640
2946 12580
2954 4460
2957 5040
2958 4820
2964 3340
2966 4820
2970 29140
2972 5340
2978 45180
2982 3560
2983 9400
2984 122620
2986 118220
2994 3590
