0 0
374 43240
414 16900
436 43240
454 4040
476 16900
494 4860
516 4040
534 3960
556 4860
574 9480
596 3960
614 3640
636 9480
654 3340
676 3640
694 2500
716 3340
734 14200
756 2500
774 2680
790 43240
796 14200
808 43240
814 4400
830 16900
836 2680
848 16900
854 3660
870 4040
876 4400
888 4040
894 25840
910 4860
916 3660
928 4860
934 5340
950 3960
956 25840
968 3960
974 6400
990 9480
996 5340
1008 9480
1014 3460
1030 3640
1036 6400
1048 3640
1054 21220
1070 3340
1076 3460
1088 3340
1094 4820
1110 2500
1116 21220
1128 2500
1134 4340
1150 14200
1156 4820
1168 14200
1174 2680
1190 2680
1196 4340
1208 2680
1214 23880
1224 43240
1230 4400
1236 2680
1248 4400
1254 3760
1264 16900
1270 3660
1276 23880
1288 3660
1294 4520
1304 4040
1310 25840
1316 3760
1328 25840
1334 4560
1344 4860
1350 5340
1356 4520
1368 5340
1374 22420
1384 3960
1390 6400
1396 4560
1408 6400
1414 4260
1424 9480
1430 3460
1436 22420
1448 3460
1454 2900
1464 3640
1470 21220
1476 4260
1488 21220
1494 2140
1504 3340
1510 4820
1516 2900
1528 4820
1533 43240
1534 6780
1544 2500
1550 4340
1556 2140
1568 4340
1573 16900
1574 3220
1584 14200
1590 2680
1596 6780
1608 2680
1613 4040
1614 3660
1624 2680
1630 23880
1636 3220
1648 23880
1653 4860
1654 85500
1664 4400
1670 3760
1676 3660
1688 3760
1693 3960
1694 28540
1704 3660
1710 4520
1716 85500
1728 4520
1733 9480
1734 6020
1744 25840
1750 4560
1756 28540
1768 4560
1771 43240
1773 3640
1774 8580
1784 5340
1790 22420
1796 6020
1808 22420
1811 16900
1813 3340
1814 5100
1824 6400
1830 4260
1836 8580
1843 43240
1848 4260
1851 4040
1853 2500
1854 16740
1864 3460
1870 2900
1876 5100
1883 16900
1888 2900
1891 4860
1893 14200
1894 5460
1904 21220
1910 2140
1916 16740
1923 4040
1928 2140
1931 3960
1933 2680
1934 5360
1944 4820
1950 6780
1956 5460
1963 4860
1968 6780
1971 9480
1973 4400
1974 3560
1984 4340
1990 3220
1996 5360
2003 3960
2008 3220
2011 3640
2013 3660
2014 19800
2024 2680
2030 3660
2036 3560
2043 9480
2048 3660
2051 3340
2053 25840
2054 4620
2064 23880
2070 85500
2076 19800
2083 3640
2088 85500
2091 2500
2093 5340
2094 6020
2104 3760
2110 28540
2116 4620
2123 3340
2128 28540
2131 14200
2133 6400
2134 4440
2144 4520
2150 6020
2156 6020
2163 2500
2168 6020
2171 2680
2173 3460
2174 24200
2184 4560
2190 8580
2196 4440
2203 14200
2208 8580
2211 4400
2213 21220
2214 4460
2224 22420
2230 5100
2234 43240
2236 24200
2243 2680
2248 5100
2251 3660
2253 4820
2254 7180
2264 4260
2270 16740
2274 16900
2276 4460
2283 4400
2288 16740
2291 25840
2293 4340
2294 6540
2304 2900
2310 5460
2314 4040
2316 7180
2323 3660
2328 48700
2331 5340
2333 2680
2334 23960
2344 2140
2350 5360
2354 4860
2356 6540
2363 25840
2368 22260
2371 6400
2373 23880
2374 6620
2384 6780
2390 3560
2394 3960
2396 23960
2403 5340
2408 7600
2411 3460
2413 3760
2414 6200
2424 3220
2430 19800
2434 9480
2436 6620
2443 6400
2448 24660
2451 21220
2453 4520
2454 3880
2464 3660
2470 4620
2474 3640
2476 6200
2483 3460
2488 8580
2491 4820
2493 4560
2494 29140
2504 85500
2510 6020
2514 3340
2516 3880
2523 21220
2528 15500
2531 4340
2533 22420
2534 6260
2544 28540
2550 4440
2554 2500
2556 29140
2563 4820
2568 8080
2571 2680
2573 4260
2574 8280
2584 6020
2590 24200
2594 14200
2596 6260
2603 4340
2608 27540
2611 23880
2613 2900
2614 5580
2624 8580
2630 4460
2634 2680
2636 8280
2643 2680
2648 6960
2651 3760
2653 2140
2654 24420
2664 5100
2670 7180
2674 4400
2676 5580
2683 23880
2688 21380
2691 4520
2693 6780
2694 5740
2704 16740
2710 6540
2714 3660
2716 24420
2719 43240
2723 3760
2728 9220
2731 4560
2733 3220
2734 7460
2744 5460
2750 23960
2754 25840
2756 5740
2759 16900
2763 4520
2768 28360
2771 22420
2773 3660
2774 5040
2784 5360
2790 6620
2794 5340
2796 7460
2799 4040
2803 4560
2808 10280
2811 4260
2813 85500
2814 9180
2824 3560
2830 6200
2834 6400
2836 5040
2839 4860
2843 22420
2848 32040
2851 2900
2853 28540
2854 5140
2864 19800
2870 3880
2874 3460
2876 9180
2879 3960
2883 4260
2888 9220
2891 2140
2893 6020
2894 6380
2904 4620
2910 29140
2914 21220
2916 5140
2919 9480
2923 2900
2928 35540
2931 6780
2932 43240
2933 8580
2934 114340
2944 6020
2950 6260
2954 4820
2956 6380
2959 3640
2963 2140
2968 9720
2971 3220
2972 16900
2973 5100
2974 26100
2984 4440
2990 8280
2994 3906
