0 0
366 43240
406 16900
446 4040
486 4860
526 3960
566 9480
583 43240
606 3640
623 16900
646 3340
663 4040
677 43240
686 2500
703 4860
717 16900
726 14200
743 3960
757 4040
766 2680
783 9480
794 43240
797 4860
806 4400
823 3640
834 16900
837 3960
846 3660
857 43240
863 3340
874 4040
877 9480
886 25840
897 16900
903 2500
914 4860
917 3640
926 5340
937 4040
943 14200
954 3960
957 3340
966 6400
977 4860
983 2680
994 9480
997 2500
1006 3460
1017 3960
1023 4400
1034 3640
1037 14200
1046 21220
1057 9480
1063 3660
1074 3340
1077 2680
1086 4820
1097 3640
1103 25840
1114 2500
1117 4400
1126 4340
1137 3340
1143 5340
1154 14200
1157 3660
1166 2680
1177 2500
1183 6400
1191 43240
1194 2680
1197 25840
1206 23880
1210 43240
1217 14200
1223 3460
1231 16900
1234 4400
1237 5340
1246 3760
1250 16900
1257 2680
1263 21220
1271 4040
1274 3660
1277 6400
1286 4520
1290 4040
1297 4400
1303 4820
1311 48100
1314 25840
1317 3460
1326 4560
1330 4860
1337 3660
1343 4340
1351 20860
1354 5340
1357 21220
1366 22420
1370 3960
1377 25840
1383 2680
1391 13520
1394 6400
1397 4820
1406 4260
1410 9480
1417 5340
1423 23880
1431 8500
1434 3460
1437 4340
1446 2900
1450 3640
1457 6400
1463 3760
1471 7300
1474 21220
1477 2680
1486 2140
1490 3340
1497 3460
1503 4520
1511 11980
1514 4820
1517 23880
1526 6780
1530 2500
1537 21220
1543 4560
1551 17840
1554 4340
1557 3760
1566 3220
1570 14200
1577 4820
1583 22420
1591 6020
1594 2680
1597 4520
1606 3660
1610 2680
1617 4340
1623 4260
1631 6900
1634 67120
1637 4560
1646 85500
1650 4400
1657 2680
1663 2900
1671 17860
1674 20660
1677 22420
1686 28540
1690 3660
1697 23880
1703 2140
1711 28520
1714 8560
1717 4260
1726 6020
1730 25840
1737 3760
1743 6780
1751 9740
1754 9420
1757 2900
1766 8580
1770 5340
1777 4520
1783 3220
1791 10060
1794 26380
1797 2140
1806 5100
1810 6400
1817 4560
1823 3660
1830 43240
1831 29300
1834 13740
1837 6780
1846 16740
1850 3460
1857 22420
1863 85500
1870 16900
1871 26560
1874 6540
1877 3220
1886 5460
1890 21220
1897 4260
1903 28540
1910 4040
1911 11220
1914 5480
1917 3660
1926 5360
1930 4820
1937 2900
1943 6020
1950 4860
1951 7800
1954 9280
1957 85500
1966 3560
1970 4340
1977 2140
1983 8580
1990 3960
1991 23900
1994 17420
1997 28540
2006 19800
2010 2680
2017 6780
2023 5100
2030 9480
2031 28700
2034 6340
2037 6020
2046 4620
2050 23880
2057 3220
2063 16740
2070 3640
2071 8100
2074 89900
2077 8580
2086 6020
2090 3760
2097 3660
2103 5460
2110 3340
2111 7200
2114 32200
2117 5100
2126 4440
2130 4520
2137 85500
2143 5360
2150 2500
2151 28440
2154 31860
2157 16740
2166 24200
2168 43240
2170 4560
2177 28540
2183 3560
2190 14200
2191 26180
2194 13920
2197 5460
2206 4460
2208 16900
2210 22420
2217 6020
2223 19800
2230 2680
2231 8780
2234 11500
2237 5360
2246 7180
2248 4040
2250 4260
2257 8580
2263 4620
2270 4400
2271 7460
2274 20200
2277 3560
2286 6540
2288 4860
2290 2900
2297 5100
2303 6020
2310 3660
2311 24560
2314 26680
2317 19800
2326 23960
2328 3960
2330 2140
2337 16740
2343 4440
2350 25840
2351 11040
2354 10180
2357 4620
2366 6620
2368 9480
2370 6780
2377 5460
2383 24200
2390 5340
2391 6120
2394 7900
2397 6020
2406 6200
2408 3640
2410 3220
2417 5360
2423 4460
2430 6400
2431 5800
2434 22480
2437 4440
2446 3880
2448 3340
2450 3660
2457 3560
2463 7180
2470 3460
2471 92280
2474 28500
2477 24200
2486 29140
2488 2500
2490 85500
2497 19800
2503 6540
2505 43240
2510 21220
2511 31760
2514 9780
2517 4460
2525 43240
2526 6260
2528 14200
2530 28540
2537 4620
2543 23960
2545 16900
2547 43240
2550 4820
2551 9680
2554 8960
2557 7180
2565 16900
2566 8280
2568 2680
2569 43240
2570 6020
2577 6020
2583 6620
2585 4040
2587 16900
2590 4340
2591 94080
2594 28760
2597 6540
2605 4040
2606 5580
2608 4400
2609 16900
2610 8580
2617 4440
2623 6200
2625 4860
2627 4040
2630 2680
2631 33640
2634 26880
2637 23960
2645 4860
2646 24420
2648 3660
2649 4040
2650 5100
2657 24200
2663 3880
2665 3960
2667 4860
2670 23880
2671 22760
2674 11440
2677 6620
2685 3960
2686 5740
2688 25840
2689 4860
2690 16740
2697 4460
2703 29140
2705 9480
2707 3960
2710 3760
2711 14040
2714 9440
2717 6200
2725 9480
2726 7460
2728 5340
2729 3960
2730 5460
2737 7180
2743 6260
2745 3640
2747 9480
2750 4520
2751 10460
2754 26100
2757 3880
2765 3640
2766 5040
2768 6400
2769 9480
2770 5360
2777 6540
2783 8280
2785 3340
2787 3640
2790 4560
2791 20300
2794 13400
2797 29140
2805 3340
2806 9180
2808 3460
2809 3640
2810 3560
2817 23960
2823 5580
2825 2500
2827 3340
2830 22420
2831 25260
2834 9420
2837 6260
2845 2500
2846 5140
2848 21220
2849 3340
2850 19800
2857 6620
2863 24420
2865 14200
2867 2500
2870 4260
2871 9980
2874 7540
2877 8280
2885 14200
2886 6380
2888 4820
2889 2500
2890 4620
2897 6200
2903 5740
2905 2680
2907 14200
2910 2900
2911 9580
2914 114640
2917 5580
2925 2680
2926 114340
2928 4340
2929 14200
2930 6020
2937 3880
2943 7460
2945 4400
2947 2680
2950 2140
2951 24240
2954 34800
2957 24420
2965 4400
2966 26100
2968 2680
2969 2680
2970 4440
2977 29140
2983 5040
2985 3660
2987 4400
2990 6780
2991 28820
