0 0
181 43240
221 16900
261 4040
301 4860
341 3960
371 43240
381 9480
411 16900
421 3640
441 43240
451 4040
461 3340
481 16900
491 4860
501 2500
521 4040
531 3960
541 14200
561 4860
571 9480
581 2680
601 3960
611 3640
621 4400
622 43240
641 9480
651 3340
661 3660
662 16900
681 3640
691 2500
701 25840
702 4040
721 3340
731 14200
741 5340
742 4860
761 2500
766 43240
771 2680
781 6400
782 3960
801 14200
806 16900
811 4400
821 3460
822 9480
824 43240
841 2680
846 4040
851 3660
855 43240
861 21220
862 3640
863 43240
864 16900
881 4400
886 4860
891 25840
895 16900
901 4820
902 3340
903 16900
904 4040
921 3660
926 3960
931 5340
935 4040
941 4340
942 2500
943 4040
944 4860
961 25840
966 9480
971 6400
975 4860
981 2680
982 14200
983 4860
984 3960
1001 5340
1006 3640
1011 3460
1015 3960
1021 23880
1022 2680
1023 3960
1024 9480
1031 43240
1041 6400
1046 3340
1051 21220
1055 9480
1061 3760
1062 4400
1063 9480
1064 3640
1071 16900
1081 3460
1086 2500
1091 4820
1095 3640
1101 4520
1102 3660
1103 3640
1104 3340
1111 4040
1121 21220
1126 14200
1131 4340
1135 3340
1141 4560
1142 25840
1143 3340
1144 2500
1151 4860
1161 4820
1166 2680
1171 2680
1175 2500
1181 22420
1182 5340
1183 2500
1184 14200
1191 3960
1201 4340
1206 4400
1211 23880
1215 14200
1221 4260
1222 6400
1223 14200
1224 2680
1231 9480
1241 2680
1246 3660
1251 3760
1255 2680
1261 2900
1262 3460
1263 2680
1264 4400
1271 3640
1281 23880
1286 25840
1291 4520
1295 4400
1301 2140
1302 21220
1303 4400
1304 3660
1311 3340
1321 3760
1326 5340
1331 4560
1335 3660
1341 6780
1342 4820
1343 3660
1344 25840
1351 2500
1361 4520
1366 6400
1371 22420
1375 25840
1381 3220
1382 4340
1383 25840
1384 5340
1391 14200
1401 4560
1406 3460
1411 4260
1415 5340
1421 3660
1422 2680
1423 5340
1424 6400
1431 2680
1441 22420
1446 21220
1451 2900
1455 6400
1461 85500
1462 23880
1463 6400
1464 3460
1471 4400
1479 43240
1481 4260
1486 4820
1491 2140
1495 3460
1501 28540
1502 3760
1503 3460
1504 21220
1511 3660
1519 16900
1521 2900
1526 4340
1531 6780
1535 21220
1541 6020
1542 4520
1543 21220
1544 4820
1551 25840
1559 4040
1561 2140
1566 2680
1571 3220
1575 4820
1581 8580
1582 4560
1583 4820
1584 4340
1591 5340
1599 4860
1601 6780
1606 23880
1611 3660
1615 4340
1621 5100
1622 22420
1623 4340
1624 2680
1631 6400
1639 3960
1641 3220
1646 3760
1651 85500
1655 2680
1661 16740
1662 4260
1663 2680
1664 23880
1671 3460
1679 9480
1681 3660
1686 4520
1691 28540
1695 23880
1701 5460
1702 2900
1703 23880
1704 3760
1711 21220
1719 3640
1721 85500
1726 4560
1731 6020
1735 3760
1741 5360
1742 2140
1743 3760
1744 4520
1751 4820
1759 3340
1761 28540
1766 22420
1771 8580
1775 4520
1781 3560
1782 6780
1783 4520
1784 4560
1791 4340
1799 2500
1801 6020
1806 4260
1811 5100
1815 4560
1821 19800
1822 3220
1823 4560
1824 22420
1831 2680
1839 14200
1841 8580
1846 2900
1851 16740
1855 22420
1861 4620
1862 3660
1863 22420
1864 4260
1871 23880
1879 2680
1881 5100
1886 2140
1891 5460
1895 4260
1901 6020
1902 85500
1903 4260
1904 2900
1911 3760
1919 4400
1921 16740
1926 6780
1931 5360
1935 2900
1941 4440
1942 28540
1943 2900
1944 2140
1951 4520
1959 3660
1961 5460
1966 3220
1971 3560
1975 2140
1981 24200
1982 6020
1983 2140
1984 6780
1991 4560
1999 25840
2001 5360
2006 3660
2011 19800
2015 6780
2021 4460
2022 8580
2023 6780
2024 3220
2031 22420
2039 5340
2041 3560
2046 85500
2051 4620
2055 3220
2056 43240
2061 7180
2062 5100
2063 3220
2064 3660
2071 4260
2079 6400
2081 19800
2086 28540
2091 6020
2095 3660
2096 16900
2101 6540
2102 16740
2103 3660
2104 85500
2111 2900
2119 3460
2121 4620
2126 6020
2131 4440
2135 85500
2136 4040
2141 23960
2142 5460
2143 85500
2144 28540
2151 2140
2159 21220
2161 6020
2166 8580
2171 24200
2175 28540
2176 4860
2181 6620
2182 5360
2183 28540
2184 6020
2191 6780
2199 4820
2201 4440
2206 5100
2211 4460
2215 6020
2216 3960
2221 6200
2222 3560
2223 6020
2224 8580
2231 3220
2239 4340
2241 24200
2246 16740
2251 7180
2255 8580
2256 9480
2261 3880
2262 19800
2263 8580
2264 5100
2271 3660
2279 2680
2281 4460
2286 5460
2291 6540
2295 5100
2296 3640
2301 29140
2302 4620
2303 5100
2304 16740
2311 85500
2319 23880
2321 7180
2326 5360
2331 23960
2335 16740
2336 3340
2341 6260
2342 6020
2343 16740
2344 5460
2351 28540
2359 3760
2361 6540
2366 3560
2371 6620
2375 5460
2376 2500
2381 8280
2382 4440
2383 5460
2384 5360
2391 6020
2399 4520
2401 23960
2406 19800
2411 6200
2415 5360
2416 14200
2421 5580
2422 24200
2423 5360
2424 3560
2431 8580
2439 4560
2441 6620
2446 4620
2451 3880
2455 3560
2456 2680
2461 24420
2462 4460
2463 3560
2464 19800
2471 5100
2479 22420
2481 6200
2486 6020
2491 29140
2495 19800
2496 4400
2501 5740
2502 7180
2503 19800
2504 4620
2511 16740
2519 4260
2521 3880
2526 4440
2531 6260
2535 4620
2536 3660
2541 7460
2542 6540
2543 4620
2544 6020
2551 5460
2559 2900
2561 29140
2566 24200
2571 8280
2575 6020
2576 25840
2581 5040
2582 23960
2583 6020
2584 4440
2591 5360
2599 2140
2601 6260
2606 4460
2611 5580
2615 4440
2616 5340
2621 9180
2622 6620
2623 4440
2624 24200
2631 3560
2639 6780
2641 8280
2646 7180
2651 24420
2655 24200
2656 6400
2661 5140
2662 6200
2663 24200
2664 4460
2671 19800
2679 3220
2681 5580
2686 6540
2691 5740
2695 4460
2696 3460
2701 6380
2702 3880
2703 4460
2704 7180
2711 4620
2719 3660
2721 24420
2726 23960
2731 7460
2735 7180
2736 21220
2741 114340
2742 29140
2743 7180
2744 6540
2751 6020
2759 85500
2761 48980
2766 6620
2771 5040
2775 6540
2776 4820
2781 26100
2782 6260
2783 6540
2784 23960
2791 4440
2799 28540
2801 24360
2806 6200
2811 9180
2815 23960
2816 4340
2821 6000
2822 8280
2823 23960
2824 6620
2831 24200
2839 6020
2841 9080
2846 3880
2851 5140
2855 6620
2856 2680
2861 9080
2862 5580
2863 6620
2864 6200
2871 4460
2879 8580
2881 14040
2886 29140
2891 6380
2895 6200
2896 23880
2901 5860
2902 24420
2903 6200
2904 3880
2911 7180
2919 5100
2921 9100
2926 6260
2931 114340
2935 3880
2936 3760
2941 23580
2942 5740
2943 3880
2944 29140
2951 6540
2956 43240
2959 16740
2961 15860
2966 8280
2971 26100
2975 29140
2976 4520
