0 0
120 43240
160 16900
200 4040
240 4860
280 3960
320 9480
360 3640
400 3340
440 2500
480 14200
520 2680
560 4400
600 3660
640 25840
680 5340
720 6400
760 3460
800 21220
840 4820
880 4340
920 2680
960 23880
1000 3760
1040 4520
1080 4560
1120 22420
1160 4260
1200 2900
1240 2140
1280 6780
1320 3220
1360 3660
1400 85500
1440 28540
1480 6020
1516 43240
1520 8580
1556 16900
1560 5100
1596 4040
1600 16740
1636 4860
1640 5460
1676 3960
1680 5360
1716 9480
1720 3560
1748 43240
1756 3640
1760 19800
1788 16900
1796 3340
1800 4620
1828 4040
1836 2500
1840 6020
1868 4860
1876 14200
1880 4440
1908 3960
1916 2680
1920 24200
1948 9480
1956 47640
1960 4460
1988 3640
1996 20560
2000 7180
2028 3340
2036 29880
2040 6540
2068 2500
2076 53440
2080 23960
2108 14200
2115 43240
2116 27260
2120 6620
2127 43240
2148 2680
2155 16900
2156 16980
2157 43240
2160 6200
2167 16900
2188 4400
2195 4040
2196 29720
2197 16900
2200 3880
2207 4040
2228 3660
2235 4860
2236 12120
2237 4040
2240 29140
2247 4860
2268 25840
2275 3960
2276 16320
2277 4860
2280 6260
2287 3960
2308 5340
2315 9480
2316 20520
2317 3960
2320 8280
2327 9480
2348 6400
2355 3640
2356 29900
2357 9480
2360 5580
2367 3640
2388 3460
2395 3340
2396 10660
2397 3640
2400 24420
2407 3340
2428 21220
2435 2500
2436 22380
2437 3340
2440 5740
2447 2500
2468 4820
2475 14200
2476 33080
2477 2500
2480 7460
2487 14200
2508 4340
2515 2680
2516 32160
2517 14200
2520 5040
2527 2680
2548 2680
2555 4400
2556 14320
2557 2680
2560 9180
2567 4400
2588 23880
2595 3660
2596 32200
2597 4400
2600 5140
2607 3660
2628 3760
2635 25840
2636 28700
2637 3660
2640 6380
2647 25840
2668 4520
2675 5340
2676 18000
2677 25840
2680 114340
2687 5340
2708 4560
2715 6400
2716 11020
2717 5340
2720 26100
2727 6400
2748 22420
2755 3460
2756 27560
2757 6400
2760 6000
2767 3460
2788 4260
2795 21220
2796 114200
2797 3460
2800 9080
2807 21220
2828 2900
2835 4820
2836 36640
2837 21220
2840 5860
2847 4820
2868 2140
2875 4340
2876 13220
2877 4820
2880 23580
2887 4340
2908 6780
2915 2680
2916 37020
2917 4340
2920 6480
2927 2680
2948 3220
2955 23880
2956 31280
2957 2680
2960 9400
2967 23880
2988 3660
2995 3760
2996 5357
