0 0
249 43240
289 16900
329 4040
369 4860
409 3960
449 9480
489 3640
529 3340
569 2500
609 14200
649 2680
689 4400
729 3660
769 25840
785 43240
809 5340
825 16900
849 6400
865 4040
889 3460
905 4860
929 21220
945 3960
969 4820
985 9480
993 43240
1009 4340
1025 3640
1033 16900
1049 2680
1065 3340
1073 4040
1089 23880
1105 2500
1113 4860
1129 3760
1143 43240
1145 14200
1153 3960
1159 43240
1169 47760
1183 16900
1185 2680
1193 9480
1199 16900
1209 21460
1223 4040
1225 4400
1233 3640
1239 4040
1249 26460
1254 43240
1263 4860
1265 3660
1273 3340
1279 4860
1289 9120
1294 16900
1303 3960
1305 25840
1307 43240
1313 2500
1319 3960
1329 6860
1334 4040
1343 9480
1345 5340
1347 16900
1353 14200
1359 9480
1369 11620
1374 4860
1383 3640
1385 6400
1387 4040
1393 2680
1399 3640
1409 10420
1414 3960
1423 3340
1425 3460
1427 4860
1433 4400
1439 3340
1449 6560
1454 9480
1463 2500
1465 21220
1467 3960
1473 3660
1479 2500
1489 6160
1494 3640
1503 14200
1505 4820
1507 9480
1513 25840
1519 14200
1529 99700
1534 3340
1543 2680
1545 4340
1547 3640
1553 5340
1559 2680
1561 43240
1569 31220
1574 2500
1583 4400
1585 2680
1587 3340
1593 6400
1599 4400
1601 16900
1609 10420
1614 14200
1623 3660
1625 23880
1627 2500
1633 3460
1639 3660
1641 4040
1649 12240
1654 2680
1663 25840
1665 3760
1667 14200
1673 21220
1679 25840
1681 4860
1689 30940
1694 4400
1703 5340
1705 4520
1707 2680
1713 4820
1719 5340
1721 3960
1729 22080
1734 3660
1743 6400
1745 4560
1747 4400
1753 4340
1759 6400
1761 9480
1769 11860
1774 25840
1783 3460
1785 22420
1787 3660
1793 2680
1799 3460
1801 3640
1809 8820
1814 5340
1823 21220
1825 4260
1827 25840
1833 23880
1839 21220
1841 3340
1849 24780
1854 6400
1863 4820
1865 2900
1867 5340
1873 3760
1879 4820
1881 2500
1889 24620
1894 3460
1903 4340
1905 2140
1907 6400
1913 4520
1919 4340
1921 14200
1929 8960
1934 21220
1943 2680
1945 6780
1947 3460
1953 4560
1959 2680
1961 2680
1969 8700
1974 4820
1983 23880
1985 3220
1987 21220
1993 22420
1999 23880
2001 4400
2009 28320
2014 4340
2023 3760
2025 3660
2027 4820
2033 4260
2039 3760
2041 3660
2049 27960
2054 2680
2063 4520
2065 85500
2067 4340
2073 2900
2079 4520
2081 25840
2089 8980
2094 23880
2103 4560
2105 28540
2107 2680
2113 2140
2119 4560
2121 5340
2129 11740
2134 3760
2143 22420
2145 6020
2147 23880
2153 6780
2159 22420
2161 6400
2169 28960
2174 4520
2183 4260
2185 8580
2187 3760
2193 3220
2199 4260
2201 3460
2209 28220
2214 4560
2223 2900
2225 5100
2227 4520
2233 3660
2239 2900
2241 21220
2249 9520
2254 22420
2263 2140
2265 16740
2267 4560
2273 85500
2279 2140
2281 4820
2289 8340
2294 4260
2303 6780
2305 5460
2307 22420
2313 28540
2319 6780
2320 43240
2321 4340
2329 10660
2334 2900
2343 3220
2345 5360
2347 4260
2353 6020
2359 3220
2360 16900
2361 2680
2369 32360
2374 2140
2383 3660
2385 3560
2387 2900
2393 8580
2399 3660
2400 4040
2401 23880
2409 9920
2414 6780
2423 85500
2425 19800
2427 2140
2433 5100
2439 85500
2440 4860
2441 3760
2449 93780
2454 3220
2463 28540
2465 4620
2467 6780
2473 16740
2479 28540
2480 3960
2481 4520
2489 34120
2494 3660
2503 6020
2505 6020
2507 3220
2513 5460
2519 6020
2520 9480
2521 4560
2529 30440
2534 85500
2543 8580
2545 4440
2547 3660
2553 5360
2559 8580
2560 3640
2561 22420
2569 14320
2574 28540
2583 5100
2585 24200
2587 85500
2593 3560
2599 5100
2600 3340
2601 4260
2609 12560
2614 6020
2623 16740
2625 4460
2627 28540
2633 19800
2639 16740
2640 2500
2641 2900
2649 21780
2654 8580
2663 5460
2665 7180
2667 6020
2673 4620
2679 5460
2680 14200
2681 2140
2689 14640
2694 5100
2703 5360
2705 6540
2707 8580
2713 6020
2719 5360
2720 2680
2721 6780
2729 10500
2734 16740
2743 3560
2745 23960
2747 5100
2753 4440
2759 3560
2760 4400
2761 3220
2769 9940
2774 5460
2783 19800
2785 6620
2787 16740
2793 24200
2799 19800
2800 3660
2801 3660
2809 134140
2814 5360
2823 4620
2825 6200
2827 5460
2833 4460
2839 4620
2840 25840
2841 85500
2849 30720
2854 3560
2863 6020
2865 3880
2867 5360
2873 7180
2879 6020
2880 5340
2881 28540
2889 12020
2894 19800
2903 4440
2905 29140
2907 3560
2913 6540
2919 4440
2920 6400
2921 6020
2929 13520
2934 4620
2943 24200
2945 6260
2947 19800
2953 23960
2959 24200
2960 3460
2961 8580
2969 30060
2974 6020
2983 1338
