0 0
283 43240
323 16900
363 4040
403 4860
442 43240
443 3960
482 16900
483 9480
522 4040
523 3640
562 4860
563 3340
602 3960
603 2500
642 9480
643 14200
682 3640
683 2680
722 3340
723 4400
753 43240
762 2500
763 3660
793 16900
802 14200
803 25840
833 4040
842 2680
843 5340
873 4860
882 4400
883 6400
913 3960
922 3660
923 3460
950 43240
953 9480
962 25840
963 21220
990 16900
993 3640
1002 5340
1003 4820
1030 47280
1033 3340
1042 6400
1043 4340
1070 21760
1073 2500
1082 3460
1083 2680
1110 8000
1113 14200
1122 21220
1123 23880
1150 14340
1153 2680
1162 4820
1163 3760
1190 7600
1193 4400
1202 4340
1203 4520
1230 12820
1233 3660
1242 2680
1243 4560
1270 6140
1273 25840
1282 23880
1283 22420
1298 43240
1310 17540
1313 5340
1322 3760
1323 4260
1338 16900
1350 5180
1353 6400
1362 4520
1363 2900
1378 4040
1390 18600
1393 3460
1402 4560
1403 2140
1418 4860
1430 6340
1433 21220
1442 22420
1443 6780
1455 43240
1458 3960
1470 30240
1473 4820
1482 4260
1483 3220
1495 16900
1498 9480
1499 43240
1510 9000
1513 4340
1522 2900
1523 3660
1535 4040
1538 3640
1539 16900
1550 32240
1553 2680
1562 2140
1563 85500
1575 4860
1578 3340
1579 4040
1590 8800
1593 23880
1602 6780
1603 28540
1615 3960
1618 2500
1619 4860
1630 27620
1633 3760
1642 3220
1643 6020
1655 9480
1658 14200
1659 3960
1670 8280
1673 4520
1682 3660
1683 8580
1695 3640
1698 2680
1699 9480
1710 25560
1713 4560
1722 128740
1723 5100
1735 3340
1738 4400
1739 3640
1750 7500
1753 22420
1762 45440
1763 16740
1775 2500
1778 3660
1779 3340
1790 28220
1793 4260
1802 10060
1803 5460
1815 14200
1818 25840
1819 2500
1822 43240
1830 6440
1833 2900
1842 13440
1843 5360
1855 2680
1858 5340
1859 14200
1862 16900
1870 28400
1873 2140
1882 9060
1883 3560
1895 4400
1898 6400
1899 2680
1902 4040
1910 8320
1913 6780
1922 26220
1923 19800
1935 3660
1938 3460
1939 4400
1942 4860
1950 26940
1953 3220
1962 9100
1963 4620
1975 25840
1978 21220
1979 3660
1982 3960
1990 8820
1993 3660
2002 8700
2003 6020
2015 5340
2018 4820
2019 25840
2022 9480
2030 25320
2033 85500
2042 6060
2043 4440
2055 6400
2058 4340
2059 5340
2062 3640
2070 6400
2073 28540
2082 34000
2083 24200
2095 3460
2098 2680
2099 6400
2102 3340
2110 9680
2113 6020
2122 7300
2123 4460
2135 21220
2138 23880
2139 3460
2142 2500
2150 5360
2153 8580
2162 10420
2163 7180
2175 4820
2178 3760
2179 21220
2182 14200
2190 10440
2193 5100
2202 8100
2203 6540
2215 4340
2218 4520
2219 4820
2222 2680
2230 88720
2233 16740
2242 50040
2243 23960
2255 2680
2258 4560
2259 4340
2262 4400
2270 32200
2273 5460
2282 9800
2283 6620
2295 23880
2298 22420
2299 2680
2302 3660
2310 91520
2313 5360
2322 13580
2323 6200
2335 3760
2338 4260
2339 23880
2342 25840
2350 37120
2353 3560
2362 10000
2363 3880
2375 4520
2378 2900
2379 3760
2382 5340
2390 11120
2393 19800
2402 45180
2403 29140
2415 4560
2418 2140
2419 4520
2422 6400
2430 25320
2433 4620
2442 11440
2443 6260
2448 43240
2455 22420
2458 6780
2459 4560
2462 3460
2470 10560
2473 6020
2482 10540
2483 8280
2488 16900
2495 4260
2498 3220
2499 22420
2502 21220
2510 22100
2513 4440
2522 6560
2523 5580
2528 4040
2535 2900
2538 3660
2539 4260
2542 4820
2550 9020
2553 24200
2562 53020
2563 24420
2568 4860
2575 2140
2578 85500
2579 2900
2582 4340
2590 25160
2593 4460
2602 10020
2603 5740
2608 3960
2615 6780
2618 28540
2619 2140
2622 2680
2630 8180
2633 7180
2642 12800
2643 7460
2648 9480
2655 3220
2658 6020
2659 6780
2662 23880
2670 25820
2673 6540
2682 10140
2683 5040
2688 3640
2695 3660
2698 8580
2699 3220
2702 3760
2710 9060
2713 23960
2722 46840
2723 9180
2728 3340
2735 85500
2738 5100
2739 3660
2742 4520
2750 30220
2753 6620
2762 10000
2763 5140
2768 2500
2775 28540
2778 16740
2779 85500
2782 4560
2790 8900
2793 6200
2802 10360
2803 6380
2808 14200
2815 6020
2818 5460
2819 28540
2822 22420
2830 31380
2833 3880
2842 7180
2843 114340
2848 2680
2855 8580
2858 5360
2859 6020
2862 4260
2870 11000
2873 29140
2882 15960
2883 26100
2888 4400
2895 5100
2898 3560
2899 8580
2902 2900
2910 31140
2913 6260
2920 43240
2922 8360
2923 6000
2928 3660
2935 16740
2938 19800
2939 5100
2942 2140
2950 13160
2953 8280
2960 16900
2962 10040
2963 9080
2968 25840
2975 5460
2978 4620
2979 16740
