0 0
385 43240
425 16900
465 4040
505 4860
545 3960
555 43240
585 9480
595 16900
625 3640
635 4040
665 3340
675 4860
687 43240
705 2500
715 3960
727 16900
745 14200
755 9480
767 4040
785 2680
795 3640
807 4860
825 4400
835 3340
847 3960
865 3660
875 2500
887 9480
905 25840
915 14200
927 3640
945 5340
955 2680
967 3340
985 6400
995 4400
1007 2500
1025 3460
1035 3660
1047 14200
1065 21220
1075 25840
1087 2680
1105 4820
1115 5340
1127 4400
1145 4340
1155 6400
1167 3660
1185 2680
1195 3460
1207 25840
1225 23880
1235 21220
1247 5340
1265 3760
1275 4820
1287 6400
1305 4520
1315 4340
1325 43240
1327 3460
1345 4560
1355 2680
1365 16900
1367 21220
1385 22420
1395 23880
1405 4040
1407 4820
1408 43240
1425 4260
1435 3760
1445 4860
1447 4340
1448 16900
1465 2900
1475 4520
1485 3960
1487 2680
1488 4040
1491 43240
1505 2140
1515 4560
1525 9480
1527 23880
1528 4860
1531 16900
1545 6780
1555 22420
1565 3640
1567 3760
1568 3960
1571 4040
1585 3220
1595 4260
1605 3340
1607 4520
1608 9480
1611 4860
1625 3660
1635 2900
1645 2500
1647 4560
1648 3640
1651 3960
1665 85500
1675 2140
1685 14200
1687 22420
1688 3340
1691 9480
1705 28540
1715 6780
1725 2680
1727 4260
1728 2500
1731 3640
1745 6020
1755 3220
1765 4400
1767 2900
1768 14200
1771 3340
1785 8580
1795 3660
1805 3660
1807 2140
1808 2680
1810 43240
1811 2500
1825 5100
1835 85500
1845 25840
1847 6780
1848 4400
1850 16900
1851 14200
1865 16740
1875 28540
1885 5340
1887 3220
1888 3660
1890 4040
1891 2680
1905 5460
1915 6020
1925 6400
1927 3660
1928 25840
1930 4860
1931 4400
1945 5360
1955 8580
1965 3460
1967 85500
1968 5340
1970 3960
1971 3660
1985 3560
1995 5100
2005 21220
2007 28540
2008 6400
2010 9480
2011 25840
2025 19800
2035 16740
2045 4820
2047 6020
2048 3460
2050 3640
2051 5340
2065 4620
2075 5460
2085 4340
2087 8580
2088 21220
2090 3340
2091 6400
2105 6020
2115 5360
2125 2680
2127 5100
2128 4820
2130 2500
2131 3460
2145 4440
2155 3560
2165 23880
2167 16740
2168 4340
2170 14200
2171 21220
2185 24200
2195 19800
2205 3760
2207 5460
2208 2680
2210 2680
2211 4820
2225 4460
2235 4620
2245 4520
2247 5360
2248 23880
2250 4400
2251 4340
2265 7180
2275 6020
2285 4560
2287 3560
2288 3760
2290 3660
2291 2680
2305 49780
2315 4440
2325 22420
2327 19800
2328 4520
2330 25840
2331 23880
2345 40860
2355 24200
2365 4260
2367 4620
2368 4560
2370 5340
2371 3760
2385 10660
2395 4460
2405 2900
2407 6020
2408 22420
2410 6400
2411 4520
2424 43240
2425 11060
2435 7180
2445 2140
2447 4440
2448 4260
2450 3460
2451 4560
2464 16900
2465 7840
2475 6540
2478 43240
2485 6780
2487 24200
2488 2900
2490 21220
2491 22420
2502 43240
2504 4040
2505 38620
2515 23960
2518 16900
2525 3220
2527 4460
2528 2140
2530 4820
2531 4260
2542 16900
2544 4860
2545 9900
2555 6620
2558 4040
2565 3660
2567 7180
2568 6780
2570 4340
2571 2900
2582 4040
2584 3960
2585 11620
2595 6200
2598 4860
2605 85500
2607 6540
2608 3220
2610 2680
2611 2140
2622 4860
2624 9480
2625 8080
2635 3880
2638 3960
2645 28540
2647 23960
2648 3660
2650 23880
2651 6780
2662 3960
2664 3640
2665 38620
2675 29140
2678 9480
2685 6020
2687 6620
2688 85500
2690 3760
2691 3220
2702 9480
2704 3340
2705 8420
2715 6260
2718 3640
2725 8580
2727 6200
2728 28540
2730 4520
2731 3660
2742 3640
2744 2500
2745 11860
2755 8280
2758 3340
2765 5100
2767 3880
2768 6020
2770 4560
2771 85500
2782 3340
2784 14200
2785 8700
2795 5580
2798 2500
2805 16740
2807 29140
2808 8580
2810 22420
2811 28540
2822 2500
2824 2680
2825 35020
2835 24420
2838 14200
2845 5460
2847 6260
2848 5100
2850 4260
2851 6020
2862 14200
2864 4400
2865 10480
2875 5740
2878 2680
2885 5360
2887 8280
2888 16740
2890 2900
2891 51820
2902 2680
2904 3660
2905 12780
2915 7460
2918 4400
2919 43240
2925 3560
2927 5580
2928 5460
2930 2140
2931 22000
2942 4400
2944 25840
2945 117800
2955 5040
2958 3660
2959 16900
2965 19800
2967 24420
2968 5360
2970 6780
2971 20780
2982 3660
2984 5340
2985 47320
2995 9180
2998 12920
