0 0
190 43240
230 16900
270 4040
310 4860
350 3960
390 9480
430 3640
470 3340
510 2500
550 14200
590 2680
630 4400
670 3660
710 25840
729 43240
750 5340
769 16900
790 6400
809 4040
830 3460
849 4860
870 21220
889 3960
910 4820
913 43240
929 9480
950 4340
953 16900
969 3640
970 43240
990 2680
993 4040
1009 3340
1010 16900
1021 43240
1030 23880
1033 4860
1049 2500
1050 4040
1061 16900
1070 3760
1073 3960
1089 14200
1090 4860
1101 4040
1110 4520
1113 9480
1129 2680
1130 3960
1141 4860
1150 4560
1153 3640
1169 4400
1170 9480
1181 3960
1190 22420
1193 3340
1209 3660
1210 3640
1221 9480
1230 4260
1233 2500
1249 25840
1250 3340
1261 3640
1270 2900
1273 14200
1289 5340
1290 2500
1301 3340
1310 2140
1313 2680
1329 6400
1330 14200
1341 2500
1350 6780
1353 4400
1369 3460
1370 2680
1381 14200
1390 3220
1393 3660
1409 21220
1410 4400
1421 2680
1430 3660
1433 25840
1449 4820
1450 3660
1461 4400
1470 85500
1473 5340
1489 4340
1490 25840
1501 3660
1510 28540
1513 6400
1529 2680
1530 5340
1541 25840
1550 6020
1553 3460
1569 23880
1570 6400
1581 5340
1590 8580
1593 21220
1609 3760
1610 3460
1621 6400
1630 5100
1633 4820
1649 4520
1650 21220
1661 3460
1666 43240
1670 16740
1673 4340
1689 4560
1690 4820
1701 21220
1706 16900
1710 5460
1713 2680
1729 22420
1730 4340
1741 4820
1746 4040
1750 5360
1753 23880
1769 4260
1770 2680
1781 4340
1786 4860
1790 3560
1793 3760
1809 2900
1810 23880
1821 2680
1826 3960
1830 19800
1833 4520
1849 2140
1850 3760
1861 23880
1866 9480
1870 4620
1873 4560
1889 6780
1890 4520
1901 3760
1906 3640
1910 6020
1913 22420
1929 3220
1930 4560
1941 4520
1946 3340
1950 4440
1953 4260
1969 3660
1970 22420
1981 4560
1986 2500
1990 24200
1993 2900
2009 85500
2010 4260
2021 22420
2026 14200
2030 4460
2033 2140
2049 28540
2050 2900
2061 4260
2066 2680
2070 7180
2072 43240
2073 6780
2089 6020
2090 2140
2101 2900
2106 4400
2110 6540
2112 16900
2113 3220
2119 43240
2129 8580
2130 6780
2141 2140
2146 3660
2150 23960
2152 4040
2153 3660
2159 16900
2169 5100
2170 3220
2181 6780
2186 25840
2190 6620
2192 4860
2193 85500
2199 4040
2209 16740
2210 3660
2221 3220
2226 5340
2230 6200
2232 3960
2233 28540
2239 4860
2249 5460
2250 85500
2261 3660
2266 6400
2270 3880
2272 9480
2273 6020
2279 3960
2289 5360
2290 28540
2301 85500
2306 3460
2310 29140
2312 3640
2313 8580
2319 9480
2329 3560
2330 6020
2341 28540
2346 21220
2350 6260
2352 3340
2353 5100
2359 3640
2369 19800
2370 8580
2381 6020
2386 4820
2390 8280
2392 2500
2393 16740
2399 3340
2409 4620
2410 5100
2421 8580
2426 4340
2430 5580
2432 14200
2433 5460
2439 2500
2449 6020
2450 16740
2461 5100
2466 2680
2468 43240
2470 24420
2472 2680
2473 5360
2479 14200
2489 4440
2490 5460
2497 43240
2501 16740
2506 23880
2508 16900
2510 5740
2512 4400
2513 3560
2519 2680
2529 24200
2530 5360
2537 16900
2541 5460
2546 3760
2548 4040
2550 7460
2552 3660
2553 19800
2559 4400
2569 4460
2570 3560
2577 4040
2581 5360
2586 4520
2588 4860
2590 5040
2592 25840
2593 4620
2599 3660
2609 7180
2610 19800
2617 4860
2621 3560
2626 4560
2628 3960
2630 9180
2632 5340
2633 6020
2639 25840
2649 6540
2650 4620
2657 3960
2661 19800
2666 22420
2668 9480
2670 5140
2672 6400
2673 4440
2679 5340
2681 43240
2689 23960
2690 6020
2697 9480
2701 4620
2706 4260
2708 3640
2710 6380
2712 3460
2713 24200
2719 6400
2721 16900
2729 6620
2730 4440
2737 3640
2741 6020
2746 2900
2748 3340
2750 114340
2752 21220
2753 4460
2759 3460
2761 4040
2769 6200
2770 24200
2777 3340
2781 4440
2786 2140
2788 2500
2790 26100
2792 4820
2793 7180
2799 21220
2801 4860
2809 3880
2810 4460
2817 2500
2821 24200
2826 6780
2828 14200
2830 6000
2832 4340
2833 6540
2839 4820
2841 3960
2849 29140
2850 7180
2857 14200
2861 4460
2866 3220
2868 2680
2870 9080
2872 2680
2873 23960
2879 4340
2881 9480
2889 6260
2890 6540
2897 2680
2901 7180
2903 43240
2906 3660
2908 4400
2910 5860
2912 23880
2913 6620
2919 2680
2921 3640
2929 8280
2930 23960
2937 4400
2941 6540
2943 16900
2946 85500
2948 3660
2950 23580
2952 3760
2953 6200
2959 23880
2961 3340
2969 5580
2970 6620
2977 3660
2981 23960
