0 0
170 43240
210 16900
216 43240
250 4040
256 16900
290 4860
296 4040
330 3960
336 4860
370 9480
376 3960
410 3640
416 9480
450 3340
456 3640
460 43240
468 43240
490 2500
496 3340
500 16900
508 16900
530 14200
536 2500
540 4040
548 4040
570 2680
576 14200
580 4860
588 4860
610 4400
616 2680
620 3960
628 3960
650 3660
656 4400
660 9480
668 9480
690 25840
696 3660
700 3640
708 3640
730 5340
736 25840
740 3340
748 3340
770 6400
776 5340
780 2500
788 45740
810 3460
816 6400
820 14200
828 31100
850 21220
856 3460
860 2680
868 6720
890 4820
896 21220
900 4400
908 9260
930 4340
936 4820
937 43240
940 3660
948 7620
970 2680
976 4340
977 16900
980 25840
988 35320
993 43240
1010 23880
1016 2680
1017 4040
1020 5340
1028 8980
1033 16900
1050 3760
1056 23880
1057 4860
1060 6400
1068 9740
1073 4040
1090 4520
1096 3760
1097 3960
1100 3460
1108 5960
1113 4860
1130 4560
1136 4520
1137 9480
1140 21220
1148 35420
1153 3960
1170 22420
1176 4560
1177 3640
1180 4820
1188 7500
1193 9480
1210 4260
1216 22420
1217 3340
1220 4340
1228 8740
1233 3640
1250 2900
1256 4260
1257 2500
1260 2680
1268 6340
1273 3340
1274 43240
1290 2140
1296 2900
1297 14200
1300 23880
1308 49720
1313 2500
1314 16900
1330 6780
1336 2140
1337 2680
1340 3760
1348 9100
1353 14200
1354 4040
1370 3220
1376 6780
1377 4400
1380 4520
1388 10920
1393 2680
1394 4860
1410 3660
1416 3220
1417 3660
1420 4560
1428 8020
1433 4400
1434 3960
1450 85500
1456 3660
1457 25840
1460 22420
1463 43240
1468 43640
1473 3660
1474 9480
1490 28540
1496 85500
1497 5340
1500 4260
1503 16900
1508 9080
1513 25840
1514 3640
1530 6020
1536 28540
1537 6400
1540 2900
1543 4040
1548 7240
1553 5340
1554 3340
1570 8580
1576 6020
1577 3460
1580 2140
1583 4860
1588 4820
1593 6400
1594 2500
1610 5100
1616 8580
1617 21220
1620 6780
1623 3960
1628 30660
1633 3460
1634 14200
1650 16740
1656 5100
1657 4820
1660 3220
1663 9480
1668 6980
1673 21220
1674 2680
1690 5460
1696 16740
1697 4340
1700 3660
1703 3640
1708 8180
1713 4820
1714 4400
1730 5360
1736 5460
1737 2680
1740 85500
1743 3340
1748 90060
1753 4340
1754 3660
1770 3560
1776 5360
1777 23880
1780 28540
1783 2500
1788 50960
1793 2680
1794 25840
1810 19800
1816 3560
1817 3760
1820 6020
1823 14200
1828 10280
1833 23880
1834 5340
1850 4620
1856 19800
1857 4520
1860 8580
1863 2680
1868 11480
1873 3760
1874 6400
1890 6020
1896 4620
1897 4560
1900 5100
1903 4400
1908 7240
1912 43240
1913 4520
1914 3460
1930 4440
1936 6020
1937 22420
1940 16740
1943 3660
1948 23520
1952 16900
1953 4560
1954 21220
1970 24200
1976 4440
1977 4260
1980 5460
1983 25840
1988 8680
1992 4040
1993 22420
1994 4820
2010 4460
2016 24200
2017 2900
2020 5360
2023 5340
2028 9020
2032 4860
2033 4260
2034 4340
2050 7180
2056 4460
2057 2140
2060 3560
2063 6400
2068 89060
2072 3960
2073 2900
2074 2680
2090 6540
2096 7180
2097 6780
2100 19800
2103 3460
2104 43240
2108 48340
2112 9480
2113 2140
2114 23880
2130 23960
2136 6540
2137 3220
2140 4620
2143 21220
2144 16900
2148 10640
2152 3640
2153 6780
2154 3760
2170 6620
2176 23960
2177 3660
2180 6020
2183 4820
2184 4040
2188 14600
2192 3340
2193 3220
2194 4520
2210 6200
2216 6620
2217 85500
2220 4440
2223 4340
2224 4860
2228 9540
2232 2500
2233 3660
2234 4560
2250 3880
2256 6200
2257 28540
2260 24200
2263 2680
2264 47200
2268 40940
2272 14200
2273 85500
2274 22420
2290 29140
2296 3880
2297 6020
2300 4460
2303 23880
2304 26380
2308 9920
2312 2680
2313 28540
2314 47500
2330 6260
2336 29140
2337 8580
2340 7180
2343 3760
2344 7680
2348 12540
2352 4400
2353 6020
2354 19800
2370 8280
2376 6260
2377 5100
2380 6540
2383 4520
2384 8200
2388 10100
2392 3660
2393 8580
2394 6180
2410 5580
2416 8280
2417 16740
2420 23960
2423 4560
2424 6460
2428 43760
2432 25840
2433 5100
2434 11640
2450 24420
2456 5580
2457 5460
2460 6620
2463 22420
2464 23680
2468 11240
2472 48580
2473 16740
2474 7180
2490 5740
2496 24420
2497 5360
2500 6200
2503 4260
2504 6320
2508 12220
2512 23300
2513 5460
2514 13140
2530 7460
2536 5740
2537 3560
2540 3880
2543 2900
2544 7740
2548 8320
2552 7500
2553 5360
2554 89140
2570 5040
2576 7460
2577 19800
2580 29140
2583 2140
2584 6160
2588 53340
2592 26080
2593 3560
2594 31880
2610 9180
2616 5040
2617 4620
2620 6260
2623 6780
2624 40040
2628 10720
2632 8780
2633 19800
2634 8520
2650 5140
2656 9180
2657 6020
2660 8280
2663 3220
2664 8020
2668 15460
2672 13820
2673 4620
2674 22780
2690 6380
2696 5140
2697 4440
2700 5580
2703 3660
2704 10800
2708 12120
2712 6320
2713 6020
2714 7780
2730 114340
2736 6380
2737 24200
2740 24420
2743 85500
2744 7120
2748 48380
2752 27220
2753 4440
2754 21140
2770 26100
2776 114340
2777 4460
2780 5740
2783 28540
2784 47060
2788 12360
2792 6260
2793 24200
2794 9120
2810 6000
2816 26100
2817 7180
2820 7460
2823 6020
2824 10160
2828 13660
2832 18720
2833 4460
2834 31200
2850 9080
2856 6000
2857 6540
2860 5040
2863 8580
2864 10740
2868 8920
2872 7240
2873 7180
2874 8900
2890 5860
2896 52320
2897 23960
2900 9180
2903 5100
2904 6140
2908 38320
2912 26820
2913 6540
2914 26200
2930 23580
2936 22760
2937 6620
2940 5140
2943 16740
2944 45100
2948 11400
2952 7920
2953 23960
2954 8080
2970 6480
2976 27620
2977 6200
2980 6380
2983 5460
2984 8580
2988 14660
2992 28740
2993 6620
2994 14854
