0 0
184 43240
224 16900
264 4040
304 4860
344 3960
355 43240
384 9480
395 16900
424 3640
435 4040
464 3340
470 43240
475 4860
504 2500
510 16900
515 3960
544 14200
550 4040
555 9480
584 2680
590 4860
595 3640
624 4400
630 3960
635 3340
656 43240
664 3660
670 9480
675 2500
696 16900
704 25840
710 3640
715 14200
736 4040
744 5340
750 3340
755 2680
776 4860
784 6400
790 2500
795 4400
816 3960
824 3460
830 14200
835 3660
854 43240
856 9480
864 21220
870 2680
875 25840
894 16900
896 3640
904 4820
910 4400
915 5340
934 4040
936 3340
944 4340
950 3660
955 6400
974 4860
976 2500
984 2680
990 25840
995 3460
1014 3960
1016 14200
1024 23880
1030 5340
1035 21220
1054 9480
1056 2680
1064 3760
1070 6400
1075 4820
1094 3640
1096 4400
1104 4520
1110 3460
1115 4340
1134 3340
1136 3660
1144 4560
1150 21220
1155 2680
1174 2500
1176 25840
1184 22420
1190 4820
1195 23880
1214 14200
1216 5340
1224 4260
1230 4340
1235 3760
1254 2680
1256 6400
1264 2900
1270 2680
1275 4520
1294 4400
1296 3460
1304 2140
1310 23880
1315 4560
1334 3660
1336 21220
1344 6780
1350 3760
1355 22420
1374 25840
1376 4820
1384 3220
1390 4520
1395 4260
1414 5340
1416 4340
1424 3660
1430 4560
1435 2900
1454 6400
1456 2680
1464 85500
1470 22420
1475 2140
1491 43240
1494 3460
1496 23880
1504 28540
1510 4260
1515 6780
1524 43240
1531 16900
1534 21220
1536 3760
1544 6020
1550 2900
1555 3220
1564 16900
1571 4040
1574 4820
1576 4520
1584 8580
1590 2140
1595 3660
1604 4040
1611 4860
1614 4340
1616 4560
1624 5100
1630 6780
1635 85500
1644 4860
1651 3960
1654 2680
1656 22420
1664 16740
1670 3220
1675 28540
1684 3960
1691 9480
1694 23880
1696 4260
1704 5460
1710 3660
1715 6020
1724 9480
1731 3640
1734 3760
1736 2900
1744 5360
1750 85500
1755 8580
1764 3640
1771 3340
1774 4520
1776 2140
1784 3560
1790 28540
1795 5100
1804 3340
1811 2500
1814 4560
1816 6780
1824 19800
1830 6020
1835 16740
1844 2500
1851 14200
1854 22420
1856 3220
1864 4620
1870 8580
1875 5460
1884 14200
1891 2680
1894 4260
1896 3660
1904 6020
1910 5100
1915 5360
1924 2680
1931 4400
1934 2900
1936 85500
1944 4440
1950 16740
1955 3560
1964 4400
1971 3660
1974 2140
1976 28540
1984 24200
1990 5460
1995 19800
2004 3660
2011 25840
2014 6780
2016 6020
2024 4460
2030 5360
2035 4620
2044 25840
2051 5340
2054 3220
2056 8580
2057 43240
2064 7180
2070 3560
2075 6020
2084 5340
2091 6400
2094 3660
2096 5100
2097 16900
2104 6540
2110 19800
2115 4440
2124 6400
2131 3460
2134 85500
2136 16740
2137 4040
2144 23960
2150 4620
2155 24200
2164 3460
2171 21220
2174 28540
2176 5460
2177 4860
2184 6620
2190 6020
2195 4460
2204 21220
2211 4820
2214 6020
2216 5360
2217 3960
2224 6200
2230 4440
2235 7180
2244 4820
2251 4340
2254 8580
2256 3560
2257 9480
2264 3880
2270 24200
2275 6540
2284 4340
2291 2680
2294 5100
2296 19800
2297 3640
2304 29140
2310 4460
2315 23960
2324 2680
2331 23880
2334 16740
2336 4620
2337 3340
2344 6260
2350 7180
2355 6620
2364 23880
2371 3760
2374 5460
2376 6020
2377 2500
2384 8280
2390 6540
2395 6200
2404 3760
2411 4520
2414 5360
2416 4440
2417 14200
2424 5580
2430 23960
2435 3880
2443 43240
2444 4520
2451 4560
2454 3560
2456 24200
2457 2680
2464 24420
2470 6620
2475 29140
2483 16900
2484 4560
2491 22420
2494 19800
2496 4460
2497 4400
2504 5740
2510 6200
2515 6260
2523 4040
2524 22420
2531 4260
2534 4620
2536 7180
2537 3660
2544 7460
2550 3880
2555 8280
2563 4860
2564 4260
2571 2900
2574 6020
2576 6540
2577 25840
2584 5040
2590 29140
2595 5580
2603 3960
2604 2900
2611 2140
2614 4440
2616 23960
2617 5340
2624 9180
2630 6260
2635 24420
2643 9480
2644 2140
2651 6780
2654 24200
2656 6620
2657 6400
2664 5140
2670 8280
2675 5740
2683 3640
2684 50020
2691 3220
2694 4460
2696 6200
2697 3460
2704 6380
2710 5580
2715 7460
2723 3340
2724 20120
2731 3660
2734 7180
2736 3880
2737 21220
2744 114340
2750 24420
2755 5040
2763 2500
2764 7700
2771 85500
2774 6540
2776 29140
2777 4820
2784 26100
2790 5740
2795 9180
2803 14200
2804 90360
2811 28540
2814 23960
2816 6260
2817 4340
2824 6000
2830 7460
2835 5140
2843 2680
2844 32500
2851 6020
2854 6620
2856 8280
2857 2680
2864 9080
2870 5040
2875 6380
2883 4400
2884 15500
2891 8580
2894 6200
2896 5580
2897 23880
2904 5860
2910 9180
2915 114340
2923 3660
2924 12220
2931 5100
2934 3880
2936 24420
2937 3760
2944 23580
2950 5140
2955 26100
2963 25840
2964 8440
2971 16740
2974 29140
2976 5740
2977 4520
