0 0
104 43240
144 16900
184 4040
217 43240
224 4860
257 16900
264 3960
297 4040
304 9480
337 4860
344 3640
377 3960
384 3340
417 9480
424 2500
457 3640
464 14200
497 3340
504 2680
537 2500
544 4400
568 43240
577 14200
584 3660
608 16900
617 2680
624 25840
648 4040
657 4400
664 5340
688 4860
697 3660
704 6400
728 3960
737 25840
744 3460
768 9480
777 5340
784 21220
808 3640
817 6400
824 4820
848 3340
857 3460
864 4340
888 2500
897 21220
904 2680
928 14200
937 4820
944 23880
968 2680
977 4340
984 3760
1008 4400
1017 2680
1024 4520
1048 3660
1057 23880
1064 4560
1088 25840
1097 3760
1104 22420
1128 5340
1137 4520
1144 4260
1168 6400
1177 4560
1184 2900
1208 3460
1217 22420
1224 2140
1248 21220
1257 4260
1264 6780
1288 4820
1291 43240
1297 2900
1304 3220
1328 4340
1331 16900
1337 2140
1344 3660
1368 2680
1371 4040
1377 6780
1384 85500
1408 23880
1411 4860
1417 3220
1424 28540
1448 3760
1451 3960
1457 3660
1464 6020
1488 4520
1491 9480
1497 85500
1504 8580
1505 43240
1528 4560
1531 3640
1537 28540
1544 5100
1545 16900
1568 22420
1571 3340
1577 6020
1584 16740
1585 4040
1608 4260
1611 2500
1617 8580
1624 5460
1625 4860
1648 2900
1651 14200
1657 5100
1662 43240
1664 5360
1665 3960
1688 2140
1691 2680
1697 16740
1702 16900
1704 3560
1705 9480
1728 6780
1731 4400
1737 5460
1742 4040
1744 19800
1745 3640
1763 43240
1768 3220
1771 3660
1777 5360
1782 4860
1784 4620
1785 3340
1803 16900
1808 3660
1811 25840
1817 3560
1822 3960
1824 6020
1825 2500
1843 4040
1848 85500
1851 5340
1857 19800
1862 9480
1864 4440
1865 14200
1883 4860
1888 28540
1891 6400
1897 4620
1902 3640
1904 24200
1905 2680
1923 3960
1928 6020
1931 3460
1937 6020
1942 3340
1944 4460
1945 4400
1963 9480
1968 8580
1971 21220
1977 4440
1982 2500
1984 7180
1985 3660
2003 3640
2008 5100
2011 4820
2017 24200
2022 14200
2024 6540
2025 25840
2043 3340
2048 16740
2051 4340
2057 4460
2062 2680
2064 23960
2065 5340
2083 2500
2088 5460
2091 2680
2097 7180
2102 4400
2104 6620
2105 6400
2123 14200
2128 5360
2131 23880
2137 6540
2142 3660
2144 6200
2145 3460
2163 2680
2168 3560
2171 3760
2177 23960
2182 25840
2184 3880
2185 21220
2203 4400
2208 19800
2211 4520
2217 6620
2222 5340
2224 29140
2225 4820
2243 3660
2248 4620
2251 4560
2257 6200
2262 6400
2264 6260
2265 4340
2283 25840
2288 6020
2291 22420
2297 3880
2302 3460
2304 8280
2305 2680
2323 5340
2328 4440
2331 4260
2337 29140
2342 21220
2344 5580
2345 23880
2363 6400
2368 24200
2371 2900
2377 6260
2382 4820
2384 24420
2385 3760
2403 3460
2408 4460
2411 2140
2417 8280
2421 43240
2422 4340
2424 5740
2425 4520
2443 21220
2448 7180
2451 6780
2457 5580
2461 16900
2462 2680
2464 7460
2465 4560
2483 4820
2488 6540
2491 3220
2497 24420
2501 4040
2502 23880
2504 5040
2505 22420
2523 4340
2528 23960
2531 3660
2537 5740
2541 4860
2542 3760
2544 9180
2545 4260
2563 2680
2568 6620
2571 85500
2577 7460
2581 3960
2582 4520
2584 5140
2585 2900
2603 23880
2608 6200
2611 28540
2617 5040
2618 43240
2621 9480
2622 4560
2624 6380
2625 2140
2643 3760
2648 3880
2651 6020
2657 9180
2658 16900
2661 3640
2662 22420
2664 114340
2665 6780
2683 4520
2688 29140
2691 8580
2697 5140
2698 4040
2701 3340
2702 4260
2704 26100
2705 3220
2723 4560
2728 6260
2731 5100
2737 6380
2738 4860
2741 2500
2742 2900
2744 6000
2745 3660
2755 43240
2763 22420
2768 8280
2771 16740
2777 114340
2778 3960
2781 14200
2782 2140
2784 9080
2785 85500
2795 16900
2803 4260
2808 5580
2811 5460
2817 26100
2818 9480
2821 2680
2822 6780
2824 5860
2825 28540
2835 4040
2843 2900
2848 24420
2851 5360
2857 6000
2858 3640
2861 4400
2862 3220
2864 23580
2865 6020
2875 4860
2883 2140
2888 5740
2891 3560
2897 9080
2898 3340
2901 3660
2902 3660
2904 6480
2905 8580
2915 3960
2923 6780
2928 7460
2931 19800
2937 5860
2938 2500
2941 25840
2942 85500
2944 9400
2945 5100
2955 9480
2963 3220
2968 5040
2971 4620
2977 23580
2978 14200
2981 5340
2982 28540
2984 7200
