0 0
583 43240
600 43240
623 16900
640 16900
662 43240
663 4040
680 4040
698 43240
702 16900
703 4860
720 4860
738 16900
742 4040
743 3960
760 3960
778 4040
780 43240
782 4860
783 9480
800 9480
818 4860
820 16900
822 3960
823 3640
840 3640
858 3960
860 4040
862 9480
863 3340
880 3340
898 9480
900 4860
902 3640
903 2500
920 2500
938 3640
940 3960
942 3340
943 14200
960 14200
978 3340
980 9480
982 2500
983 2680
1000 2680
1018 2500
1020 3640
1022 14200
1023 4400
1040 4400
1058 14200
1060 3340
1062 2680
1063 3660
1080 3660
1098 2680
1100 2500
1102 4400
1103 25840
1120 25840
1138 4400
1140 14200
1142 3660
1143 5340
1160 5340
1178 3660
1180 2680
1182 25840
1183 6400
1200 6400
1218 25840
1220 4400
1222 5340
1223 3460
1240 3460
1258 5340
1260 3660
1262 6400
1263 21220
1280 21220
1298 6400
1300 25840
1302 3460
1303 4820
1320 4820
1338 3460
1340 5340
1342 21220
1343 4340
1360 4340
1378 21220
1380 6400
1382 4820
1383 2680
1400 2680
1418 4820
1420 3460
1421 43240
1422 4340
1423 23880
1440 23880
1458 4340
1460 21220
1461 16900
1462 2680
1463 3760
1480 3760
1498 2680
1500 4820
1501 4040
1502 23880
1503 4520
1520 4520
1538 23880
1540 4340
1541 4860
1542 3760
1543 4560
1560 4560
1578 3760
1580 2680
1581 3960
1582 4520
1583 22420
1600 22420
1618 4520
1620 23880
1621 9480
1622 4560
1623 4260
1640 4260
1658 4560
1660 3760
1661 3640
1662 22420
1663 2900
1680 2900
1698 22420
1700 4520
1701 3340
1702 4260
1703 2140
1720 2140
1738 4260
1740 4560
1741 2500
1742 2900
1743 6780
1760 6780
1778 2900
1780 22420
1781 14200
1782 2140
1783 3220
1800 3220
1818 2140
1820 4260
1821 2680
1822 6780
1823 3660
1840 3660
1858 6780
1860 2900
1861 4400
1862 3220
1863 85500
1880 85500
1898 3220
1900 2140
1901 3660
1902 3660
1903 28540
1920 28540
1938 3660
1940 6780
1941 25840
1942 85500
1943 6020
1960 6020
1978 85500
1980 3220
1981 5340
1982 28540
1983 8580
2000 8580
2018 28540
2020 3660
2021 6400
2022 6020
2023 5100
2040 5100
2058 6020
2060 85500
2061 3460
2062 8580
2063 16740
2075 43240
2080 16740
2098 8580
2100 28540
2101 21220
2102 5100
2103 5460
2115 16900
2120 5460
2138 5100
2140 6020
2141 4820
2142 16740
2143 5360
2155 4040
2160 5360
2178 16740
2180 8580
2181 4340
2182 5460
2183 3560
2195 4860
2200 3560
2210 43240
2218 5460
2220 5100
2221 2680
2222 5360
2223 19800
2235 3960
2240 19800
2250 16900
2258 5360
2260 16740
2261 23880
2262 3560
2263 4620
2275 9480
2280 4620
2290 4040
2298 3560
2300 5460
2301 3760
2302 19800
2303 6020
2315 3640
2320 6020
2330 4860
2338 19800
2340 5360
2341 4520
2342 4620
2343 4440
2355 3340
2360 4440
2370 3960
2378 4620
2380 3560
2381 4560
2382 6020
2383 24200
2395 2500
2400 24200
2410 9480
2418 6020
2420 19800
2421 22420
2422 4440
2423 4460
2435 14200
2440 4460
2450 3640
2458 4440
2460 4620
2461 4260
2462 24200
2463 7180
2475 2680
2480 7180
2490 3340
2498 67440
2500 6020
2501 2900
2502 4460
2503 6540
2515 4400
2520 6540
2530 2500
2538 21360
2540 4440
2541 2140
2542 7180
2543 23960
2555 3660
2560 23960
2570 14200
2578 11220
2580 24200
2581 6780
2582 6540
2583 6620
2595 25840
2600 6620
2610 2680
2618 11400
2620 4460
2621 3220
2622 23960
2623 6200
2635 5340
2640 6200
2650 4400
2658 27920
2660 7180
2661 3660
2662 6620
2663 3880
2675 6400
2680 3880
2690 3660
2698 16100
2700 6540
2701 85500
2702 6200
2703 29140
2715 3460
2720 29140
2730 25840
2738 9840
2740 23960
2741 28540
2742 3880
2743 6260
2755 21220
2760 6260
2770 5340
2778 7220
2780 6620
2781 6020
2782 29140
2783 8280
2795 4820
2800 8280
2810 6400
2818 31640
2820 6200
2821 8580
2822 6260
2823 5580
2835 4340
2840 5580
2850 3460
2858 20460
2860 47120
2861 5100
2862 8280
2863 24420
2875 2680
2880 24420
2890 21220
2898 10960
2900 46040
2901 16740
2902 5580
2903 5740
2913 43240
2915 23880
2920 5740
2930 4820
2938 9980
2940 10300
2941 5460
2942 24420
2943 7460
2953 16900
2955 3760
2960 7460
2970 4340
2978 28080
