0 0
274 43240
314 16900
354 4040
394 4860
434 3960
453 43240
474 9480
481 43240
493 16900
514 3640
521 16900
533 4040
554 3340
561 4040
573 4860
594 2500
601 4860
613 3960
634 14200
641 3960
653 9480
674 2680
681 9480
693 3640
714 4400
721 3640
733 3340
740 43240
754 3660
761 3340
773 2500
780 16900
794 25840
801 2500
813 14200
820 4040
834 5340
841 14200
853 2680
860 4860
874 6400
881 2680
893 4400
900 3960
914 3460
921 4400
933 3660
940 9480
954 21220
961 3660
973 25840
980 3640
994 4820
1001 25840
1013 5340
1020 3340
1034 4340
1041 5340
1053 6400
1060 2500
1074 2680
1081 6400
1093 3460
1100 14200
1114 23880
1121 3460
1133 21220
1140 2680
1154 3760
1161 21220
1173 4820
1180 4400
1194 4520
1201 4820
1213 4340
1220 3660
1234 4560
1241 4340
1253 2680
1260 25840
1274 22420
1281 2680
1293 23880
1300 5340
1314 4260
1321 23880
1331 43240
1333 3760
1340 6400
1354 2900
1361 3760
1371 16900
1373 4520
1380 3460
1394 2140
1401 4520
1411 4040
1413 4560
1420 21220
1434 6780
1441 4560
1451 4860
1453 22420
1460 4820
1474 3220
1481 22420
1491 3960
1493 4260
1500 4340
1514 3660
1521 4260
1531 9480
1533 2900
1540 45920
1554 85500
1561 2900
1571 3640
1573 2140
1580 40780
1594 28540
1601 2140
1611 3340
1613 6780
1620 7800
1634 6020
1641 6780
1651 2500
1653 3220
1660 9380
1674 8580
1681 3220
1691 14200
1693 3660
1700 8520
1714 5100
1721 3660
1731 2680
1733 85500
1740 31900
1754 16740
1761 85500
1771 4400
1773 28540
1780 7900
1794 5460
1801 28540
1811 3660
1813 6020
1816 43240
1820 6240
1834 5360
1841 6020
1851 25840
1853 8580
1856 16900
1860 4640
1874 3560
1881 8580
1891 5340
1893 5100
1896 4040
1900 20980
1914 19800
1921 5100
1931 6400
1933 16740
1936 4860
1940 5900
1954 4620
1961 16740
1971 3460
1973 5460
1976 3960
1980 8060
1994 6020
2001 5460
2011 21220
2013 5360
2016 9480
2020 89160
2034 4440
2041 5360
2051 4820
2053 3560
2056 3640
2060 54380
2074 24200
2081 3560
2091 4340
2093 19800
2096 3340
2100 11360
2114 4460
2121 19800
2131 2680
2133 4620
2136 2500
2140 14980
2154 7180
2161 4620
2171 23880
2173 6020
2176 14200
2180 8560
2194 6540
2201 6020
2211 3760
2213 4440
2216 2680
2220 37960
2234 23960
2241 4440
2251 4520
2253 24200
2256 4400
2260 10280
2274 6620
2281 24200
2291 4560
2293 4460
2296 3660
2300 9700
2314 6200
2321 4460
2331 22420
2333 7180
2336 25840
2340 6240
2354 3880
2361 7180
2371 4260
2373 6540
2376 5340
2380 43680
2394 29140
2401 6540
2411 2900
2413 23960
2416 6400
2420 8380
2434 6260
2441 23960
2451 2140
2453 6620
2456 3460
2460 10540
2474 8280
2480 43240
2481 6620
2491 6780
2493 6200
2496 21220
2500 9000
2514 5580
2520 16900
2521 6200
2531 3220
2533 3880
2536 4820
2540 46620
2554 24420
2560 4040
2561 3880
2571 3660
2573 29140
2576 4340
2580 8720
2594 5740
2600 4860
2601 29140
2611 85500
2613 6260
2616 2680
2620 10080
2634 7460
2640 3960
2641 6260
2651 28540
2653 8280
2656 23880
2660 8680
2674 5040
2680 9480
2681 8280
2691 6020
2693 5580
2696 3760
2700 30740
2714 9180
2720 3640
2721 5580
2731 8580
2733 24420
2736 4520
2740 9840
2754 5140
2760 3340
2761 24420
2771 5100
2773 5740
2776 4560
2780 9860
2791 43240
2794 6380
2800 2500
2801 5740
2811 16740
2813 7460
2816 22420
2820 89380
2831 16900
2834 114340
2840 14200
2841 7460
2851 5460
2853 5040
2856 4260
2860 57680
2871 4040
2874 26100
2880 2680
2881 48280
2891 5360
2893 9180
2896 2900
2900 12280
2911 4860
2914 6000
2920 4400
2921 26080
2931 3560
2933 5140
2936 2140
2940 16860
2951 3960
2954 9080
2960 3660
2961 9180
2971 19800
2973 6380
2976 6780
2980 10680
2991 9480
2994 4395
