0 0
174 43240
214 16900
254 4040
294 4860
314 43240
334 3960
354 16900
374 9480
394 4040
414 3640
434 4860
454 3340
474 3960
494 2500
507 43240
514 9480
531 43240
534 14200
547 16900
554 3640
571 16900
574 2680
587 4040
594 3340
611 4040
614 4400
627 48100
634 2500
651 4860
654 3660
667 20860
674 14200
691 3960
694 25840
707 13520
714 2680
731 9480
734 5340
747 8500
754 4400
771 3640
774 6400
787 7300
794 3660
811 3340
814 3460
827 11980
834 25840
851 2500
854 21220
867 17840
874 5340
891 14200
894 4820
907 6020
914 6400
931 2680
934 4340
947 6900
954 3460
971 4400
974 2680
987 17860
994 21220
1011 3660
1014 23880
1027 28520
1034 4820
1051 25840
1054 3760
1067 9740
1074 4340
1091 5340
1094 4520
1107 10060
1114 2680
1131 6400
1134 4560
1147 29300
1154 23880
1171 3460
1174 22420
1187 26560
1194 3760
1211 21220
1214 4260
1227 11220
1234 4520
1251 4820
1254 2900
1257 43240
1267 7800
1274 4560
1291 4340
1294 2140
1297 16900
1307 23900
1314 22420
1331 2680
1334 6780
1337 4040
1347 28700
1354 4260
1371 23880
1374 3220
1377 4860
1387 8100
1394 2900
1411 3760
1414 3660
1417 3960
1427 7200
1434 2140
1451 4520
1454 85500
1457 9480
1467 28440
1471 43240
1474 6780
1491 4560
1494 28540
1497 3640
1507 26180
1511 16900
1514 3220
1531 22420
1534 6020
1537 3340
1547 8780
1551 4040
1554 3660
1571 4260
1574 8580
1577 2500
1587 7460
1591 4860
1594 85500
1611 2900
1614 5100
1617 14200
1627 24560
1631 3960
1634 28540
1651 2140
1654 16740
1657 2680
1660 43240
1667 11040
1671 9480
1674 6020
1691 6780
1694 5460
1697 4400
1700 16900
1707 6120
1711 3640
1714 8580
1731 3220
1734 5360
1737 3660
1740 4040
1747 5800
1751 3340
1754 5100
1771 3660
1774 3560
1777 25840
1780 4860
1787 92280
1791 2500
1794 16740
1811 85500
1814 19800
1817 5340
1820 3960
1827 31760
1831 14200
1834 5460
1851 28540
1854 4620
1857 6400
1860 9480
1867 9680
1871 2680
1874 5360
1891 6020
1894 6020
1897 3460
1900 3640
1907 94080
1911 4400
1914 3560
1931 8580
1934 4440
1937 21220
1940 3340
1947 33640
1951 3660
1954 19800
1971 5100
1974 24200
1977 4820
1980 2500
1987 22760
1991 25840
1994 4620
2011 16740
2014 4460
2017 4340
2020 14200
2027 14040
2031 5340
2034 6020
2051 5460
2054 7180
2057 2680
2060 2680
2067 10460
2071 6400
2074 4440
2078 43240
2091 5360
2094 6540
2097 23880
2100 4400
2107 20300
2111 3460
2114 24200
2118 16900
2131 3560
2134 23960
2137 3760
2140 3660
2147 25260
2151 21220
2152 43240
2154 4460
2158 4040
2171 19800
2174 6620
2177 4520
2180 25840
2187 9980
2191 4820
2192 16900
2194 7180
2198 4860
2202 43240
2211 4620
2214 6200
2217 4560
2220 5340
2227 9580
2231 4340
2232 4040
2234 6540
2238 3960
2242 16900
2251 6020
2254 3880
2257 22420
2260 6400
2267 24240
2271 2680
2272 4860
2274 23960
2278 9480
2282 4040
2291 4440
2294 29140
2297 4260
2300 3460
2307 28820
2311 23880
2312 3960
2314 6620
2318 3640
2322 4860
2331 24200
2334 6260
2337 2900
2340 21220
2347 10480
2350 43240
2351 3760
2352 9480
2354 6200
2358 3340
2362 3960
2371 4460
2374 8280
2377 2140
2380 4820
2387 11620
2390 16900
2391 4520
2392 3640
2394 3880
2398 2500
2402 9480
2411 7180
2414 5580
2417 6780
2420 4340
2427 30740
2430 4040
2431 4560
2432 3340
2434 29140
2438 14200
2442 3640
2451 6540
2454 24420
2457 3220
2460 2680
2467 28420
2470 4860
2471 22420
2472 2500
2474 49500
2478 2680
2482 3340
2491 23960
2494 5740
2497 3660
2500 23880
2507 13800
2510 3960
2511 4260
2512 14200
2514 25180
2518 4400
2522 2500
2531 6620
2534 7460
2537 85500
2540 3760
2547 12740
2550 9480
2551 2900
2552 2680
2554 9620
2558 3660
2562 14200
2571 6200
2574 5040
2577 28540
2580 4520
2587 27840
2590 3640
2591 2140
2592 4400
2594 29280
2598 25840
2602 2680
2607 43240
2611 3880
2614 9180
2617 6020
2620 4560
2627 35760
2630 3340
2631 6780
2632 3660
2634 9700
2638 5340
2642 4400
2647 16900
2651 29140
2654 5140
2657 8580
2660 22420
2667 12460
2670 2500
2671 3220
2672 25840
2674 16940
2678 6400
2682 3660
2687 4040
2691 6260
2694 6380
2697 5100
2700 4260
2707 12160
2710 14200
2711 3660
2712 5340
2714 8680
2718 3460
2721 43240
2722 25840
2727 4860
2731 8280
2734 114340
2737 16740
2740 2900
2747 34720
2750 2680
2751 85500
2752 6400
2753 43240
2754 12520
2758 21220
2761 16900
2762 5340
2767 3960
2771 5580
2774 26100
2777 5460
2780 2140
2787 30680
2790 4400
2791 28540
2792 3460
2793 16900
2794 7640
2798 4820
2801 4040
2802 6400
2807 9480
2811 24420
2814 6000
2817 5360
2820 6780
2827 14020
2830 3660
2831 6020
2832 21220
2833 4040
2834 20580
2838 4340
2841 4860
2842 3460
2847 3640
2851 5740
2854 9080
2857 3560
2860 3220
2867 13040
2870 25840
2871 8580
2872 4820
2873 4860
2874 117020
2878 2680
2881 3960
2882 21220
2887 3340
2891 7460
2894 5860
2897 19800
2900 3660
2907 29460
2910 5340
2911 5100
2912 4340
2913 3960
2914 30500
2918 23880
2921 9480
2922 4820
2927 2500
2931 5040
2934 23580
2937 4620
2940 85500
2947 14920
2950 6400
2951 16740
2952 2680
2953 9480
2954 9660
2958 3760
2961 3640
2962 4340
2967 14200
2971 9180
2972 43240
2974 6480
2977 6020
2980 28540
2987 12600
2990 3460
2991 5460
2992 23880
2993 3640
