0 0
222 43240
262 16900
302 4040
342 4860
382 3960
422 9480
462 3640
502 3340
542 2500
582 14200
617 43240
622 2680
623 43240
657 16900
662 4400
663 16900
697 4040
702 3660
703 4040
737 4860
742 25840
743 4860
777 3960
782 5340
783 3960
817 9480
822 6400
823 9480
844 43240
857 3640
862 3460
863 3640
884 16900
897 3340
902 21220
903 3340
924 4040
937 2500
942 4820
943 2500
963 43240
964 4860
977 14200
982 4340
983 14200
1003 16900
1004 3960
1017 2680
1022 2680
1023 2680
1043 4040
1044 9480
1057 4400
1062 23880
1063 4400
1083 4860
1084 3640
1097 3660
1099 43240
1102 3760
1103 3660
1123 3960
1124 3340
1137 25840
1139 16900
1142 4520
1143 25840
1146 43240
1163 9480
1164 2500
1177 5340
1179 4040
1182 4560
1183 5340
1186 16900
1203 3640
1204 14200
1217 6400
1219 4860
1222 22420
1223 6400
1226 4040
1243 3340
1244 2680
1257 3460
1259 3960
1262 4260
1263 3460
1266 4860
1283 2500
1284 4400
1297 21220
1299 9480
1302 2900
1303 21220
1306 3960
1323 14200
1324 3660
1337 4820
1339 3640
1342 2140
1343 4820
1346 9480
1363 2680
1364 25840
1377 4340
1379 3340
1382 6780
1383 4340
1386 3640
1403 4400
1404 5340
1417 2680
1419 2500
1422 3220
1423 2680
1426 3340
1443 3660
1444 6400
1457 23880
1459 14200
1462 3660
1463 23880
1466 2500
1483 25840
1484 3460
1497 3760
1499 2680
1502 85500
1503 3760
1506 14200
1523 5340
1524 21220
1537 4520
1539 4400
1542 28540
1543 4520
1546 2680
1563 6400
1564 4820
1577 4560
1579 3660
1582 6020
1583 4560
1586 4400
1603 3460
1604 4340
1617 22420
1619 25840
1622 8580
1623 22420
1626 3660
1643 21220
1644 2680
1657 4260
1659 5340
1662 5100
1663 4260
1666 25840
1683 4820
1684 23880
1697 2900
1699 6400
1702 16740
1703 2900
1706 5340
1723 4340
1724 3760
1731 43240
1737 2140
1739 3460
1742 5460
1743 2140
1746 6400
1763 2680
1764 4520
1771 16900
1777 6780
1779 21220
1782 5360
1783 6780
1786 3460
1803 23880
1804 4560
1811 4040
1817 3220
1819 4820
1822 3560
1823 3220
1826 21220
1843 3760
1844 22420
1851 4860
1857 3660
1859 4340
1862 19800
1863 3660
1866 4820
1883 4520
1884 4260
1891 3960
1897 85500
1899 2680
1902 4620
1903 128740
1906 4340
1923 4560
1924 2900
1931 9480
1937 28540
1939 23880
1942 6020
1943 45440
1946 2680
1963 22420
1964 2140
1971 3640
1977 6020
1979 3760
1982 4440
1983 10060
1986 23880
2003 4260
2004 6780
2011 3340
2017 8580
2019 4520
2022 24200
2023 13440
2026 3760
2043 2900
2044 3220
2051 2500
2057 5100
2059 4560
2062 4460
2063 9060
2066 4520
2083 2140
2084 3660
2091 14200
2097 16740
2099 22420
2102 7180
2103 26220
2106 4560
2123 6780
2124 85500
2131 2680
2137 5460
2139 4260
2142 6540
2143 9100
2146 22420
2163 3220
2164 28540
2171 4400
2177 5360
2179 2900
2182 23960
2183 8700
2186 4260
2203 3660
2204 6020
2211 3660
2217 3560
2219 2140
2222 6620
2223 6060
2226 2900
2243 85500
2244 8580
2251 25840
2257 19800
2259 6780
2262 6200
2263 34000
2266 2140
2283 28540
2284 5100
2291 5340
2297 4620
2299 3220
2302 3880
2303 7300
2306 6780
2323 6020
2324 16740
2331 6400
2337 6020
2339 3660
2342 29140
2343 10420
2346 3220
2363 8580
2364 5460
2371 3460
2377 4440
2379 85500
2382 6260
2383 8100
2386 3660
2403 5100
2404 5360
2411 21220
2417 24200
2419 28540
2422 8280
2423 50040
2426 85500
2443 16740
2444 3560
2451 4820
2457 4460
2459 6020
2462 5580
2463 9800
2466 28540
2483 5460
2484 19800
2491 4340
2497 7180
2499 8580
2502 24420
2503 13580
2506 6020
2523 5360
2524 4620
2531 2680
2537 6540
2539 5100
2542 5740
2543 10000
2546 8580
2563 3560
2564 6020
2571 23880
2577 23960
2579 16740
2582 7460
2583 45180
2586 5100
2603 19800
2604 4440
2611 3760
2617 6620
2619 5460
2622 5040
2623 11440
2626 16740
2643 4620
2644 24200
2651 4520
2657 6200
2659 5360
2662 9180
2663 10540
2666 5460
2683 6020
2684 4460
2691 4560
2697 3880
2699 3560
2702 5140
2703 6560
2706 5360
2723 4440
2724 7180
2731 22420
2737 29140
2739 19800
2742 6380
2743 53020
2746 3560
2763 24200
2764 6540
2771 4260
2777 6260
2779 4620
2782 114340
2783 10020
2786 19800
2803 4460
2804 23960
2811 2900
2817 8280
2819 6020
2822 26100
2823 12800
2826 4620
2843 7180
2844 6620
2851 2140
2857 5580
2859 4440
2862 6000
2863 10140
2866 6020
2883 6540
2884 6200
2891 6780
2897 24420
2899 24200
2902 9080
2903 46840
2906 4440
2923 23960
2924 3880
2931 3220
2937 5740
2939 4460
2942 5860
2943 10000
2946 24200
2963 6620
2964 29140
2971 3660
2977 50700
2979 7180
2982 23580
2983 4392
