0 0
260 43240
283 43240
300 16900
323 16900
340 4040
363 4040
380 4860
403 4860
420 3960
442 43240
443 3960
451 43240
460 9480
482 16900
483 9480
491 16900
500 3640
505 43240
522 4040
523 3640
531 4040
540 3340
545 16900
562 4860
563 3340
571 4860
580 2500
585 4040
602 3960
603 2500
611 3960
620 14200
625 4860
642 9480
643 14200
651 9480
660 2680
665 3960
682 3640
683 2680
691 3640
700 4400
705 9480
722 3340
723 4400
731 3340
740 3660
745 3640
762 2500
763 3660
771 2500
780 25840
785 3340
802 14200
803 25840
811 14200
820 5340
825 2500
835 43240
842 2680
843 5340
851 2680
860 6400
865 14200
875 16900
882 4400
883 6400
891 4400
900 3460
905 2680
915 4040
922 3660
923 3460
931 3660
940 21220
945 4400
955 4860
962 25840
963 21220
971 25840
980 4820
985 3660
995 3960
1002 5340
1003 4820
1011 5340
1020 4340
1025 25840
1035 9480
1042 6400
1043 4340
1051 6400
1060 2680
1065 5340
1075 3640
1082 3460
1083 2680
1091 3460
1100 23880
1105 6400
1115 3340
1122 21220
1123 23880
1131 21220
1140 3760
1145 3460
1155 2500
1162 4820
1163 3760
1171 4820
1180 4520
1185 21220
1195 14200
1202 4340
1203 4520
1211 4340
1220 4560
1225 4820
1235 2680
1242 2680
1243 4560
1251 2680
1260 22420
1265 4340
1275 4400
1282 23880
1283 22420
1291 23880
1300 4260
1305 2680
1315 3660
1322 3760
1323 4260
1331 3760
1340 2900
1345 23880
1355 25840
1362 4520
1363 2900
1371 4520
1380 2140
1385 3760
1395 5340
1402 4560
1403 2140
1411 4560
1420 6780
1425 4520
1435 6400
1442 22420
1443 6780
1451 22420
1460 3220
1465 4560
1468 43240
1475 3460
1482 4260
1483 3220
1491 4260
1500 3660
1505 22420
1508 16900
1515 21220
1522 2900
1523 3660
1531 2900
1540 85500
1545 4260
1548 4040
1555 4820
1562 2140
1563 85500
1571 2140
1580 28540
1585 2900
1588 4860
1595 4340
1602 6780
1603 28540
1611 6780
1620 6020
1625 2140
1628 3960
1635 2680
1642 3220
1643 6020
1651 3220
1660 8580
1665 6780
1668 9480
1675 23880
1682 3660
1683 8580
1691 3660
1700 5100
1705 3220
1708 3640
1715 3760
1722 85500
1723 5100
1731 85500
1740 16740
1745 3660
1748 3340
1755 4520
1762 28540
1763 16740
1771 28540
1780 5460
1785 85500
1788 2500
1795 4560
1802 6020
1803 5460
1811 6020
1820 5360
1821 43240
1825 28540
1828 14200
1835 22420
1842 8580
1843 5360
1851 8580
1860 3560
1861 16900
1865 6020
1868 2680
1875 4260
1882 5100
1883 3560
1891 5100
1900 19800
1901 4040
1905 8580
1908 4400
1915 2900
1922 16740
1923 19800
1931 16740
1940 4620
1941 4860
1945 5100
1948 3660
1955 2140
1962 5460
1963 4620
1971 5460
1980 6020
1981 3960
1985 16740
1988 25840
1993 43240
1995 6780
2002 5360
2003 6020
2011 5360
2020 4440
2021 9480
2025 5460
2028 5340
2033 16900
2035 3220
2042 3560
2043 4440
2051 3560
2060 24200
2061 3640
2065 5360
2068 6400
2073 4040
2075 3660
2077 43240
2082 19800
2083 24200
2091 19800
2100 4460
2101 3340
2105 3560
2108 3460
2113 4860
2115 85500
2117 16900
2122 4620
2123 4460
2131 4620
2140 7180
2141 2500
2145 19800
2148 21220
2153 3960
2155 28540
2157 4040
2162 6020
2163 7180
2171 6020
2180 6540
2181 14200
2185 4620
2188 4820
2193 9480
2195 6020
2197 4860
2202 4440
2203 6540
2211 4440
2220 23960
2221 2680
2225 6020
2228 4340
2233 3640
2235 8580
2237 3960
2242 24200
2243 23960
2251 24200
2260 6620
2261 4400
2265 4440
2268 2680
2273 3340
2275 5100
2277 9480
2282 4460
2283 6620
2291 4460
2300 6200
2301 3660
2305 24200
2308 23880
2313 2500
2315 16740
2317 3640
2322 7180
2323 6200
2331 7180
2340 3880
2341 25840
2345 4460
2348 3760
2353 14200
2355 5460
2357 3340
2362 6540
2363 3880
2371 6540
2380 29140
2381 5340
2385 7180
2388 4520
2393 2680
2395 5360
2397 2500
2402 23960
2403 29140
2411 23960
2420 6260
2421 6400
2425 6540
2428 4560
2433 4400
2435 3560
2437 14200
2442 6620
2443 6260
2451 6620
2460 8280
2461 3460
2465 23960
2468 22420
2473 3660
2475 19800
2477 2680
2482 6200
2483 8280
2491 6200
2500 5580
2501 21220
2505 6620
2508 4260
2513 25840
2515 4620
2517 4400
2522 3880
2523 5580
2531 3880
2540 24420
2541 4820
2545 6200
2548 2900
2553 5340
2555 6020
2557 3660
2562 29140
2563 24420
2571 29140
2580 5740
2581 4340
2585 3880
2588 2140
2593 6400
2595 4440
2597 25840
2602 6260
2603 5740
2611 6260
2620 7460
2621 2680
2625 29140
2628 6780
2633 3460
2635 24200
2637 5340
2642 8280
2643 7460
2651 8280
2660 5040
2661 23880
2665 6260
2668 3220
2673 21220
2675 4460
2677 6400
2682 5580
2683 5040
2691 5580
2700 9180
2701 3760
2705 8280
2708 3660
2713 4820
2715 7180
2717 3460
2722 24420
2723 9180
2731 24420
2740 5140
2741 4520
2745 5580
2748 85500
2753 4340
2755 6540
2757 21220
2762 5740
2763 5140
2771 5740
2780 6380
2781 4560
2785 24420
2788 28540
2793 2680
2795 23960
2797 4820
2802 7460
2803 6380
2811 7460
2820 114340
2821 22420
2825 5740
2828 6020
2833 23880
2835 6620
2836 43240
2837 4340
2842 5040
2843 114340
2851 5040
2860 26100
2861 4260
2865 7460
2868 8580
2873 3760
2875 6200
2876 16900
2877 2680
2882 9180
2883 26100
2891 9180
2900 6000
2901 2900
2905 5040
2908 5100
2913 4520
2915 3880
2916 4040
2917 23880
2922 5140
2923 6000
2931 5140
2940 9080
2941 2140
2945 9180
2948 16740
2953 4560
2955 29140
2956 4860
2957 3760
2962 6380
2963 9080
2971 6380
2980 5860
2981 5085
