0 0
127 43240
167 16900
207 4040
247 4860
287 3960
327 9480
367 3640
407 3340
422 43240
447 2500
462 16900
487 14200
502 4040
527 2680
542 4860
567 4400
582 3960
607 3660
622 9480
626 43240
647 25840
662 3640
666 16900
687 5340
702 3340
706 4040
727 6400
742 2500
746 4860
767 3460
778 43240
782 14200
786 3960
807 21220
809 43240
818 16900
822 2680
826 9480
847 4820
849 16900
858 4040
862 4400
866 3640
885 43240
887 4340
889 4040
898 4860
902 3660
906 3340
925 16900
927 2680
929 4860
938 3960
942 25840
946 2500
965 4040
967 23880
969 3960
978 9480
982 5340
986 14200
1005 4860
1007 3760
1009 9480
1018 3640
1022 6400
1026 2680
1045 3960
1047 4520
1049 3640
1058 3340
1062 3460
1066 4400
1085 9480
1087 4560
1089 3340
1098 2500
1102 21220
1106 3660
1116 43240
1125 3640
1127 22420
1129 2500
1138 14200
1142 4820
1146 25840
1156 16900
1165 3340
1167 4260
1169 14200
1178 2680
1182 4340
1186 5340
1196 4040
1205 2500
1207 2900
1209 2680
1218 4400
1222 2680
1226 6400
1236 4860
1245 14200
1247 2140
1249 4400
1258 3660
1262 23880
1266 3460
1276 3960
1285 2680
1287 6780
1289 3660
1298 25840
1302 3760
1306 21220
1316 9480
1325 4400
1327 3220
1329 25840
1338 5340
1342 4520
1346 4820
1356 3640
1365 3660
1367 3660
1369 5340
1378 6400
1382 4560
1386 4340
1396 3340
1405 25840
1407 85500
1409 6400
1418 3460
1422 22420
1426 2680
1436 2500
1445 5340
1447 28540
1449 3460
1458 21220
1462 4260
1466 23880
1476 57440
1485 6400
1487 6020
1489 21220
1498 4820
1502 2900
1506 3760
1516 19580
1525 3460
1527 8580
1529 4820
1538 4340
1542 2140
1546 4520
1556 8440
1565 21220
1567 5100
1569 4340
1578 2680
1582 6780
1586 4560
1596 8520
1605 4820
1607 16740
1609 2680
1618 23880
1621 43240
1622 3220
1626 22420
1636 29800
1645 4340
1647 5460
1649 23880
1658 3760
1661 16900
1662 3660
1666 4260
1676 14820
1685 2680
1687 5360
1689 3760
1698 4520
1701 4040
1702 85500
1706 2900
1716 10040
1725 23880
1727 3560
1729 4520
1738 4560
1741 4860
1742 28540
1746 2140
1756 6800
1765 3760
1767 19800
1769 4560
1778 22420
1781 3960
1782 6020
1786 6780
1796 23720
1805 4520
1807 4620
1809 22420
1818 4260
1821 9480
1822 8580
1826 3220
1836 19020
1845 4560
1847 6020
1849 4260
1858 2900
1861 3640
1862 5100
1866 3660
1876 7020
1885 22420
1887 4440
1889 2900
1898 2140
1901 3340
1902 16740
1906 85500
1916 7080
1925 4260
1927 24200
1929 2140
1938 6780
1941 2500
1942 5460
1946 28540
1956 27540
1963 43240
1965 2900
1967 4460
1969 6780
1978 3220
1981 14200
1982 5360
1986 6020
1996 29600
2003 16900
2005 2140
2007 7180
2009 3220
2018 3660
2021 2680
2022 3560
2026 8580
2036 9860
2043 4040
2045 6780
2046 43240
2047 6540
2049 3660
2058 85500
2061 4400
2062 19800
2066 5100
2076 10960
2083 4860
2085 3220
2086 16900
2087 23960
2089 85500
2098 28540
2101 3660
2102 4620
2106 16740
2116 25880
2123 3960
2125 3660
2126 4040
2127 6620
2129 28540
2138 6020
2141 25840
2142 6020
2146 5460
2156 25480
2163 9480
2165 85500
2166 4860
2167 6200
2169 6020
2178 8580
2181 5340
2182 4440
2186 5360
2188 43240
2196 7720
2203 3640
2205 28540
2206 3960
2207 3880
2209 51820
2218 5100
2221 6400
2222 24200
2226 3560
2228 16900
2236 6480
2243 3340
2245 6020
2246 9480
2247 29140
2249 22000
2258 16740
2261 3460
2262 4460
2266 19800
2268 4040
2276 9460
2283 2500
2285 8580
2286 3640
2287 6260
2289 20780
2298 5460
2301 21220
2302 7180
2306 4620
2308 4860
2316 27100
2323 14200
2325 5100
2326 3340
2327 8280
2329 10320
2338 5360
2341 4820
2342 6540
2346 6020
2348 3960
2356 7420
2363 2680
2365 16740
2366 2500
2367 5580
2369 9320
2378 3560
2381 4340
2382 23960
2386 4440
2388 9480
2396 90020
2403 4400
2405 5460
2406 14200
2407 24420
2409 13040
2418 19800
2421 2680
2422 6620
2426 24200
2428 3640
2436 33100
2443 3660
2445 5360
2446 2680
2447 5740
2449 23440
2458 4620
2461 23880
2462 6200
2466 4460
2468 3340
2476 28440
2483 25840
2485 3560
2486 4400
2487 7460
2489 7960
2498 6020
2501 3760
2502 3880
2506 7180
2508 2500
2516 12840
2523 5340
2525 19800
2526 3660
2527 5040
2529 8520
2538 4440
2541 4520
2542 29140
2546 6540
2548 14200
2556 8000
2563 6400
2565 4620
2566 25840
2567 9180
2569 18640
2578 24200
2581 4560
2582 6260
2586 23960
2588 2680
2596 18880
2603 3460
2605 6020
2606 5340
2607 5140
2609 26880
2618 4460
2621 22420
2622 8280
2626 6620
2628 4400
2636 12240
2643 21220
2645 4440
2646 6400
2647 6380
2649 8860
2658 7180
2661 4260
2662 5580
2666 49440
2668 3660
2676 8580
2683 4820
2685 24200
2686 3460
2687 114340
2689 10840
2698 6540
2701 2900
2702 24420
2706 20780
2708 25840
2716 7220
2723 4340
2725 4460
2726 21220
2727 26100
2729 32380
2738 23960
2741 2140
2742 5740
2746 33180
2748 5340
2756 105300
2763 2680
2765 7180
2766 4820
2767 6000
2769 29300
2778 6620
2781 6780
2782 7460
2786 11120
2788 6400
2796 33160
2803 23880
2805 6540
2806 4340
2807 9080
2809 13020
2815 43240
2818 6200
2821 3220
2822 5040
2826 12240
2828 3460
2836 12040
2843 3760
2845 23960
2846 2680
2847 5860
2849 9660
2855 16900
2858 3880
2861 3660
2862 9180
2866 15060
2868 21220
2876 13020
2883 4520
2885 6620
2886 23880
2887 23580
2889 25100
2895 4040
2898 29140
2901 85500
2902 5140
2906 28060
2908 4820
2916 29300
2923 4560
2925 6200
2926 3760
2927 6480
2929 33960
2935 4860
2938 6260
2941 28540
2942 6380
2946 9080
2948 4340
2956 21200
2963 22420
2965 3880
2966 4520
2967 9400
2969 10600
2975 3960
2978 8280
2981 6020
2982 114340
2986 9960
2988 2680
2996 5187
