0 0
119 43240
159 16900
199 4040
239 4860
279 3960
281 43240
319 9480
321 16900
359 3640
361 4040
399 3340
401 4860
439 2500
441 3960
479 14200
481 9480
519 2680
521 3640
559 4400
561 3340
599 3660
601 2500
621 43240
639 25840
641 14200
661 16900
679 5340
681 2680
701 4040
719 6400
721 4400
733 43240
741 4860
759 3460
761 3660
765 43240
773 16900
781 3960
799 21220
801 25840
805 16900
813 4040
821 9480
839 4820
841 5340
845 4040
853 4860
861 3640
879 4340
881 6400
885 4860
893 3960
901 3340
919 2680
921 3460
925 3960
933 9480
941 2500
959 23880
961 21220
965 9480
973 3640
981 14200
999 3760
1001 4820
1005 3640
1013 3340
1021 2680
1039 4520
1041 4340
1045 3340
1053 2500
1061 4400
1079 4560
1081 2680
1085 2500
1093 14200
1096 43240
1101 3660
1119 22420
1121 23880
1125 14200
1133 2680
1136 16900
1141 25840
1159 4260
1161 3760
1165 2680
1173 4400
1176 4040
1181 5340
1199 2900
1201 4520
1205 4400
1213 3660
1216 4860
1221 6400
1239 2140
1241 4560
1245 3660
1253 25840
1256 3960
1261 3460
1279 6780
1281 22420
1285 25840
1293 5340
1296 9480
1301 21220
1319 3220
1321 4260
1325 5340
1333 6400
1336 3640
1341 4820
1359 3660
1361 2900
1365 6400
1373 3460
1376 3340
1381 4340
1399 85500
1401 2140
1405 3460
1413 21220
1416 2500
1421 2680
1439 28540
1441 6780
1445 21220
1453 4820
1456 14200
1461 23880
1479 6020
1481 3220
1485 4820
1493 4340
1496 2680
1501 3760
1519 8580
1521 3660
1525 4340
1533 2680
1536 4400
1541 4520
1559 5100
1561 85500
1565 2680
1573 23880
1576 3660
1581 4560
1599 16740
1601 28540
1605 23880
1613 3760
1616 25840
1621 22420
1639 5460
1641 6020
1645 3760
1653 4520
1656 5340
1661 4260
1679 5360
1681 8580
1685 4520
1693 4560
1696 6400
1701 2900
1719 3560
1721 5100
1725 4560
1733 22420
1736 3460
1741 2140
1759 19800
1761 16740
1765 22420
1773 4260
1776 21220
1781 6780
1799 4620
1801 5460
1805 4260
1813 2900
1816 4820
1821 3220
1839 6020
1841 5360
1845 2900
1853 2140
1856 4340
1861 3660
1879 4440
1881 3560
1885 2140
1893 6780
1896 2680
1901 85500
1909 43240
1919 24200
1921 19800
1925 6780
1933 3220
1936 23880
1941 28540
1949 16900
1959 4460
1961 4620
1965 3220
1973 3660
1976 3760
1981 6020
1989 4040
1999 7180
2001 6020
2005 3660
2013 85500
2016 4520
2021 8580
2029 4860
2039 6540
2041 4440
2045 85500
2053 28540
2056 4560
2061 5100
2069 3960
2079 23960
2081 24200
2084 43240
2085 28540
2093 6020
2096 22420
2101 16740
2109 9480
2119 6620
2121 4460
2124 16900
2125 6020
2133 8580
2136 4260
2141 5460
2149 3640
2159 6200
2161 7180
2164 4040
2165 8580
2173 5100
2176 2900
2181 5360
2189 3340
2199 3880
2201 6540
2204 4860
2205 5100
2213 16740
2216 2140
2221 3560
2229 2500
2239 29140
2241 23960
2244 3960
2245 16740
2253 5460
2256 6780
2261 19800
2269 14200
2279 6260
2281 6620
2283 43240
2284 9480
2285 5460
2293 5360
2296 3220
2301 4620
2309 2680
2319 8280
2321 6200
2323 16900
2324 3640
2325 5360
2333 3560
2336 3660
2341 6020
2349 4400
2359 5580
2361 3880
2363 4040
2364 3340
2365 3560
2373 19800
2376 85500
2381 4440
2389 3660
2399 24420
2401 29140
2403 4860
2404 2500
2405 63040
2413 4620
2416 28540
2421 24200
2429 25840
2439 5740
2441 6260
2443 3960
2444 14200
2445 21520
2453 6020
2456 6020
2461 4460
2469 5340
2479 7460
2481 8280
2483 9480
2484 2680
2485 10060
2493 4440
2496 8580
2501 7180
2509 6400
2519 5040
2521 5580
2523 3640
2524 4400
2525 9300
2530 43240
2533 24200
2536 5100
2541 6540
2549 3460
2559 9180
2561 24420
2563 3340
2564 3660
2565 28160
2570 16900
2573 4460
2576 16740
2581 23960
2589 21220
2599 5140
2601 5740
2603 2500
2604 25840
2605 13940
2610 4040
2613 7180
2616 5460
2621 6620
2629 4820
2639 6380
2641 7460
2643 14200
2644 5340
2645 10820
2650 4860
2653 6540
2656 5360
2661 6200
2669 4340
2679 114340
2681 5040
2683 2680
2684 6400
2685 9880
2690 3960
2693 23960
2696 3560
2701 3880
2709 2680
2719 26100
2721 9180
2723 4400
2724 3460
2725 26460
2730 9480
2733 6620
2736 19800
2741 29140
2749 23880
2759 6000
2761 5140
2763 3660
2764 21220
2765 20820
2770 3640
2773 6200
2776 4620
2781 6260
2789 3760
2799 9080
2801 6380
2803 25840
2804 4820
2805 8880
2810 3340
2813 3880
2816 6020
2821 8280
2829 4520
2839 5860
2841 114340
2843 5340
2844 4340
2845 8280
2850 2500
2853 29140
2856 4440
2861 5580
2869 4560
2879 23580
2881 26100
2883 6400
2884 2680
2885 32800
2890 14200
2893 6260
2896 24200
2901 24420
2909 22420
2919 6480
2921 6000
2923 3460
2924 23880
2925 32100
2930 2680
2933 8280
2936 4460
2941 5740
2949 4260
2959 9400
2961 9080
2963 21220
2964 3760
2965 13620
2970 4400
2973 5580
