0 0
248 43240
288 16900
328 4040
337 43240
364 43240
368 4860
377 16900
404 16900
408 3960
417 4040
444 4040
448 9480
457 4860
484 4860
488 3640
497 3960
524 3960
528 3340
537 9480
564 9480
568 2500
577 3640
604 3640
608 14200
617 3340
644 3340
648 2680
657 2500
684 2500
688 4400
697 14200
724 14200
728 3660
737 2680
752 43240
764 2680
768 25840
777 4400
792 16900
804 4400
808 5340
817 3660
832 4040
844 3660
848 6400
857 25840
872 4860
884 25840
888 3460
897 5340
912 3960
924 5340
928 21220
937 6400
952 9480
964 6400
968 4820
977 3460
992 3640
1004 3460
1008 4340
1017 21220
1032 3340
1044 21220
1048 2680
1057 4820
1072 2500
1084 4820
1088 23880
1097 4340
1112 14200
1124 4340
1128 3760
1137 2680
1152 2680
1164 2680
1168 4520
1177 23880
1192 4400
1204 23880
1208 4560
1217 3760
1232 3660
1244 3760
1248 22420
1257 4520
1272 25840
1284 4520
1288 4260
1297 4560
1312 5340
1324 4560
1328 2900
1337 22420
1352 6400
1364 22420
1368 2140
1377 4260
1392 3460
1404 4260
1408 6780
1417 2900
1432 21220
1444 2900
1448 3220
1457 2140
1472 4820
1484 2140
1488 3660
1497 6780
1512 4340
1524 6780
1528 85500
1537 3220
1552 2680
1564 3220
1568 28540
1577 3660
1592 23880
1604 3660
1608 6020
1617 85500
1632 3760
1644 85500
1648 8580
1657 28540
1672 4520
1684 28540
1688 5100
1697 6020
1712 4560
1724 6020
1728 16740
1737 8580
1752 22420
1764 8580
1768 5460
1777 5100
1792 4260
1804 5100
1808 5360
1817 16740
1832 2900
1844 16740
1848 3560
1857 5460
1872 2140
1884 5460
1888 63040
1897 5360
1912 6780
1924 5360
1928 21520
1937 3560
1952 3220
1964 3560
1968 10060
1977 19800
1987 43240
1992 3660
2004 19800
2008 9300
2017 4620
2027 16900
2032 85500
2044 4620
2048 28160
2057 6020
2067 4040
2072 28540
2084 6020
2088 13940
2097 4440
2107 4860
2112 6020
2124 4440
2128 10820
2137 24200
2147 3960
2152 8580
2164 24200
2168 9880
2177 4460
2187 9480
2192 5100
2204 4460
2208 26460
2217 7180
2227 3640
2232 16740
2244 7180
2248 20820
2257 6540
2267 3340
2272 5460
2284 6540
2288 8880
2297 23960
2307 2500
2312 5360
2324 23960
2328 8280
2337 6620
2347 14200
2352 3560
2364 6620
2368 32800
2377 6200
2387 2680
2392 19800
2404 6200
2408 32100
2417 3880
2427 4400
2432 4620
2444 3880
2448 13620
2457 29140
2467 3660
2472 6020
2484 29140
2488 11980
2497 6260
2507 25840
2512 4440
2524 6260
2528 27880
2537 8280
2547 5340
2552 24200
2564 8280
2568 26960
2577 5580
2587 6400
2592 4460
2604 5580
2608 12280
2617 24420
2627 3460
2632 7180
2644 24420
2648 9380
2657 5740
2667 21220
2672 6540
2684 5740
2688 11860
2692 43240
2697 7460
2707 4820
2712 23960
2724 7460
2728 29020
2732 60140
2737 5040
2747 4340
2752 6620
2762 43240
2764 5040
2768 10140
2772 20940
2777 9180
2787 2680
2792 6200
2802 16900
2804 9180
2808 118860
2812 8900
2817 5140
2827 23880
2832 3880
2842 4040
2844 5140
2848 30660
2852 8820
2857 6380
2867 3760
2872 29140
2881 43240
2882 4860
2884 6380
2886 43240
2888 28420
2892 13440
2897 114340
2905 43240
2907 4520
2912 6260
2915 43240
2921 16900
2922 3960
2924 114340
2926 16900
2928 13340
2932 13120
2937 26100
2945 16900
2947 4560
2952 8280
2955 16900
2961 4040
2962 9480
2964 26100
2966 4040
2968 8760
2972 6980
2977 6000
2985 4040
2987 22420
