0 0
702 43240
742 16900
782 4040
822 4860
862 3960
878 43240
902 9480
918 16900
942 3640
958 4040
982 3340
998 4860
1022 2500
1038 3960
1058 43240
1062 14200
1078 9480
1098 16900
1102 2680
1118 3640
1138 4040
1142 4400
1158 3340
1178 4860
1182 3660
1198 2500
1218 3960
1222 25840
1238 57440
1258 9480
1262 5340
1278 19580
1298 3640
1302 6400
1318 8440
1338 3340
1342 3460
1358 8520
1378 2500
1380 43240
1382 21220
1398 29800
1418 14200
1420 16900
1422 4820
1438 14820
1458 2680
1460 4040
1462 4340
1478 10040
1498 4400
1500 4860
1502 2680
1518 6800
1538 3660
1540 3960
1542 23880
1558 23720
1578 25840
1580 9480
1582 3760
1598 19020
1618 5340
1620 3640
1622 4520
1638 7020
1658 6400
1660 3340
1662 4560
1678 7080
1693 43240
1698 3460
1700 2500
1702 22420
1718 27540
1733 16900
1738 21220
1740 14200
1742 4260
1758 29600
1773 4040
1778 4820
1780 2680
1782 2900
1798 9860
1813 4860
1818 4340
1820 4400
1822 2140
1838 10960
1853 3960
1858 2680
1860 3660
1862 6780
1878 25880
1893 9480
1898 23880
1900 25840
1902 3220
1918 25480
1933 3640
1938 3760
1940 5340
1942 3660
1958 7720
1973 3340
1978 4520
1980 6400
1982 85500
1998 6480
2013 2500
2018 4560
2020 3460
2022 28540
2038 9460
2053 14200
2058 22420
2060 64460
2062 6020
2070 43240
2078 27100
2093 2680
2098 4260
2100 21720
2102 8580
2110 16900
2118 7420
2133 4400
2138 2900
2140 8380
2142 5100
2150 4040
2158 90020
2173 3660
2178 2140
2180 7540
2182 16740
2190 4860
2198 33100
2213 25840
2218 6780
2220 27840
2222 5460
2230 3960
2238 28440
2253 5340
2258 3220
2260 13240
2262 5360
2270 9480
2278 12840
2287 43240
2293 6400
2298 3660
2300 8160
2302 3560
2310 3640
2318 8000
2327 16900
2332 43240
2333 3460
2338 85500
2340 7900
2342 19800
2350 3340
2358 18880
2367 4040
2372 16900
2373 21220
2378 28540
2380 24920
2382 4620
2390 2500
2398 12240
2407 4860
2412 4040
2413 4820
2418 6020
2420 18460
2422 6020
2430 14200
2438 8580
2447 3960
2452 4860
2453 4340
2458 8580
2460 5580
2462 4440
2470 2680
2478 7220
2481 43240
2487 9480
2492 3960
2493 2680
2498 5100
2500 6540
2502 24200
2510 4400
2518 105300
2521 16900
2527 3640
2532 9480
2533 23880
2538 16740
2540 10440
2542 4460
2550 3660
2558 33160
2561 4040
2567 3340
2571 43240
2572 3640
2573 3760
2578 5460
2580 29060
2582 7180
2590 25840
2598 12040
2601 4860
2607 2500
2611 16900
2612 3340
2613 4520
2618 5360
2620 9000
2622 6540
2630 5340
2638 13020
2641 3960
2647 14200
2651 4040
2652 2500
2653 4560
2658 3560
2660 91900
2662 23960
2670 6400
2678 29300
2681 9480
2687 2680
2691 4860
2692 14200
2693 22420
2698 19800
2700 32000
2702 6620
2710 3460
2718 21200
2721 3640
2727 4400
2731 3960
2732 2680
2733 4260
2738 4620
2740 27240
2742 6200
2750 21220
2758 12640
2761 3340
2767 3660
2771 9480
2772 4400
2773 2900
2778 6020
2780 13400
2782 3880
2790 4820
2798 11900
2801 2500
2807 25840
2811 3640
2812 3660
2813 2140
2818 4440
2820 9440
2822 29140
2830 4340
2838 27520
2841 14200
2847 5340
2851 3340
2852 25840
2853 6780
2858 24200
2860 19420
2862 6260
2870 2680
2878 26420
2881 2680
2887 6400
2891 2500
2892 5340
2893 3220
2898 4460
2900 29340
2902 8280
2910 23880
2918 10820
2921 4400
2927 3460
2931 14200
2932 6400
2933 3660
2938 7180
2940 9120
2942 5580
2950 3760
2958 9900
2961 3660
2967 21220
2971 2680
2972 3460
2973 85500
2978 6540
2980 8080
2982 13431
