0 0
494 43240
534 16900
544 43240
574 4040
584 16900
614 4860
624 4040
654 3960
664 4860
694 9480
704 3960
734 3640
744 9480
774 3340
784 3640
814 2500
824 3340
854 14200
864 2500
894 2680
904 14200
934 4400
944 2680
974 3660
984 4400
1014 25840
1024 3660
1054 5340
1064 25840
1094 6400
1104 5340
1134 3460
1138 43240
1144 6400
1148 43240
1174 21220
1178 16900
1184 3460
1188 16900
1214 4820
1218 4040
1224 64460
1228 4040
1231 43240
1254 4340
1258 4860
1264 21720
1268 4860
1271 16900
1289 43240
1294 2680
1298 3960
1304 8380
1308 3960
1311 4040
1329 16900
1334 23880
1338 9480
1344 7540
1348 9480
1351 4860
1369 4040
1374 3760
1378 3640
1384 27840
1388 3640
1391 3960
1409 4860
1414 4520
1418 3340
1424 13240
1428 3340
1431 9480
1449 3960
1454 4560
1458 2500
1464 8160
1468 2500
1471 3640
1489 9480
1494 22420
1498 14200
1504 7900
1508 14200
1511 3340
1529 3640
1534 4260
1538 2680
1544 24920
1548 2680
1551 2500
1569 3340
1574 2900
1578 4400
1584 18460
1588 4400
1591 14200
1609 2500
1614 2140
1618 3660
1624 5580
1628 3660
1631 2680
1649 14200
1654 6780
1658 25840
1664 6540
1668 25840
1671 4400
1689 2680
1694 3220
1698 5340
1702 43240
1704 10440
1708 5340
1711 3660
1729 4400
1734 3660
1738 6400
1742 16900
1744 29060
1748 6400
1751 25840
1769 3660
1774 85500
1778 3460
1782 4040
1784 9000
1788 3460
1791 5340
1809 25840
1814 28540
1818 21220
1822 4860
1824 91900
1828 21220
1831 6400
1849 5340
1854 6020
1858 4820
1862 3960
1864 32000
1868 4820
1871 3460
1889 6400
1894 8580
1898 4340
1902 9480
1904 27240
1908 4340
1911 21220
1929 3460
1934 5100
1938 2680
1942 3640
1944 13400
1948 2680
1951 4820
1969 21220
1974 16740
1978 23880
1982 3340
1984 9440
1988 23880
1991 4340
2009 4820
2014 5460
2018 3760
2022 2500
2024 19420
2028 3760
2031 2680
2049 4340
2054 5360
2058 4520
2062 14200
2064 29340
2068 4520
2071 23880
2089 2680
2094 3560
2098 4560
2102 2680
2104 9120
2108 4560
2111 3760
2129 23880
2134 19800
2138 22420
2142 4400
2144 8080
2148 22420
2151 4520
2169 3760
2174 4620
2178 4260
2182 3660
2184 24360
2188 4260
2191 4560
2209 4520
2214 6020
2218 2900
2222 25840
2224 27040
2228 2900
2231 22420
2249 4560
2254 4440
2258 2140
2262 5340
2264 10280
2268 2140
2271 4260
2289 22420
2294 24200
2298 6780
2302 6400
2304 7340
2308 6780
2311 2900
2329 4260
2334 4460
2338 3220
2342 3460
2344 26340
2348 3220
2351 2140
2369 2900
2374 7180
2378 3660
2382 21220
2384 11240
2388 3660
2391 6780
2409 2140
2414 6540
2418 85500
2422 4820
2424 10400
2428 85500
2431 3220
2449 6780
2454 23960
2458 28540
2462 4340
2464 10200
2468 28540
2471 3660
2489 3220
2494 6620
2498 6020
2502 2680
2504 109460
2508 6020
2511 85500
2529 3660
2534 6200
2538 8580
2542 23880
2544 35160
2548 8580
2551 28540
2569 85500
2574 3880
2578 5100
2582 3760
2584 12220
2588 5100
2591 6020
2609 28540
2614 29140
2618 16740
2622 4520
2624 12460
2628 16740
2631 8580
2649 6020
2654 6260
2658 5460
2662 4560
2664 34240
2668 5460
2671 5100
2689 8580
2694 8280
2698 5360
2702 22420
2704 23000
2708 5360
2711 16740
2729 5100
2734 5580
2738 3560
2742 4260
2744 13740
2748 3560
2751 5460
2769 16740
2774 24420
2778 19800
2781 43240
2782 2900
2784 10940
2788 19800
2791 5360
2809 5460
2814 5740
2818 4620
2821 16900
2822 2140
2824 27980
2828 4620
2831 3560
2849 5360
2854 7460
2858 6020
2861 47280
2862 6780
2864 25540
2868 6020
2871 19800
2889 3560
2894 5040
2898 4440
2901 21760
2902 3220
2904 12080
2908 4440
2911 4620
2925 43240
2929 19800
2934 9180
2938 24200
2941 8000
2942 3660
2944 54300
2948 24200
2951 6020
2965 16900
2969 4620
2974 5140
2978 4460
2981 14340
