0 0
359 43240
399 16900
439 4040
479 4860
519 3960
559 9480
599 3640
639 3340
679 2500
719 14200
731 43240
759 2680
771 16900
799 4400
811 4040
839 3660
851 4860
879 25840
891 3960
919 5340
931 9480
959 6400
971 3640
999 3460
1011 3340
1039 21220
1051 2500
1079 4820
1091 14200
1119 4340
1131 2680
1159 2680
1171 4400
1199 23880
1211 3660
1239 3760
1251 25840
1272 43240
1279 4520
1291 5340
1311 43240
1312 16900
1319 4560
1331 6400
1341 43240
1351 16900
1352 4040
1359 22420
1371 3460
1381 16900
1388 43240
1391 4040
1392 4860
1399 4260
1411 21220
1421 4040
1428 16900
1431 4860
1432 3960
1439 2900
1451 4820
1461 4860
1468 4040
1471 3960
1472 9480
1479 2140
1491 4340
1501 3960
1508 4860
1511 9480
1512 3640
1519 6780
1531 2680
1541 9480
1548 3960
1551 3640
1552 3340
1559 3220
1571 23880
1581 3640
1588 9480
1591 3340
1592 2500
1599 3660
1611 3760
1621 3340
1628 3640
1631 2500
1632 14200
1639 85500
1651 4520
1661 2500
1668 3340
1671 14200
1672 2680
1679 28540
1691 4560
1701 14200
1707 43240
1708 2500
1711 2680
1712 4400
1719 6020
1731 22420
1741 2680
1747 16900
1748 14200
1751 4400
1752 3660
1759 8580
1771 4260
1781 4400
1787 4040
1788 2680
1791 3660
1792 25840
1799 5100
1811 2900
1821 3660
1827 4860
1828 4400
1831 25840
1832 5340
1839 16740
1851 2140
1861 25840
1867 3960
1868 3660
1871 5340
1872 6400
1879 5460
1891 6780
1901 5340
1907 9480
1908 25840
1911 6400
1912 3460
1919 5360
1931 3220
1941 6400
1947 3640
1948 5340
1951 3460
1952 21220
1959 3560
1971 3660
1981 3460
1987 3340
1988 6400
1991 21220
1992 4820
1999 19800
2011 85500
2021 21220
2027 2500
2028 3460
2031 4820
2032 4340
2039 4620
2051 28540
2056 43240
2061 4820
2067 14200
2068 21220
2071 4340
2072 2680
2079 6020
2091 6020
2096 16900
2101 4340
2107 2680
2108 4820
2111 2680
2112 23880
2119 4440
2131 8580
2136 4040
2141 2680
2147 4400
2148 4340
2151 23880
2152 3760
2159 24200
2171 5100
2176 4860
2181 23880
2187 3660
2188 2680
2191 3760
2192 4520
2199 4460
2211 16740
2216 3960
2221 3760
2227 25840
2228 23880
2231 4520
2232 4560
2239 7180
2248 43240
2251 5460
2256 9480
2261 4520
2267 5340
2268 3760
2271 4560
2272 22420
2279 6540
2288 16900
2291 5360
2296 3640
2301 4560
2307 6400
2308 4520
2311 22420
2312 4260
2319 23960
2328 4040
2331 3560
2336 3340
2341 22420
2347 3460
2348 4560
2351 4260
2352 2900
2359 6620
2368 4860
2371 19800
2376 2500
2381 4260
2387 21220
2388 22420
2391 2900
2392 2140
2394 43240
2399 6200
2408 3960
2411 4620
2416 14200
2421 2900
2427 4820
2428 4260
2431 2140
2432 6780
2434 16900
2439 3880
2448 9480
2451 6020
2456 2680
2461 2140
2467 4340
2468 2900
2471 6780
2472 3220
2474 4040
2479 29140
2488 3640
2491 4440
2496 4400
2501 6780
2507 2680
2508 2140
2511 3220
2512 3660
2514 4860
2519 6260
2528 3340
2531 24200
2536 3660
2541 3220
2547 23880
2548 6780
2551 3660
2552 85500
2554 3960
2559 8280
2568 2500
2571 4460
2576 25840
2581 3660
2587 3760
2588 3220
2591 85500
2592 28540
2594 9480
2599 5580
2608 14200
2611 7180
2616 5340
2621 85500
2627 4520
2628 3660
2631 28540
2632 6020
2634 3640
2639 24420
2646 43240
2648 2680
2651 6540
2656 6400
2661 28540
2667 4560
2668 85500
2671 6020
2672 8580
2674 3340
2679 5740
2686 16900
2688 4400
2691 23960
2696 3460
2701 6020
2707 22420
2708 28540
2711 8580
2712 5100
2714 2500
2719 7460
2726 4040
2728 3660
2731 6620
2736 21220
2741 8580
2747 4260
2748 6020
2751 5100
2752 16740
2754 14200
2759 5040
2766 4860
2768 25840
2771 6200
2776 4820
2781 5100
2787 2900
2788 8580
2791 16740
2792 5460
2794 2680
2799 9180
2806 3960
2808 5340
2811 3880
2816 4340
2821 16740
2827 2140
2828 5100
2831 5460
2832 5360
2834 4400
2839 5140
2846 9480
2848 6400
2851 29140
2856 2680
2861 5460
2867 6780
2868 16740
2871 5360
2872 3560
2874 3660
2879 6380
2886 3640
2888 3460
2891 6260
2896 23880
2901 5360
2907 3220
2908 5460
2911 3560
2912 19800
2914 25840
2919 114340
2926 3340
2928 21220
2931 8280
2936 3760
2941 3560
2947 3660
2948 5360
2951 19800
2952 4620
2953 43240
2954 5340
2959 26100
2960 43240
2966 2500
2968 4820
2971 5580
2976 4520
2981 19800
2987 64125
