0 0
329 43240
369 16900
409 4040
449 4860
489 3960
529 9480
569 3640
604 43240
609 3340
630 43240
644 16900
649 2500
670 16900
684 4040
689 14200
710 4040
724 4860
729 2680
750 4860
764 3960
769 4400
790 3960
804 9480
809 3660
812 43240
830 9480
844 3640
849 25840
852 16900
870 3640
884 3340
889 5340
890 43240
892 4040
910 3340
924 2500
929 6400
930 16900
932 4860
950 2500
964 14200
969 3460
970 4040
972 3960
990 14200
1004 2680
1009 21220
1010 4860
1012 9480
1030 2680
1044 4400
1049 4820
1050 3960
1052 3640
1070 4400
1084 3660
1089 4340
1090 9480
1092 3340
1110 3660
1124 25840
1129 2680
1130 3640
1132 2500
1150 25840
1164 5340
1169 23880
1170 3340
1172 14200
1188 43240
1190 5340
1196 43240
1204 6400
1209 3760
1210 2500
1212 2680
1228 16900
1230 6400
1236 16900
1244 3460
1249 4520
1250 14200
1252 4400
1268 4040
1270 3460
1276 4040
1284 21220
1289 4560
1290 2680
1292 3660
1308 4860
1310 21220
1316 4860
1324 4820
1329 22420
1330 4400
1332 25840
1348 3960
1350 4820
1356 3960
1364 4340
1369 4260
1370 3660
1372 5340
1388 9480
1390 4340
1396 9480
1404 2680
1409 2900
1410 25840
1412 6400
1428 3640
1430 2680
1436 3640
1444 23880
1449 2140
1450 5340
1452 3460
1468 3340
1470 23880
1476 3340
1484 3760
1489 6780
1490 6400
1492 21220
1508 2500
1510 3760
1516 2500
1524 4520
1529 3220
1530 3460
1532 4820
1548 14200
1550 4520
1556 14200
1564 4560
1569 3660
1570 21220
1572 4340
1588 2680
1590 4560
1596 2680
1604 22420
1609 85500
1610 4820
1612 45920
1628 4400
1630 22420
1636 4400
1644 4260
1649 28540
1650 4340
1652 40780
1668 3660
1670 4260
1676 3660
1684 2900
1689 6020
1690 2680
1692 7800
1708 25840
1710 2900
1716 25840
1724 2140
1729 8580
1730 23880
1732 9380
1748 5340
1750 2140
1756 5340
1764 6780
1769 5100
1770 3760
1772 8520
1788 6400
1790 6780
1796 6400
1804 3220
1809 16740
1810 4520
1812 31900
1828 3460
1830 3220
1836 3460
1844 3660
1849 5460
1850 4560
1852 7900
1868 21220
1870 3660
1876 21220
1884 85500
1889 5360
1890 22420
1891 43240
1892 6240
1908 4820
1910 85500
1916 4820
1924 28540
1929 3560
1930 4260
1931 16900
1932 4640
1948 4340
1950 28540
1956 4340
1964 6020
1969 19800
1970 2900
1971 4040
1972 20980
1988 2680
1990 6020
1996 2680
2004 8580
2009 4620
2010 2140
2011 4860
2012 5900
2028 23880
2030 8580
2036 23880
2044 5100
2049 6020
2050 6780
2051 3960
2052 8060
2068 3760
2070 5100
2076 3760
2084 16740
2089 4440
2090 3220
2091 9480
2092 89160
2108 4520
2110 16740
2116 4520
2124 5460
2129 24200
2130 3660
2131 3640
2132 54380
2148 4560
2150 5460
2156 4560
2164 5360
2169 4460
2170 85500
2171 3340
2172 11360
2188 22420
2190 5360
2196 22420
2204 3560
2209 7180
2210 28540
2211 2500
2212 14980
2228 4260
2230 46800
2236 4260
2244 19800
2249 6540
2250 6020
2251 14200
2252 8560
2268 2900
2270 36700
2276 2900
2284 4620
2289 23960
2290 8580
2291 2680
2292 37960
2308 2140
2310 8660
2316 2140
2324 6020
2329 6620
2330 5100
2331 4400
2332 10280
2348 6780
2350 10880
2356 6780
2364 4440
2369 6200
2370 16740
2371 3660
2372 9700
2388 3220
2390 8400
2396 3220
2404 24200
2409 3880
2410 5460
2411 25840
2412 6240
2428 3660
2430 33680
2436 3660
2444 4460
2449 29140
2450 5360
2451 5340
2452 43680
2468 85500
2470 8100
2476 85500
2484 50420
2489 6260
2490 3560
2491 6400
2492 8380
2508 28540
2510 10520
2516 28540
2524 23440
2529 8280
2530 19800
2531 3460
2532 10540
2548 6020
2550 9040
2556 6020
2564 28000
2569 5580
2570 4620
2571 21220
2572 9000
2588 8580
2590 38160
2596 8580
2604 11480
2607 43240
2609 24420
2610 6020
2611 4820
2612 46620
2628 5100
2630 9300
2636 5100
2644 10160
2647 16900
2649 5740
2650 4440
2651 4340
2652 8720
2668 16740
2669 43240
2670 10600
2676 16740
2684 13360
2687 4040
2689 7460
2690 24200
2691 2680
2692 10080
2708 5460
2709 16900
2710 7540
2716 5460
2724 32780
2727 4860
2729 5040
2730 4460
2731 23880
2732 8680
2748 5360
2749 4040
2750 54980
2756 5360
2764 9600
2767 3960
2769 9180
2770 7180
2771 3760
2772 30740
2788 3560
2789 4860
2790 11600
2796 3560
2804 10780
2807 9480
2809 5140
2810 6540
2811 4520
2812 9840
2828 19800
2829 3960
2830 14680
2836 19800
2844 19780
2847 3640
2849 6380
2850 23960
2851 4560
2852 9860
2868 4620
2869 9480
2870 9040
2876 4620
2884 27100
2887 3340
2889 114340
2890 6620
2891 22420
2892 89380
2908 6020
2909 3640
2910 45640
2916 6020
2924 10140
2927 2500
2929 26100
2930 6200
2931 4260
2932 57680
2948 4440
2949 3340
2950 10560
2956 4440
2964 11120
2967 14200
2969 6000
2970 3880
2971 2900
2972 12280
2987 34592
