0 0
224 43240
264 16900
304 4040
344 4860
384 3960
424 9480
464 3640
504 3340
544 2500
584 14200
612 43240
624 2680
652 16900
664 4400
692 4040
704 3660
732 4860
744 25840
745 43240
772 3960
784 5340
785 16900
812 9480
824 6400
825 4040
852 3640
864 3460
865 4860
892 3340
904 21220
905 3960
932 2500
944 4820
945 9480
972 14200
984 4340
985 3640
1012 2680
1024 2680
1025 3340
1052 4400
1064 23880
1065 2500
1092 3660
1104 3760
1105 14200
1132 25840
1138 43240
1144 4520
1145 45920
1172 5340
1178 16900
1184 4560
1185 21300
1212 6400
1218 4040
1224 22420
1225 7700
1252 3460
1258 4860
1264 4260
1265 30700
1292 21220
1298 3960
1304 2900
1305 9300
1332 4820
1338 9480
1344 2140
1345 15880
1372 4340
1378 3640
1384 6780
1385 7100
1412 2680
1418 3340
1424 3220
1425 24560
1452 23880
1458 2500
1464 3660
1465 7320
1469 43240
1492 3760
1498 14200
1504 85500
1505 18540
1509 16900
1532 4520
1538 2680
1544 28540
1545 5360
1549 4040
1572 4560
1578 4400
1584 6020
1585 28280
1589 4860
1612 22420
1618 3660
1624 8580
1625 7420
1629 3960
1652 4260
1658 25840
1664 5100
1665 30360
1669 9480
1692 2900
1698 5340
1704 16740
1705 9900
1709 3640
1732 2140
1738 6400
1744 5460
1745 28820
1749 3340
1772 6780
1778 3460
1784 5360
1785 7720
1789 2500
1812 3220
1818 21220
1824 3560
1825 24120
1829 14200
1852 3660
1858 4820
1864 19800
1865 6960
1869 2680
1892 85500
1898 4340
1904 4620
1905 11120
1909 4400
1932 28540
1938 2680
1944 6020
1945 5900
1949 3660
1972 6020
1978 23880
1984 4440
1985 27540
1989 25840
2012 8580
2018 3760
2019 43240
2024 24200
2025 89260
2029 5340
2052 5100
2058 4520
2059 16900
2064 4460
2065 33060
2069 6400
2092 16740
2098 4560
2099 4040
2104 7180
2105 10580
2109 3460
2132 5460
2138 22420
2139 4860
2144 6540
2145 31000
2149 21220
2169 43240
2172 5360
2178 4260
2179 3960
2184 23960
2185 9360
2189 4820
2209 16900
2212 3560
2218 2900
2219 9480
2224 6620
2225 19640
2229 4340
2249 4040
2252 19800
2258 2140
2259 3640
2264 6200
2265 7600
2269 2680
2289 4860
2292 4620
2298 6780
2299 3340
2304 3880
2305 12140
2309 23880
2329 3960
2332 6020
2338 3220
2339 2500
2344 29140
2345 6780
2349 3760
2369 9480
2372 4440
2378 3660
2379 14200
2384 6260
2385 23460
2389 4520
2409 3640
2412 24200
2418 85500
2419 2680
2424 8280
2425 90120
2429 4560
2449 3340
2452 4460
2458 28540
2459 4400
2464 5580
2465 34560
2469 22420
2489 2500
2492 7180
2498 6020
2499 3660
2504 24420
2505 10460
2509 4260
2529 57440
2532 6540
2538 8580
2539 25840
2544 5740
2545 32780
2549 2900
2551 43240
2569 19580
2572 23960
2578 5100
2579 5340
2584 7460
2585 9560
2589 2140
2591 16900
2609 8440
2612 6620
2618 16740
2619 6400
2624 5040
2625 23920
2629 6780
2631 4040
2649 8520
2652 6200
2658 5460
2659 3460
2664 9180
2665 12000
2669 3220
2671 4860
2689 29800
2692 3880
2698 5360
2699 21220
2704 5140
2705 29320
2709 3660
2710 43240
2711 3960
2729 14820
2732 29140
2738 3560
2739 4820
2744 6380
2745 10180
2749 85500
2750 16900
2751 9480
2769 10040
2772 6260
2778 19800
2779 4340
2784 114340
2785 26000
2789 28540
2790 4040
2791 3640
2809 6800
2812 8280
2818 4620
2819 2680
2824 26100
2825 8500
2829 6020
2830 4860
2831 3340
2841 43240
2849 23720
2852 5580
2858 6020
2859 23880
2864 6000
2865 35160
2869 8580
2870 3960
2871 2500
2881 16900
2889 19020
2892 24420
2898 4440
2899 3760
2904 9080
2905 10700
2909 5100
2910 9480
2911 14200
2921 4040
2929 7020
2932 5740
2938 24200
2939 4520
2944 5860
2945 32480
2949 16740
2950 3640
2951 2680
2961 4860
2969 7080
2972 7460
2978 4460
2979 4560
2984 23580
2985 10040
2989 5460
2990 3340
