0 0
174 43240
214 16900
254 4040
294 4860
334 3960
374 9480
395 43240
414 3640
435 16900
454 3340
475 4040
494 2500
515 4860
534 14200
555 3960
574 2680
595 9480
614 4400
635 3640
654 3660
675 3340
694 25840
715 2500
734 5340
755 14200
774 6400
795 2680
814 3460
835 4400
854 21220
875 3660
894 4820
915 25840
934 4340
955 5340
974 2680
995 6400
1014 23880
1035 3460
1054 3760
1075 21220
1094 4520
1115 4820
1134 4560
1155 4340
1174 22420
1195 2680
1209 43240
1214 4260
1235 23880
1249 16900
1254 2900
1275 3760
1283 43240
1289 4040
1294 2140
1315 4520
1323 16900
1329 4860
1334 6780
1355 4560
1363 4040
1369 3960
1374 3220
1395 22420
1403 4860
1409 9480
1414 3660
1430 43240
1435 4260
1443 3960
1449 3640
1454 85500
1470 16900
1475 2900
1483 9480
1489 3340
1494 28540
1510 4040
1515 2140
1523 3640
1529 2500
1534 6020
1550 4860
1555 6780
1563 3340
1569 14200
1574 8580
1590 3960
1595 3220
1603 2500
1609 2680
1614 5100
1630 9480
1635 3660
1643 14200
1649 4400
1654 16740
1670 3640
1675 85500
1683 2680
1689 3660
1694 5460
1699 43240
1710 3340
1715 28540
1723 4400
1729 25840
1734 5360
1739 16900
1750 2500
1755 6020
1763 3660
1769 5340
1774 3560
1779 4040
1790 14200
1795 8580
1803 25840
1807 43240
1809 6400
1814 19800
1819 4860
1830 2680
1835 5100
1843 5340
1847 16900
1849 3460
1854 4620
1859 3960
1870 4400
1875 16740
1883 6400
1887 4040
1889 21220
1894 6020
1899 9480
1904 43240
1910 3660
1915 5460
1923 3460
1927 4860
1929 4820
1934 4440
1939 3640
1944 16900
1950 25840
1955 5360
1963 21220
1967 3960
1969 4340
1974 24200
1979 3340
1984 4040
1990 5340
1995 3560
2003 4820
2007 9480
2009 2680
2014 4460
2019 2500
2024 4860
2030 6400
2035 19800
2043 4340
2047 3640
2049 23880
2054 7180
2059 14200
2064 3960
2070 3460
2075 4620
2083 2680
2087 3340
2089 3760
2094 6540
2099 2680
2104 9480
2110 21220
2115 6020
2123 23880
2127 2500
2129 4520
2134 23960
2139 4400
2144 3640
2150 4820
2155 4440
2163 3760
2167 14200
2169 4560
2174 6620
2179 3660
2184 3340
2190 4340
2195 24200
2203 4520
2207 2680
2209 22420
2214 6200
2219 25840
2224 2500
2230 2680
2235 4460
2243 4560
2247 4400
2249 4260
2252 43240
2254 3880
2259 5340
2264 14200
2270 23880
2275 7180
2283 22420
2287 3660
2289 2900
2292 16900
2294 29140
2299 6400
2304 2680
2310 3760
2315 6540
2323 4260
2327 25840
2329 45380
2332 4040
2334 6260
2339 3460
2344 4400
2350 4520
2355 23960
2363 2900
2367 5340
2369 23680
2372 4860
2374 8280
2379 21220
2384 3660
2390 4560
2395 6620
2403 2140
2407 6400
2409 7260
2412 3960
2414 5580
2419 4820
2424 25840
2430 22420
2435 6200
2443 6780
2447 3460
2449 8520
2452 9480
2454 24420
2459 4340
2464 5340
2470 4260
2475 3880
2483 3220
2487 21220
2489 89460
2492 3640
2494 5740
2499 2680
2504 6400
2510 2900
2515 29140
2519 43240
2523 3660
2527 4820
2529 38020
2532 3340
2534 7460
2539 23880
2544 3460
2550 2140
2555 6260
2559 16900
2563 85500
2567 4340
2569 9660
2572 2500
2574 5040
2579 3760
2584 21220
2590 6780
2595 8280
2599 4040
2603 28540
2607 2680
2609 11920
2612 14200
2614 9180
2619 4520
2624 4820
2630 3220
2635 5580
2639 4860
2643 6020
2647 23880
2649 7600
2652 2680
2654 5140
2659 4560
2664 4340
2670 3660
2675 24420
2679 3960
2683 8580
2687 3760
2689 30940
2692 4400
2694 6380
2699 22420
2704 2680
2710 85500
2715 5740
2719 9480
2723 5100
2727 4520
2729 51380
2732 3660
2734 114340
2739 4260
2744 23880
2750 28540
2755 7460
2759 3640
2763 16740
2767 4560
2769 26660
2772 25840
2774 26100
2779 2900
2784 3760
2790 6020
2795 5040
2799 3340
2803 5460
2807 22420
2809 11260
2812 5340
2814 6000
2819 2140
2824 4520
2830 8580
2833 43240
2835 9180
2839 2500
2843 5360
2847 4260
2849 50500
2852 6400
2854 9080
2859 6780
2864 4560
2870 5100
2873 16900
2875 5140
2879 14200
2883 3560
2887 2900
2889 13920
2892 3460
2894 5860
2899 3220
2904 22420
2910 16740
2913 4040
2915 6380
2919 2680
2923 19800
2927 2140
2929 21900
2932 21220
2934 23580
2939 3660
2944 4260
2950 5460
2953 4860
2955 114340
2959 4400
2963 4620
2967 6780
2969 11540
2972 4820
2974 6480
