0 0
281 43240
321 16900
361 4040
401 4860
441 3960
481 9480
521 3640
535 43240
561 3340
575 16900
601 2500
615 4040
641 14200
655 4860
681 2680
687 43240
695 3960
721 4400
727 16900
735 9480
761 3660
767 4040
775 3640
801 25840
807 4860
815 3340
841 5340
847 3960
855 2500
871 43240
881 6400
887 9480
895 14200
911 16900
921 3460
927 3640
935 2680
951 4040
961 21220
967 3340
975 4400
991 4860
1001 4820
1007 2500
1015 3660
1031 3960
1041 4340
1047 14200
1055 25840
1071 9480
1081 2680
1087 2680
1095 5340
1111 46880
1121 23880
1127 4400
1128 43240
1135 6400
1151 20240
1161 3760
1167 3660
1168 16900
1175 3460
1191 6540
1201 4520
1207 25840
1208 4040
1215 21220
1231 19060
1241 4560
1247 5340
1248 4860
1255 4820
1271 6640
1281 22420
1284 43240
1287 6400
1288 3960
1295 4340
1311 13880
1321 4260
1324 16900
1327 3460
1328 9480
1335 2680
1338 43240
1351 7300
1361 2900
1364 4040
1367 21220
1368 3640
1375 23880
1378 16900
1391 29180
1401 2140
1404 4860
1407 4820
1408 3340
1415 3760
1418 4040
1431 7840
1441 6780
1444 3960
1447 4340
1448 2500
1455 4520
1458 4860
1471 20600
1481 3220
1484 9480
1487 2680
1488 14200
1495 4560
1498 3960
1511 6140
1515 43240
1521 3660
1524 3640
1527 23880
1528 2680
1535 22420
1538 9480
1551 25620
1555 16900
1561 85500
1564 3340
1567 3760
1568 4400
1575 4260
1578 3640
1591 8480
1595 4040
1601 28540
1604 2500
1607 4520
1608 3660
1615 2900
1618 3340
1631 30180
1635 4860
1641 6020
1644 14200
1647 4560
1648 25840
1655 2140
1658 2500
1671 8020
1675 3960
1681 8580
1684 2680
1687 22420
1688 5340
1695 6780
1698 14200
1711 30280
1715 9480
1721 5100
1724 4400
1727 4260
1728 6400
1735 3220
1738 2680
1751 7220
1755 3640
1761 16740
1764 3660
1767 2900
1768 3460
1775 3660
1778 4400
1791 25740
1795 3340
1801 5460
1804 25840
1807 2140
1808 21220
1815 85500
1818 3660
1831 9380
1835 2500
1841 5360
1844 5340
1847 6780
1848 4820
1855 28540
1858 25840
1871 26760
1875 14200
1881 3560
1884 6400
1887 3220
1888 4340
1895 6020
1898 5340
1911 6940
1915 2680
1921 19800
1924 3460
1927 3660
1928 2680
1935 8580
1938 6400
1951 26780
1955 4400
1961 4620
1964 21220
1967 85500
1968 23880
1975 5100
1978 3460
1991 5900
1995 3660
2001 6020
2004 4820
2007 28540
2008 3760
2015 16740
2018 21220
2031 11300
2035 25840
2041 4440
2044 4340
2047 6020
2048 4520
2055 5460
2058 4820
2071 7780
2075 5340
2081 24200
2084 2680
2087 8580
2088 4560
2095 5360
2098 4340
2111 26080
2115 6400
2121 4460
2124 23880
2127 5100
2128 22420
2135 3560
2138 2680
2151 89760
2155 3460
2161 7180
2164 3760
2167 16740
2168 4260
2175 19800
2178 23880
2191 31440
2195 21220
2201 6540
2204 4520
2207 5460
2208 2900
2215 4620
2218 3760
2231 8160
2235 4820
2241 23960
2244 4560
2247 5360
2248 2140
2255 6020
2258 4520
2271 15360
2275 4340
2281 6620
2284 22420
2287 3560
2288 6780
2295 4440
2298 4560
2311 8320
2315 2680
2321 6200
2324 4260
2327 19800
2328 3220
2335 24200
2338 22420
2351 20400
2355 23880
2361 3880
2364 2900
2367 4620
2368 3660
2372 43240
2375 4460
2378 4260
2391 90960
2395 3760
2401 29140
2404 2140
2407 6020
2408 85500
2412 16900
2415 7180
2418 2900
2431 33900
2435 4520
2441 6260
2444 6780
2447 4440
2448 28540
2452 4040
2455 6540
2458 2140
2471 9580
2475 4560
2481 8280
2484 3220
2487 24200
2488 6020
2492 4860
2495 23960
2498 6780
2511 28380
2515 22420
2521 5580
2524 3660
2527 4460
2528 8580
2532 3960
2535 6620
2538 3220
2551 9720
2555 4260
2561 24420
2564 85500
2567 7180
2568 5100
2572 9480
2575 6200
2578 3660
2591 22760
2595 2900
2601 5740
2604 28540
2607 6540
2608 16740
2612 3640
2615 3880
2618 85500
2631 9900
2635 2140
2641 7460
2644 6020
2647 23960
2648 5460
2652 3340
2655 29140
2658 28540
2671 29560
2675 6780
2681 5040
2684 8580
2687 6620
2688 5360
2692 2500
2695 6260
2698 6020
2711 8020
2715 3220
2721 9180
2724 5100
2727 6200
2728 3560
2732 14200
2735 8280
2738 8580
2751 26980
2755 3660
2761 5140
2764 16740
2767 3880
2768 19800
2772 2680
2775 48820
2778 5100
2791 11160
2795 85500
2801 6380
2804 5460
2807 29140
2808 4620
2812 4400
2815 41320
2818 16740
2831 29980
2835 28540
2841 114340
2844 5360
2847 6260
2848 6020
2852 3660
2855 9780
2858 5460
2871 11060
2875 6020
2881 26100
2884 3560
2887 8280
2888 4440
2892 25840
2895 12320
2898 5360
2911 30400
2915 8580
2921 6000
2924 19800
2927 5580
2928 24200
2932 5340
2935 9000
2938 3560
2951 8340
2955 5100
2961 9080
2964 4620
2967 24420
2968 4460
2972 6400
2975 18660
