0 0
645 43240
685 16900
725 4040
765 4860
805 3960
845 9480
885 3640
925 3340
949 43240
965 2500
989 16900
1005 14200
1029 4040
1045 2680
1069 4860
1085 4400
1109 3960
1125 3660
1149 9480
1165 25840
1189 3640
1205 5340
1229 3340
1245 6400
1269 2500
1285 3460
1309 14200
1325 21220
1349 2680
1354 43240
1365 4820
1389 4400
1394 16900
1405 4340
1429 3660
1434 4040
1445 2680
1469 25840
1474 4860
1485 23880
1509 5340
1514 3960
1525 3760
1549 6400
1554 9480
1565 4520
1589 3460
1594 3640
1605 4560
1629 21220
1634 3340
1645 22420
1669 4820
1674 2500
1685 4260
1709 4340
1714 14200
1725 2900
1749 2680
1754 2680
1765 2140
1779 43240
1789 23880
1794 4400
1805 6780
1819 16900
1829 3760
1831 43240
1834 3660
1845 3220
1859 4040
1869 4520
1871 16900
1874 25840
1885 3660
1899 4860
1909 4560
1911 4040
1914 5340
1925 85500
1939 3960
1949 22420
1951 4860
1954 6400
1965 28540
1979 9480
1989 4260
1991 3960
1994 3460
2005 6020
2019 3640
2029 2900
2031 9480
2034 21220
2045 8580
2059 3340
2069 2140
2071 3640
2074 4820
2085 5100
2099 2500
2109 6780
2111 3340
2114 4340
2125 16740
2132 43240
2139 14200
2149 3220
2151 2500
2154 2680
2165 5460
2172 16900
2179 2680
2189 3660
2191 14200
2194 23880
2205 5360
2212 4040
2219 4400
2229 85500
2231 2680
2234 3760
2245 3560
2252 4860
2259 3660
2269 28540
2271 4400
2274 4520
2285 19800
2292 3960
2299 25840
2309 6020
2311 3660
2314 4560
2325 4620
2332 9480
2339 5340
2349 8580
2351 25840
2354 22420
2365 6020
2372 3640
2374 43240
2379 6400
2389 5100
2391 5340
2394 4260
2405 4440
2412 3340
2414 16900
2419 3460
2429 16740
2431 6400
2434 2900
2445 24200
2452 2500
2454 4040
2459 21220
2469 5460
2470 43240
2471 3460
2474 2140
2485 4460
2492 14200
2494 4860
2499 4820
2509 5360
2510 16900
2511 21220
2514 6780
2525 7180
2532 45920
2534 3960
2539 4340
2549 3560
2550 4040
2551 4820
2554 3220
2565 6540
2572 21300
2574 9480
2579 2680
2589 19800
2590 4860
2591 4340
2594 3660
2605 23960
2612 7700
2614 3640
2619 23880
2629 4620
2630 3960
2631 2680
2634 85500
2645 6620
2652 30700
2654 3340
2659 3760
2669 6020
2670 9480
2671 23880
2674 28540
2685 6200
2692 9300
2694 2500
2699 4520
2709 4440
2710 3640
2711 3760
2714 6020
2725 3880
2732 15880
2734 14200
2739 4560
2749 24200
2750 3340
2751 4520
2754 8580
2765 29140
2772 7100
2774 2680
2775 43240
2779 22420
2789 4460
2790 2500
2791 4560
2794 5100
2805 6260
2806 43240
2812 24560
2814 4400
2815 16900
2819 4260
2829 7180
2830 14200
2831 22420
2834 16740
2845 8280
2846 16900
2852 7320
2854 3660
2855 4040
2859 2900
2869 6540
2870 2680
2871 4260
2874 5460
2885 5580
2886 4040
2892 18540
2894 25840
2895 4860
2899 2140
2909 23960
2910 4400
2911 2900
2914 5360
2925 24420
2926 4860
2932 5360
2934 5340
2935 3960
2939 6780
2949 6620
2950 3660
2951 2140
2954 3560
2965 5740
2966 3960
2972 28280
2974 6400
2975 9480
2979 3220
2989 6200
2990 25840
2991 6780
2994 15840
