0 0
155 43240
195 16900
235 4040
275 4860
315 3960
355 9480
395 3640
415 43240
435 3340
455 16900
475 2500
495 4040
515 14200
526 43240
535 4860
555 2680
566 16900
575 3960
595 4400
606 4040
615 9480
635 3660
642 43240
646 4860
655 3640
675 25840
682 16900
686 3960
695 3340
715 5340
722 4040
726 9480
735 2500
755 6400
762 4860
766 3640
775 14200
795 3460
802 3960
806 3340
815 2680
835 21220
842 9480
846 2500
855 4400
875 4820
882 3640
886 14200
895 3660
915 4340
922 3340
926 2680
935 25840
955 2680
962 2500
966 4400
975 5340
995 23880
1002 14200
1006 3660
1009 43240
1015 6400
1035 3760
1042 2680
1046 25840
1049 16900
1055 3460
1075 4520
1082 4400
1086 5340
1089 4040
1095 21220
1115 4560
1122 3660
1126 6400
1129 4860
1135 4820
1155 22420
1162 25840
1166 3460
1169 3960
1175 4340
1195 4260
1202 5340
1206 21220
1209 9480
1215 2680
1235 2900
1242 6400
1246 4820
1249 3640
1255 23880
1275 2140
1282 3460
1286 4340
1289 3340
1295 3760
1315 6780
1322 21220
1326 2680
1329 2500
1335 4520
1355 3220
1362 4820
1366 23880
1369 14200
1375 4560
1395 3660
1402 4340
1406 3760
1409 2680
1415 22420
1435 85500
1442 2680
1446 4520
1449 4400
1455 4260
1462 43240
1475 28540
1482 23880
1486 4560
1489 3660
1495 2900
1502 16900
1515 6020
1522 3760
1526 22420
1529 25840
1535 2140
1542 4040
1555 8580
1562 4520
1566 4260
1569 5340
1575 6780
1582 4860
1595 5100
1602 4560
1606 2900
1609 6400
1615 3220
1622 3960
1635 16740
1642 22420
1646 2140
1649 3460
1655 3660
1662 9480
1675 5460
1682 4260
1686 6780
1689 21220
1695 85500
1702 3640
1715 5360
1722 2900
1726 3220
1729 4820
1735 28540
1742 3340
1755 3560
1762 2140
1766 3660
1769 4340
1775 6020
1782 2500
1795 19800
1802 6780
1806 85500
1809 2680
1815 8580
1822 14200
1835 4620
1842 3220
1846 28540
1849 23880
1855 5100
1862 2680
1875 6020
1882 3660
1886 6020
1889 3760
1895 16740
1902 4400
1906 43240
1915 4440
1922 85500
1926 8580
1929 4520
1935 5460
1942 3660
1946 16900
1955 24200
1962 28540
1966 5100
1969 4560
1975 5360
1982 25840
1986 4040
1995 4460
2002 6020
2006 16740
2009 22420
2015 3560
2022 5340
2026 4860
2035 7180
2042 8580
2046 5460
2049 4260
2055 19800
2062 6400
2066 3960
2075 6540
2082 5100
2086 5360
2089 2900
2095 4620
2102 3460
2106 9480
2115 23960
2122 16740
2126 3560
2129 2140
2135 6020
2142 21220
2146 3640
2155 6620
2162 5460
2166 19800
2169 6780
2175 4440
2182 4820
2186 3340
2195 6200
2202 5360
2206 4620
2209 3220
2215 24200
2221 43240
2222 4340
2226 2500
2235 3880
2242 3560
2246 6020
2249 3660
2255 4460
2261 16900
2262 2680
2266 14200
2275 29140
2282 19800
2286 4440
2289 85500
2295 7180
2301 4040
2302 23880
2306 2680
2315 6260
2322 4620
2326 24200
2329 28540
2335 6540
2341 4860
2342 3760
2346 4400
2355 8280
2362 6020
2366 4460
2369 6020
2375 23960
2381 3960
2382 4520
2386 3660
2395 5580
2402 4440
2406 7180
2409 8580
2415 6620
2421 9480
2422 4560
2426 25840
2435 24420
2442 24200
2446 6540
2449 5100
2455 6200
2461 3640
2462 22420
2466 5340
2475 5740
2482 4460
2486 23960
2489 16740
2495 3880
2501 3340
2502 4260
2506 6400
2515 7460
2517 43240
2522 7180
2526 6620
2529 5460
2535 29140
2541 2500
2542 2900
2546 3460
2555 5040
2557 16900
2562 6540
2566 6200
2569 5360
2575 6260
2581 14200
2582 2140
2586 21220
2595 9180
2597 4040
2602 23960
2606 3880
2609 3560
2615 8280
2621 2680
2622 6780
2626 4820
2635 5140
2637 4860
2642 6620
2646 29140
2649 19800
2655 5580
2661 4400
2662 3220
2666 4340
2675 6380
2677 3960
2682 6200
2686 6260
2689 4620
2695 24420
2701 3660
2702 3660
2706 2680
2713 43240
2715 114340
2717 9480
2722 3880
2726 8280
2729 6020
2735 5740
2741 25840
2742 85500
2746 23880
2753 16900
2755 26100
2757 3640
2762 29140
2766 5580
2769 4440
2775 7460
2781 5340
2782 28540
2786 3760
2793 4040
2795 6000
2797 3340
2802 6260
2805 43240
2806 24420
2809 24200
2815 5040
2821 6400
2822 6020
2826 4520
2833 4860
2835 9080
2837 2500
2842 8280
2845 16900
2846 5740
2849 4460
2855 9180
2861 3460
2862 8580
2866 4560
2873 3960
2875 5860
2877 14200
2882 5580
2885 4040
2886 7460
2889 7180
2895 5140
2901 21220
2902 5100
2906 22420
2913 9480
2915 23580
2917 2680
2922 24420
2925 4860
2926 5040
2929 6540
2935 6380
2941 4820
2942 16740
2946 4260
2953 3640
2955 6480
2957 4400
2962 5740
2965 3960
2966 9180
2969 23960
2975 114340
2981 4340
2982 5460
2986 2900
2993 3340
2995 9400
2997 1830
