0 0
417 43240
457 16900
465 43240
497 4040
505 16900
537 4860
545 4040
577 3960
585 4860
617 9480
625 3960
657 3640
665 9480
697 3340
705 3640
737 2500
745 3340
777 14200
785 2500
817 2680
825 14200
844 43240
857 4400
865 2680
884 16900
897 3660
905 4400
924 4040
937 25840
945 3660
964 4860
977 5340
985 25840
1004 3960
1017 6400
1025 5340
1044 9480
1057 3460
1065 6400
1084 3640
1097 21220
1105 3460
1124 3340
1137 4820
1145 21220
1164 2500
1177 4340
1185 4820
1204 14200
1217 2680
1225 4340
1244 2680
1257 23880
1265 2680
1271 43240
1284 4400
1297 3760
1305 23880
1311 16900
1324 3660
1337 4520
1345 3760
1351 4040
1364 25840
1377 4560
1385 4520
1391 4860
1404 5340
1417 22420
1425 4560
1431 3960
1444 6400
1457 4260
1465 22420
1471 9480
1484 3460
1489 43240
1497 2900
1505 4260
1511 3640
1524 21220
1529 16900
1537 2140
1545 2900
1551 3340
1564 4820
1569 4040
1573 43240
1577 6780
1585 2140
1588 43240
1591 2500
1604 4340
1609 4860
1613 16900
1617 3220
1625 6780
1628 16900
1631 14200
1644 2680
1649 3960
1653 4040
1657 3660
1665 3220
1668 4040
1671 2680
1684 23880
1689 9480
1693 4860
1697 85500
1705 3660
1708 4860
1711 4400
1724 3760
1729 3640
1733 3960
1737 28540
1745 85500
1748 3960
1751 3660
1764 4520
1769 3340
1773 9480
1777 6020
1785 28540
1787 43240
1788 9480
1791 25840
1804 4560
1809 2500
1813 3640
1817 8580
1825 6020
1827 16900
1828 3640
1831 5340
1844 22420
1849 14200
1853 3340
1857 5100
1865 8580
1867 4040
1868 3340
1871 6400
1884 4260
1889 2680
1893 2500
1897 16740
1905 5100
1907 4860
1908 2500
1911 3460
1924 2900
1929 4400
1933 14200
1937 5460
1945 16740
1947 3960
1948 14200
1951 21220
1964 2140
1969 3660
1973 2680
1977 5360
1985 5460
1987 9480
1988 2680
1991 4820
2004 6780
2008 43240
2009 25840
2013 4400
2017 3560
2025 5360
2027 3640
2028 4400
2031 4340
2044 3220
2047 43240
2048 16900
2049 5340
2053 3660
2057 19800
2065 3560
2067 3340
2068 3660
2071 2680
2084 3660
2087 16900
2088 4040
2089 6400
2093 25840
2097 4620
2105 19800
2107 2500
2108 25840
2111 23880
2124 85500
2127 4040
2128 4860
2129 3460
2133 5340
2137 6020
2145 4620
2147 14200
2148 5340
2151 3760
2164 28540
2167 4860
2168 3960
2169 21220
2173 6400
2177 4440
2185 6020
2187 2680
2188 6400
2191 4520
2204 6020
2207 3960
2208 9480
2209 4820
2213 3460
2217 24200
2225 4440
2227 4400
2228 3460
2231 4560
2244 8580
2247 9480
2248 3640
2249 4340
2253 21220
2257 4460
2265 24200
2267 3660
2268 21220
2271 22420
2284 5100
2287 3640
2288 3340
2289 2680
2293 4820
2297 7180
2305 4460
2307 25840
2308 4820
2311 4260
2324 16740
2327 3340
2328 2500
2329 23880
2333 4340
2337 6540
2345 7180
2347 5340
2348 4340
2351 2900
2364 5460
2367 2500
2368 14200
2369 3760
2373 2680
2377 23960
2385 6540
2387 6400
2388 2680
2391 2140
2404 5360
2407 14200
2408 2680
2409 4520
2413 23880
2417 6620
2425 23960
2427 3460
2428 23880
2431 6780
2444 3560
2447 2680
2448 4400
2449 4560
2453 3760
2457 6200
2465 6620
2467 21220
2468 3760
2471 3220
2484 19800
2487 4400
2488 3660
2489 22420
2493 4520
2497 3880
2505 6200
2507 4820
2508 4520
2511 3660
2524 4620
2527 3660
2528 25840
2529 4260
2533 4560
2537 29140
2545 3880
2547 4340
2548 4560
2551 85500
2564 6020
2567 25840
2568 5340
2569 2900
2573 22420
2577 6260
2585 29140
2587 2680
2588 22420
2591 28540
2604 4440
2607 5340
2608 6400
2609 2140
2613 4260
2614 43240
2617 8280
2625 6260
2627 23880
2628 4260
2631 6020
2644 24200
2647 6400
2648 3460
2649 6780
2653 2900
2654 16900
2657 5580
2665 8280
2667 3760
2668 2900
2671 8580
2684 4460
2687 3460
2688 21220
2689 3220
2693 2140
2694 4040
2697 24420
2705 5580
2707 4520
2708 2140
2711 5100
2724 7180
2727 21220
2728 4820
2729 3660
2733 6780
2734 4860
2737 5740
2745 24420
2747 4560
2748 6780
2751 16740
2764 6540
2767 4820
2768 4340
2769 85500
2773 3220
2774 3960
2777 7460
2785 5740
2787 22420
2788 3220
2791 5460
2804 23960
2807 4340
2808 2680
2809 28540
2813 3660
2814 9480
2817 5040
2825 7460
2827 4260
2828 3660
2831 5360
2844 6620
2847 2680
2848 23880
2849 6020
2853 85500
2854 3640
2857 9180
2865 5040
2867 2900
2868 85500
2871 3560
2884 6200
2887 23880
2888 3760
2889 8580
2893 28540
2894 3340
2897 5140
2905 9180
2907 2140
2908 28540
2911 19800
2924 3880
2927 3760
2928 4520
2929 5100
2933 6020
2934 2500
2937 6380
2945 5140
2947 6780
2948 6020
2951 4620
2964 29140
2967 4520
2968 4560
2969 16740
2973 8580
2974 14200
2977 50206
