0 0
474 43240
514 16900
554 4040
594 4860
621 43240
634 3960
661 16900
674 9480
701 4040
703 43240
714 3640
741 4860
743 16900
754 3340
781 3960
783 4040
794 2500
821 9480
823 4860
834 14200
861 3640
863 3960
874 2680
901 3340
903 9480
907 43240
914 4400
941 2500
943 3640
947 16900
954 3660
981 14200
983 3340
987 4040
994 25840
1021 2680
1023 2500
1027 4860
1034 5340
1061 4400
1063 14200
1067 3960
1074 6400
1101 3660
1103 2680
1107 9480
1114 3460
1141 25840
1143 4400
1147 3640
1150 43240
1154 21220
1181 5340
1183 3660
1187 3340
1190 16900
1194 4820
1221 6400
1223 25840
1227 2500
1230 4040
1234 4340
1261 3460
1263 5340
1267 14200
1270 4860
1274 2680
1301 21220
1303 6400
1307 2680
1309 43240
1310 3960
1314 23880
1341 4820
1343 3460
1347 4400
1349 16900
1350 9480
1354 3760
1381 4340
1383 21220
1387 3660
1389 4040
1390 3640
1394 4520
1401 43240
1421 2680
1423 4820
1427 25840
1429 4860
1430 3340
1434 4560
1441 16900
1461 23880
1463 4340
1467 5340
1469 3960
1470 2500
1474 22420
1481 4040
1501 3760
1503 2680
1507 6400
1509 9480
1510 14200
1514 4260
1521 4860
1541 4520
1543 23880
1547 3460
1549 3640
1550 2680
1554 2900
1561 3960
1581 4560
1583 3760
1584 43240
1587 21220
1589 3340
1590 4400
1594 2140
1601 9480
1621 22420
1623 4520
1624 16900
1627 4820
1629 2500
1630 3660
1634 6780
1641 3640
1661 4260
1663 4560
1664 4040
1667 4340
1669 14200
1670 25840
1674 3220
1681 3340
1701 2900
1703 22420
1704 4860
1707 2680
1709 2680
1710 5340
1714 3660
1721 2500
1741 2140
1743 4260
1744 3960
1747 23880
1749 4400
1750 6400
1754 85500
1761 14200
1781 6780
1783 2900
1784 9480
1787 3760
1789 3660
1790 3460
1794 28540
1801 2680
1821 3220
1823 2140
1824 3640
1827 4520
1829 25840
1830 21220
1834 6020
1841 4400
1861 3660
1863 6780
1864 3340
1867 4560
1869 5340
1870 4820
1874 8580
1881 3660
1901 85500
1903 3220
1904 2500
1907 22420
1909 6400
1910 4340
1914 5100
1921 25840
1941 28540
1943 3660
1944 14200
1947 4260
1949 3460
1950 2680
1954 16740
1961 5340
1981 6020
1983 85500
1984 2680
1987 2900
1989 21220
1990 23880
1994 5460
2001 6400
2021 8580
2023 28540
2024 4400
2027 2140
2029 4820
2030 3760
2034 5360
2041 3460
2061 5100
2063 6020
2064 3660
2067 6780
2069 4340
2070 4520
2074 3560
2081 21220
2091 43240
2101 16740
2103 8580
2104 25840
2107 3220
2109 2680
2110 4560
2114 19800
2121 4820
2131 16900
2141 5460
2143 5100
2144 5340
2147 3660
2149 23880
2150 22420
2154 4620
2161 4340
2171 4040
2181 5360
2183 16740
2184 6400
2187 85500
2189 3760
2190 4260
2194 6020
2201 2680
2211 4860
2221 3560
2223 5460
2224 3460
2227 28540
2229 4520
2230 2900
2234 4440
2241 23880
2251 3960
2261 19800
2263 5360
2264 21220
2267 6020
2269 4560
2270 2140
2274 24200
2281 3760
2291 9480
2301 4620
2303 3560
2304 4820
2307 8580
2309 22420
2310 6780
2314 4460
2321 4520
2331 3640
2341 6020
2343 19800
2344 4340
2347 5100
2349 4260
2350 3220
2354 7180
2361 4560
2371 3340
2381 4440
2383 4620
2384 2680
2387 16740
2389 2900
2390 3660
2394 6540
2401 22420
2411 2500
2421 24200
2423 6020
2424 23880
2427 5460
2429 2140
2430 85500
2434 23960
2441 4260
2451 14200
2461 4460
2463 4440
2464 3760
2467 5360
2469 6780
2470 28540
2474 6620
2481 2900
2491 2680
2501 7180
2503 24200
2504 4520
2507 3560
2509 3220
2510 6020
2514 6200
2521 2140
2531 4400
2541 6540
2543 4460
2544 4560
2547 19800
2549 3660
2550 8580
2554 3880
2561 6780
2571 3660
2581 23960
2583 7180
2584 22420
2587 4620
2589 85500
2590 5100
2594 29140
2601 3220
2611 25840
2621 6620
2623 6540
2624 4260
2627 6020
2629 28540
2630 16740
2634 6260
2641 3660
2651 5340
2661 6200
2663 23960
2664 2900
2667 4440
2669 6020
2670 5460
2674 8280
2681 85500
2691 6400
2701 3880
2703 6620
2704 2140
2707 24200
2709 8580
2710 5360
2714 5580
2721 28540
2731 3460
2741 29140
2743 6200
2744 6780
2747 4460
2749 5100
2750 3560
2754 24420
2761 6020
2771 21220
2781 6260
2783 3880
2784 3220
2787 7180
2789 16740
2790 19800
2794 5740
2801 8580
2811 4820
2821 8280
2823 29140
2824 3660
2827 6540
2829 5460
2830 4620
2834 7460
2841 5100
2851 4340
2861 5580
2863 6260
2864 85500
2867 23960
2869 5360
2870 6020
2874 5040
2881 16740
2891 2680
2901 24420
2903 8280
2904 28540
2907 6620
2909 3560
2910 4440
2914 9180
2921 5460
2931 23880
2941 5740
2943 5580
2944 6020
2947 6200
2949 19800
2950 24200
2954 5140
2961 5360
2971 3760
2981 7460
2983 24420
2984 8580
2987 3880
2989 4620
2990 4460
2994 5104
