0 0
554 43240
594 16900
634 4040
667 43240
674 4860
707 16900
714 3960
747 4040
754 9480
761 43240
787 4860
794 3640
801 16900
827 3960
834 3340
841 4040
867 9480
874 2500
881 4860
907 3640
914 14200
921 3960
947 3340
954 2680
961 9480
987 2500
994 4400
1001 3640
1027 14200
1034 3660
1041 3340
1067 2680
1074 25840
1081 2500
1107 4400
1114 5340
1121 14200
1147 3660
1154 6400
1161 2680
1187 25840
1194 3460
1201 4400
1227 5340
1234 21220
1241 3660
1267 6400
1274 4820
1281 25840
1301 43240
1307 3460
1314 4340
1321 5340
1341 16900
1347 21220
1354 2680
1361 6400
1381 4040
1387 4820
1394 23880
1401 3460
1421 4860
1427 4340
1434 3760
1439 43240
1441 21220
1461 3960
1467 2680
1474 4520
1479 16900
1481 4820
1501 9480
1507 23880
1514 4560
1519 4040
1521 4340
1541 3640
1547 3760
1554 22420
1559 4860
1561 2680
1581 3340
1587 4520
1594 4260
1599 3960
1601 23880
1621 2500
1627 4560
1634 2900
1639 9480
1641 3760
1661 14200
1667 22420
1674 2140
1679 3640
1681 4520
1686 43240
1701 2680
1707 4260
1714 6780
1719 3340
1721 4560
1726 16900
1741 4400
1747 2900
1754 3220
1759 2500
1761 22420
1766 4040
1781 3660
1787 2140
1794 3660
1799 14200
1801 4260
1806 4860
1821 25840
1827 6780
1834 85500
1839 2680
1841 2900
1846 3960
1861 5340
1867 3220
1874 28540
1879 4400
1881 2140
1886 9480
1901 6400
1907 3660
1914 6020
1919 3660
1921 6780
1926 3640
1941 3460
1947 85500
1954 8580
1959 25840
1961 3220
1966 3340
1981 21220
1987 28540
1994 5100
1999 5340
2001 3660
2006 2500
2021 4820
2027 6020
2034 16740
2039 6400
2041 85500
2046 14200
2061 4340
2067 8580
2074 5460
2079 3460
2081 28540
2086 2680
2101 2680
2107 5100
2114 5360
2119 21220
2121 6020
2126 4400
2141 23880
2146 43240
2147 16740
2154 3560
2159 4820
2161 8580
2166 3660
2181 3760
2186 16900
2187 5460
2189 43240
2194 19800
2199 4340
2201 5100
2205 43240
2206 25840
2221 4520
2226 4040
2227 5360
2229 16900
2234 4620
2239 2680
2241 16740
2242 43240
2245 16900
2246 5340
2261 4560
2266 4860
2267 3560
2269 4040
2274 49260
2279 23880
2281 5460
2282 16900
2285 4040
2286 6400
2301 22420
2306 3960
2307 19800
2309 4860
2314 21340
2319 3760
2321 5360
2322 4040
2325 4860
2326 3460
2341 4260
2346 9480
2347 4620
2349 3960
2354 28240
2359 4520
2361 3560
2362 4860
2365 3960
2366 21220
2376 43240
2381 2900
2386 3640
2387 6020
2389 9480
2394 9320
2399 4560
2401 19800
2402 3960
2405 9480
2406 4820
2416 16900
2421 2140
2426 3340
2427 4440
2429 3640
2434 11140
2439 22420
2441 4620
2442 9480
2445 3640
2446 4340
2456 4040
2461 6780
2466 2500
2467 24200
2469 3340
2474 16020
2479 4260
2481 6020
2482 3640
2485 3340
2486 2680
2496 4860
2501 3220
2506 14200
2507 4460
2509 2500
2514 27600
2519 2900
2521 4440
2522 3340
2525 2500
2526 23880
2536 3960
2541 3660
2546 2680
2547 7180
2549 14200
2554 9960
2559 2140
2561 24200
2562 2500
2565 14200
2566 3760
2576 9480
2581 85500
2586 4400
2587 6540
2589 2680
2594 8700
2599 6780
2601 4460
2602 14200
2605 2680
2606 4520
2616 3640
2621 28540
2626 3660
2627 23960
2629 4400
2634 18080
2639 3220
2641 7180
2642 2680
2645 4400
2646 4560
2656 3340
2661 6020
2666 25840
2667 6620
2669 3660
2674 31820
2679 3660
2681 6540
2682 4400
2685 3660
2686 22420
2696 2500
2701 8580
2706 5340
2707 6200
2709 25840
2711 43240
2714 10660
2719 85500
2721 23960
2722 3660
2725 25840
2726 4260
2736 14200
2741 5100
2746 6400
2747 3880
2749 5340
2751 16900
2754 11940
2759 28540
2761 6620
2762 25840
2765 5340
2766 2900
2776 2680
2781 16740
2786 3460
2787 29140
2789 6400
2791 4040
2794 31420
2799 6020
2801 6200
2802 5340
2805 6400
2806 2140
2816 4400
2821 5460
2826 21220
2827 6260
2829 3460
2831 4860
2834 29760
2839 8580
2841 3880
2842 6400
2845 3460
2846 6780
2856 3660
2861 5360
2866 4820
2867 8280
2869 21220
2871 3960
2874 12140
2879 5100
2881 29140
2882 3460
2885 21220
2886 3220
2896 25840
2901 3560
2906 4340
2907 5580
2909 4820
2911 9480
2914 10920
2919 16740
2921 6260
2922 21220
2925 4820
2926 3660
2936 5340
2941 19800
2946 2680
2947 24420
2949 4340
2951 3640
2954 26260
2959 5460
2961 8280
2962 4820
2965 4340
2966 85500
2976 6400
2981 4620
2986 23880
2987 5740
2989 2680
2991 3340
2994 13541
