0 0
146 43240
186 16900
226 4040
266 4860
306 3960
346 9480
355 43240
386 3640
395 16900
426 3340
435 4040
466 2500
475 4860
489 43240
506 14200
515 3960
529 16900
546 2680
555 9480
560 43240
569 4040
586 4400
595 3640
600 16900
609 4860
626 3660
635 3340
640 4040
649 3960
666 25840
675 2500
680 4860
689 9480
706 5340
715 14200
720 3960
729 3640
746 6400
755 2680
760 9480
769 3340
786 3460
795 4400
800 3640
809 2500
826 21220
835 3660
840 3340
849 14200
866 4820
875 25840
880 2500
889 2680
906 4340
915 5340
920 14200
929 4400
946 2680
955 6400
960 2680
969 3660
986 23880
995 3460
1000 4400
1009 25840
1026 3760
1035 21220
1040 3660
1049 5340
1066 4520
1075 4820
1080 25840
1089 6400
1106 4560
1115 4340
1120 5340
1129 3460
1146 22420
1155 2680
1160 6400
1169 21220
1186 4260
1195 23880
1200 3460
1209 4820
1226 2900
1235 3760
1240 21220
1249 4340
1266 2140
1275 4520
1280 4820
1289 2680
1306 6780
1315 4560
1320 4340
1329 23880
1346 3220
1355 22420
1360 2680
1369 3760
1386 3660
1395 4260
1400 23880
1409 4520
1426 85500
1435 2900
1440 3760
1449 4560
1466 28540
1475 2140
1476 43240
1480 4520
1489 22420
1506 6020
1515 6780
1516 16900
1520 4560
1529 4260
1531 43240
1546 8580
1555 3220
1556 4040
1560 22420
1565 43240
1569 2900
1571 16900
1586 5100
1595 3660
1596 4860
1600 4260
1605 16900
1609 45380
1611 4040
1626 16740
1635 85500
1636 3960
1640 2900
1645 4040
1649 23680
1651 4860
1666 5460
1675 28540
1676 9480
1680 2140
1685 4860
1689 7260
1691 3960
1706 5360
1715 6020
1716 3640
1720 6780
1725 3960
1729 8520
1731 9480
1746 3560
1755 8580
1756 3340
1760 3220
1765 9480
1769 89460
1771 3640
1786 19800
1789 43240
1795 5100
1796 2500
1800 3660
1805 3640
1809 38020
1811 3340
1826 4620
1829 16900
1835 16740
1836 14200
1840 85500
1845 3340
1849 9660
1851 2500
1866 6020
1869 4040
1875 5460
1876 2680
1880 28540
1885 2500
1889 11920
1891 14200
1906 4440
1909 4860
1915 5360
1916 4400
1920 6020
1925 14200
1929 7600
1931 2680
1946 24200
1949 3960
1955 3560
1956 3660
1960 8580
1965 2680
1969 30940
1971 4400
1986 4460
1989 9480
1995 19800
1996 25840
2000 5100
2005 4400
2009 8140
2011 3660
2026 7180
2029 3640
2035 4620
2036 5340
2040 16740
2045 3660
2049 9760
2051 25840
2066 6540
2069 3340
2075 6020
2076 6400
2080 5460
2085 25840
2089 7220
2091 5340
2106 23960
2109 2500
2115 4440
2116 3460
2120 5360
2125 5340
2129 45640
2131 6400
2146 6620
2149 14200
2155 24200
2156 21220
2160 3560
2165 6400
2169 9960
2171 3460
2186 6200
2189 2680
2195 4460
2196 4820
2200 19800
2205 3460
2209 12420
2211 21220
2226 3880
2229 4400
2233 43240
2235 7180
2236 4340
2240 4620
2245 21220
2249 7900
2251 4820
2266 29140
2269 3660
2273 16900
2275 6540
2276 2680
2280 6020
2285 4820
2289 45420
2291 4340
2306 6260
2309 25840
2313 4040
2315 23960
2316 23880
2320 4440
2325 4340
2329 9280
2331 2680
2346 8280
2349 5340
2353 4860
2355 6620
2356 3760
2360 24200
2365 2680
2369 11520
2371 23880
2386 5580
2389 6400
2393 3960
2395 6200
2396 4520
2400 4460
2405 23880
2409 9220
2411 3760
2426 24420
2429 3460
2433 9480
2435 3880
2436 4560
2440 7180
2445 3760
2449 47840
2451 4520
2466 5740
2469 21220
2473 3640
2475 29140
2476 22420
2480 6540
2485 4520
2489 10380
2491 4560
2506 7460
2509 4820
2513 3340
2515 6260
2516 4260
2520 23960
2525 4560
2529 10720
2531 22420
2546 5040
2549 4340
2553 2500
2555 8280
2556 2900
2560 6620
2565 22420
2569 8440
2571 4260
2586 9180
2589 2680
2593 14200
2595 5580
2596 2140
2600 6200
2605 4260
2609 51560
2611 2900
2626 5140
2629 23880
2633 2680
2635 24420
2636 6780
2640 3880
2645 2900
2649 10520
2651 2140
2666 6380
2669 3760
2673 4400
2675 5740
2676 3220
2680 29140
2685 2140
2689 11180
2691 6780
2706 114340
2709 4520
2713 3660
2715 7460
2716 3660
2720 6260
2725 6780
2729 7720
2731 3220
2746 26100
2749 4560
2753 25840
2755 5040
2756 85500
2760 8280
2765 3220
2769 31200
2771 3660
2786 6000
2789 22420
2793 5340
2795 9180
2796 28540
2800 5580
2805 3660
2809 8960
2811 85500
2826 9080
2829 4260
2833 6400
2835 5140
2836 6020
2840 24420
2845 85500
2849 11120
2851 28540
2866 5860
2869 2900
2873 3460
2875 6380
2876 8580
2880 5740
2885 28540
2889 90540
2891 6020
2906 23580
2909 2140
2913 21220
2915 114340
2916 5100
2920 7460
2925 49260
2929 37720
2931 8580
2946 6480
2949 6780
2953 4820
2955 26100
2956 16740
2960 5040
2965 25480
2969 11160
