0 0
110 43240
150 16900
190 4040
230 4860
270 3960
273 43240
308 43240
310 9480
313 16900
327 43240
348 16900
350 3640
353 4040
367 16900
388 4040
390 3340
393 4860
407 4040
426 43240
428 4860
430 2500
433 3960
447 4860
466 16900
468 3960
470 14200
473 9480
487 3960
506 4040
508 9480
510 2680
513 3640
527 9480
546 4860
548 3640
550 4400
553 3340
567 3640
586 3960
588 3340
590 3660
593 2500
607 3340
626 9480
628 2500
630 25840
633 14200
647 2500
666 3640
668 14200
670 5340
673 2680
687 14200
706 3340
708 2680
710 6400
713 4400
727 2680
746 2500
748 4400
750 3460
753 3660
762 43240
767 4400
786 14200
788 3660
790 21220
793 25840
802 16900
807 3660
826 2680
828 25840
830 4820
833 5340
842 4040
847 25840
866 4400
868 5340
870 4340
873 6400
882 4860
887 5340
906 3660
908 6400
910 2680
913 3460
922 3960
927 6400
946 25840
948 3460
950 23880
953 21220
962 9480
967 3460
986 5340
988 21220
990 3760
993 4820
1002 3640
1007 21220
1026 6400
1028 4820
1030 4520
1033 4340
1042 3340
1046 43240
1047 4820
1066 3460
1068 4340
1070 4560
1073 2680
1082 2500
1086 16900
1087 4340
1106 21220
1108 2680
1110 22420
1113 23880
1122 14200
1126 4040
1127 2680
1146 4820
1148 23880
1150 4260
1153 3760
1162 2680
1166 4860
1167 23880
1186 4340
1188 3760
1190 2900
1193 4520
1202 4400
1206 3960
1207 3760
1226 2680
1228 4520
1230 2140
1233 4560
1242 3660
1246 9480
1247 4520
1266 23880
1268 4560
1270 6780
1273 22420
1282 25840
1286 3640
1287 4560
1306 3760
1308 22420
1310 3220
1313 4260
1322 5340
1326 3340
1327 22420
1346 47760
1348 4260
1350 3660
1353 2900
1362 6400
1366 2500
1367 4260
1386 21460
1388 2900
1390 85500
1393 2140
1402 3460
1406 14200
1407 2900
1426 26460
1428 2140
1430 28540
1433 6780
1442 21220
1446 2680
1447 2140
1466 9120
1468 6780
1470 6020
1473 3220
1482 4820
1486 4400
1487 6780
1506 6860
1508 3220
1510 8580
1513 3660
1522 4340
1526 3660
1527 3220
1546 11620
1548 3660
1550 5100
1553 85500
1562 2680
1566 25840
1567 3660
1586 10420
1588 85500
1590 16740
1593 28540
1602 23880
1606 5340
1607 85500
1626 6560
1628 28540
1630 5460
1633 6020
1642 3760
1646 6400
1647 28540
1666 6160
1668 6020
1670 5360
1673 8580
1682 4520
1686 3460
1687 6020
1706 99700
1707 43240
1708 8580
1710 3560
1713 5100
1722 4560
1726 21220
1727 8580
1746 31220
1747 16900
1748 5100
1750 19800
1753 16740
1762 22420
1766 4820
1767 5100
1786 10420
1787 4040
1788 16740
1790 4620
1792 43240
1793 5460
1802 4260
1806 4340
1807 16740
1826 12240
1827 4860
1828 5460
1830 6020
1832 16900
1833 5360
1842 2900
1846 2680
1847 5460
1858 43240
1866 30940
1867 3960
1868 5360
1870 4440
1872 4040
1873 3560
1882 2140
1886 23880
1887 5360
1898 16900
1906 22080
1907 9480
1908 3560
1910 24200
1912 4860
1913 19800
1922 6780
1926 3760
1927 3560
1938 4040
1946 11860
1947 3640
1948 19800
1950 4460
1952 3960
1953 4620
1962 3220
1966 4520
1967 19800
1978 4860
1986 8820
1987 3340
1988 4620
1990 7180
1992 9480
1993 6020
2002 3660
2006 4560
2007 4620
2018 3960
2026 24780
2027 2500
2028 6020
2030 6540
2032 3640
2033 4440
2042 85500
2046 22420
2047 6020
2058 9480
2066 24620
2067 14200
2068 4440
2070 23960
2072 3340
2073 24200
2082 28540
2086 4260
2087 4440
2098 3640
2106 8960
2107 2680
2108 24200
2110 6620
2112 2500
2113 4460
2122 6020
2126 2900
2127 24200
2138 3340
2146 8700
2147 4400
2148 4460
2150 6200
2152 14200
2153 50420
2162 8580
2166 2140
2167 4460
2178 2500
2186 28320
2187 3660
2188 7180
2190 3880
2192 2680
2193 23440
2202 5100
2206 6780
2207 7180
2218 14200
2226 27960
2227 25840
2228 6540
2230 29140
2232 4400
2233 28000
2242 16740
2246 3220
2247 6540
2258 2680
2266 8980
2267 5340
2268 23960
2270 6260
2272 3660
2273 11480
2282 5460
2286 3660
2287 23960
2298 4400
2306 11740
2307 6400
2308 6620
2310 8280
2312 25840
2313 10160
2322 5360
2326 85500
2327 6620
2338 3660
2346 28960
2347 3460
2348 6200
2350 5580
2352 5340
2353 13360
2362 3560
2366 28540
2367 6200
2378 25840
2386 28220
2387 21220
2388 3880
2390 24420
2392 6400
2393 32780
2402 19800
2406 6020
2407 3880
2418 5340
2426 9520
2427 4820
2428 29140
2430 5740
2432 3460
2433 9600
2442 4620
2446 8580
2447 29140
2458 6400
2466 8340
2467 4340
2468 6260
2470 7460
2472 21220
2473 10780
2482 6020
2486 5100
2487 6260
2498 3460
2506 10660
2507 2680
2508 8280
2510 5040
2512 4820
2513 19780
2522 4440
2526 16740
2527 8280
2538 21220
2546 32360
2547 23880
2548 5580
2550 9180
2552 4340
2553 27100
2562 24200
2566 5460
2567 5580
2574 43240
2578 4820
2586 9920
2587 3760
2588 24420
2590 5140
2592 2680
2593 10140
2602 4460
2606 5360
2607 24420
2614 16900
2618 4340
2626 93780
2627 4520
2628 5740
2630 6380
2632 23880
2633 11120
2634 43240
2642 7180
2645 43240
2646 3560
2647 5740
2654 4040
2658 2680
2666 34120
2667 4560
2668 7460
2670 114340
2672 3760
2673 30880
2674 16900
2682 6540
2685 16900
2686 19800
2687 7460
2694 4860
2698 23880
2706 30440
2707 22420
2708 5040
2710 26100
2712 4520
2713 14520
2714 4040
2722 23960
2725 4040
2726 4620
2727 5040
2734 3960
2738 3760
2746 14320
2747 4260
2748 9180
2750 6000
2752 4560
2753 11540
2754 4860
2762 6620
2765 4860
2766 6020
2767 9180
2774 9480
2778 4520
2786 12560
2787 2900
2788 5140
2790 9080
2792 22420
2793 9840
2794 3960
2802 6200
2805 3960
2806 4440
2807 5140
2814 3640
2818 4560
2826 21780
2827 2140
2828 6380
2830 5860
2832 4260
2833 135560
2834 9480
2842 3880
2845 9480
2846 24200
2847 6380
2854 3340
2858 22420
2866 14640
2867 6780
2868 114340
2870 23580
2872 2900
2873 30920
2874 3640
2882 29140
2885 3640
2886 4460
2887 114340
2894 2500
2898 4260
2906 10500
2907 3220
2908 26100
2910 6480
2912 2140
2913 10340
2914 3340
2922 6260
2925 3340
2926 7180
2927 26100
2934 14200
2938 2900
2946 9940
2947 3660
2948 6000
2950 9400
2952 6780
2953 11760
2954 2500
2962 8280
2965 2500
2966 6540
2967 6000
2974 2680
2978 2140
2986 134140
2987 85500
2988 9080
2990 7200
2992 3220
2993 29740
2994 3550
