0 0
183 43240
223 16900
263 4040
303 4860
343 3960
383 9480
423 3640
463 3340
473 43240
494 43240
503 2500
513 16900
534 16900
543 14200
553 4040
574 4040
583 2680
593 4860
614 4860
623 4400
633 3960
636 43240
654 3960
663 3660
673 9480
676 16900
694 9480
700 43240
703 25840
713 3640
716 4040
734 3640
740 16900
743 5340
753 3340
756 4860
774 3340
780 4040
783 6400
793 2500
796 3960
814 2500
820 4860
823 3460
833 14200
836 9480
854 14200
860 3960
863 21220
873 2680
876 3640
894 2680
900 9480
903 4820
913 4400
916 3340
934 4400
940 3640
943 4340
953 3660
956 2500
974 3660
980 3340
983 2680
993 25840
996 14200
1014 25840
1020 2500
1023 23880
1029 43240
1033 5340
1036 2680
1054 5340
1060 14200
1063 3760
1069 16900
1073 6400
1076 4400
1094 6400
1100 2680
1103 4520
1109 4040
1113 3460
1116 3660
1134 3460
1140 4400
1143 4560
1149 4860
1153 21220
1156 25840
1174 21220
1180 3660
1183 22420
1189 3960
1193 4820
1196 5340
1214 4820
1220 25840
1223 4260
1229 9480
1233 4340
1236 6400
1254 4340
1260 5340
1263 2900
1269 3640
1273 2680
1276 3460
1294 2680
1300 6400
1303 2140
1309 3340
1313 23880
1316 21220
1334 23880
1340 3460
1343 6780
1349 2500
1353 3760
1356 4820
1374 3760
1380 21220
1383 3220
1389 14200
1393 4520
1396 4340
1414 4520
1420 4820
1423 3660
1427 43240
1429 2680
1433 4560
1436 2680
1454 4560
1460 4340
1463 85500
1467 16900
1469 4400
1473 22420
1476 23880
1494 22420
1500 2680
1503 28540
1507 4040
1509 3660
1513 4260
1516 3760
1534 4260
1540 23880
1543 6020
1547 4860
1549 25840
1553 2900
1556 4520
1574 2900
1580 3760
1583 8580
1587 3960
1589 5340
1593 2140
1596 4560
1614 2140
1620 4520
1623 5100
1627 9480
1629 6400
1633 6780
1636 22420
1654 6780
1656 43240
1660 4560
1663 16740
1667 3640
1669 3460
1673 3220
1676 4260
1684 43240
1694 3220
1696 16900
1700 22420
1703 5460
1707 3340
1709 21220
1713 3660
1716 2900
1724 16900
1734 3660
1736 4040
1740 4260
1743 5360
1747 2500
1749 4820
1753 85500
1756 2140
1764 4040
1774 85500
1776 4860
1780 2900
1783 3560
1787 14200
1789 4340
1793 28540
1796 6780
1804 4860
1814 28540
1816 3960
1820 2140
1823 19800
1827 2680
1829 2680
1833 6020
1836 3220
1844 3960
1854 6020
1856 9480
1860 6780
1863 4620
1867 4400
1869 23880
1873 8580
1876 3660
1884 9480
1894 8580
1896 3640
1900 3220
1903 6020
1907 3660
1909 3760
1913 5100
1916 85500
1924 3640
1934 5100
1936 3340
1940 3660
1943 4440
1947 25840
1949 4520
1950 43240
1953 16740
1956 28540
1964 3340
1974 16740
1976 2500
1980 85500
1983 24200
1987 5340
1989 4560
1990 16900
1993 5460
1996 6020
2004 2500
2014 5460
2016 14200
2020 28540
2023 4460
2027 6400
2029 22420
2030 4040
2033 5360
2036 8580
2044 14200
2054 5360
2056 2680
2060 6020
2063 7180
2067 3460
2069 4260
2070 4860
2073 3560
2076 5100
2084 2680
2094 3560
2096 4400
2100 8580
2103 6540
2107 21220
2109 46140
2110 3960
2113 19800
2116 16740
2124 4400
2134 19800
2136 3660
2140 5100
2143 23960
2147 4820
2149 19040
2150 9480
2153 4620
2156 5460
2164 3660
2174 4620
2176 25840
2180 16740
2183 6620
2187 4340
2189 10820
2190 3640
2193 6020
2196 5360
2204 25840
2214 6020
2216 5340
2220 5460
2223 6200
2227 2680
2229 8080
2230 3340
2233 4440
2236 3560
2244 5340
2254 4440
2256 6400
2260 5360
2263 3880
2267 23880
2269 7620
2270 2500
2273 24200
2276 19800
2284 6400
2294 24200
2296 3460
2300 3560
2303 29140
2307 3760
2309 94980
2310 14200
2313 4460
2316 4620
2324 3460
2334 4460
2336 21220
2340 19800
2343 6260
2347 4520
2349 32180
2350 2680
2353 7180
2356 6020
2364 21220
2374 7180
2376 4820
2380 4620
2383 8280
2387 4560
2389 9360
2390 4400
2393 6540
2396 4440
2404 4820
2414 6540
2416 4340
2420 6020
2423 5580
2427 22420
2429 11080
2430 3660
2433 23960
2436 24200
2444 4340
2454 23960
2456 2680
2460 4440
2463 24420
2467 4260
2469 19300
2470 25840
2473 6620
2476 4460
2484 2680
2494 6620
2496 23880
2500 24200
2503 5740
2507 2900
2509 19420
2510 5340
2513 6200
2516 7180
2524 23880
2534 6200
2536 3760
2540 4460
2543 7460
2547 2140
2549 9860
2550 6400
2553 3880
2556 6540
2564 3760
2574 3880
2576 4520
2580 7180
2583 5040
2587 6780
2589 9020
2590 3460
2593 29140
2596 23960
2604 4520
2614 29140
2616 4560
2620 6540
2623 9180
2627 3220
2629 29400
2630 21220
2633 6260
2636 6620
2644 4560
2654 6260
2656 22420
2660 23960
2663 5140
2667 3660
2669 25140
2670 4820
2673 8280
2676 6200
2684 22420
2694 8280
2696 4260
2700 6620
2703 6380
2707 85500
2709 11020
2710 4340
2713 5580
2716 3880
2724 4260
2734 5580
2736 2900
2740 6200
2743 114340
2747 28540
2749 9480
2750 2680
2753 24420
2756 29140
2764 2900
2774 24420
2776 2140
2780 3880
2783 26100
2787 6020
2789 25660
2790 23880
2793 5740
2796 6260
2804 2140
2814 5740
2816 6780
2820 29140
2823 6000
2827 8580
2829 29020
2830 3760
2833 7460
2836 8280
2844 6780
2854 7460
2856 3220
2860 6260
2863 9080
2867 5100
2869 8800
2870 4520
2873 5040
2876 5580
2884 3220
2894 5040
2896 3660
2900 8280
2903 5860
2907 16740
2909 9860
2910 4560
2913 9180
2916 24420
2924 3660
2934 9180
2936 85500
2940 5580
2943 23580
2947 5460
2949 30420
2950 22420
2953 5140
2956 5740
2964 85500
2974 5140
2976 28540
2980 24420
2983 6480
2987 5360
2989 25464
