0 0
514 43240
542 43240
554 16900
582 16900
594 4040
622 4040
634 4860
662 4860
674 3960
702 3960
714 9480
742 9480
754 3640
782 3640
785 43240
794 3340
822 3340
825 16900
834 2500
862 2500
865 4040
874 14200
902 14200
905 4860
914 2680
942 2680
945 3960
954 4400
982 4400
985 9480
994 3660
1022 3660
1025 3640
1034 25840
1062 25840
1065 3340
1074 5340
1102 5340
1105 2500
1114 6400
1142 6400
1145 14200
1154 3460
1182 3460
1185 2680
1194 21220
1222 21220
1225 4400
1234 4820
1262 4820
1265 3660
1274 4340
1302 4340
1305 25840
1314 2680
1342 2680
1345 5340
1354 23880
1382 23880
1385 6400
1394 3760
1422 3760
1425 3460
1434 4520
1462 4520
1465 21220
1472 43240
1474 4560
1502 4560
1505 4820
1512 16900
1514 22420
1542 22420
1545 4340
1552 4040
1554 4260
1555 43240
1582 4260
1585 2680
1592 4860
1594 2900
1595 16900
1622 2900
1625 23880
1632 3960
1634 2140
1635 4040
1662 2140
1665 3760
1672 9480
1674 6780
1675 4860
1702 6780
1705 4520
1712 3640
1714 3220
1715 3960
1742 3220
1745 4560
1752 3340
1754 3660
1755 9480
1782 3660
1785 22420
1792 2500
1794 85500
1795 3640
1822 85500
1825 4260
1832 14200
1834 28540
1835 3340
1862 28540
1865 2900
1872 2680
1874 6020
1875 2500
1902 6020
1905 2140
1912 4400
1914 8580
1915 14200
1942 8580
1945 6780
1952 3660
1954 5100
1955 2680
1982 5100
1985 3220
1992 25840
1994 16740
1995 4400
2022 16740
2025 3660
2032 5340
2034 5460
2035 3660
2062 5460
2065 85500
2070 43240
2072 6400
2074 5360
2075 25840
2102 5360
2105 28540
2110 16900
2112 3460
2114 3560
2115 5340
2142 3560
2145 6020
2150 4040
2152 21220
2154 19800
2155 6400
2182 19800
2185 8580
2190 4860
2192 4820
2194 4620
2195 3460
2222 4620
2225 5100
2230 3960
2232 4340
2234 6020
2235 21220
2262 6020
2265 16740
2270 9480
2272 2680
2274 4440
2275 4820
2302 4440
2305 5460
2310 3640
2312 23880
2314 24200
2315 4340
2342 24200
2345 5360
2350 3340
2352 3760
2354 4460
2355 2680
2382 4460
2385 3560
2390 2500
2392 4520
2394 7180
2395 23880
2422 7180
2425 19800
2430 14200
2432 4560
2434 6540
2435 3760
2462 6540
2465 4620
2470 2680
2472 22420
2474 23960
2475 4520
2502 23960
2505 6020
2510 4400
2512 4260
2514 6620
2515 4560
2542 6620
2545 4440
2550 3660
2552 2900
2554 6200
2555 22420
2582 6200
2585 24200
2590 25840
2592 2140
2594 3880
2595 4260
2622 3880
2625 4460
2630 5340
2632 6780
2634 29140
2635 2900
2658 43240
2662 29140
2665 7180
2670 6400
2672 3220
2674 6260
2675 2140
2698 16900
2702 6260
2705 6540
2710 3460
2712 3660
2714 8280
2715 6780
2738 4040
2742 8280
2745 23960
2750 21220
2752 85500
2754 5580
2755 3220
2764 43240
2778 4860
2782 5580
2785 6620
2790 4820
2792 28540
2794 24420
2795 3660
2804 16900
2818 3960
2822 24420
2825 6200
2829 43240
2830 4340
2832 6020
2834 5740
2835 85500
2844 4040
2858 9480
2862 5740
2865 3880
2869 16900
2870 2680
2872 8580
2874 7460
2875 28540
2884 4860
2898 3640
2902 7460
2905 29140
2909 4040
2910 23880
2912 5100
2914 5040
2915 6020
2923 43240
2924 3960
2938 3340
2942 5040
2945 6260
2949 4860
2950 3760
2952 16740
2954 9180
2955 8580
2963 16900
2964 9480
2978 2500
2982 9180
2985 8280
2989 3960
