0 0
228 43240
268 16900
308 4040
348 4860
388 3960
428 9480
468 3640
508 3340
548 2500
583 43240
588 14200
623 16900
628 2680
663 4040
668 4400
703 4860
708 3660
743 3960
748 25840
783 9480
788 5340
823 3640
828 6400
863 3340
868 3460
903 2500
908 21220
943 14200
948 4820
983 2680
988 4340
1023 4400
1028 2680
1040 43240
1050 43240
1063 3660
1068 23880
1080 16900
1090 16900
1103 25840
1106 43240
1108 3760
1120 4040
1130 4040
1143 5340
1146 16900
1148 4520
1160 4860
1170 4860
1183 6400
1186 4040
1188 4560
1200 3960
1210 3960
1223 3460
1226 4860
1228 22420
1240 9480
1250 9480
1263 21220
1266 3960
1268 4260
1280 3640
1290 3640
1303 4820
1306 9480
1308 2900
1320 3340
1330 3340
1343 4340
1346 3640
1348 2140
1360 2500
1370 2500
1383 2680
1386 3340
1388 6780
1400 14200
1410 14200
1423 23880
1426 2500
1428 3220
1440 2680
1450 2680
1461 43240
1462 43240
1463 3760
1466 14200
1468 3660
1480 4400
1490 4400
1501 16900
1502 16900
1503 4520
1506 2680
1508 85500
1520 3660
1530 3660
1541 4040
1542 4040
1543 47800
1546 4400
1548 28540
1560 25840
1570 25840
1581 4860
1582 4860
1583 39320
1586 3660
1588 6020
1600 5340
1610 5340
1621 3960
1622 3960
1623 8300
1626 25840
1628 8580
1640 6400
1650 6400
1661 9480
1662 9480
1663 7760
1664 43240
1666 5340
1668 5100
1680 3460
1690 3460
1701 3640
1702 3640
1703 6100
1704 16900
1706 6400
1708 16740
1720 21220
1730 21220
1741 3340
1742 3340
1743 16260
1744 4040
1746 3460
1748 5460
1760 4820
1770 4820
1781 2500
1782 2500
1783 6860
1784 4860
1786 21220
1788 5360
1800 4340
1810 4340
1821 14200
1822 14200
1823 7000
1824 3960
1826 4820
1828 3560
1840 2680
1850 2680
1861 2680
1862 2680
1863 88000
1864 9480
1866 4340
1868 19800
1880 23880
1890 23880
1901 4400
1902 4400
1903 42740
1904 3640
1906 2680
1908 4620
1920 3760
1930 3760
1941 3660
1942 3660
1943 8700
1944 3340
1946 23880
1948 6020
1960 4520
1970 4520
1977 43240
1981 25840
1982 25840
1983 12980
1984 2500
1986 3760
1988 4440
2000 4560
2010 4560
2017 16900
2021 5340
2022 5340
2023 8760
2024 14200
2026 4520
2028 24200
2040 22420
2050 22420
2057 4040
2061 6400
2062 6400
2063 42580
2064 2680
2066 4560
2068 4460
2080 4260
2090 4260
2097 4860
2101 3460
2102 3460
2103 10800
2104 4400
2106 22420
2108 7180
2120 2900
2130 2900
2137 3960
2141 21220
2142 21220
2143 11760
2144 3660
2146 4260
2148 6540
2160 2140
2170 2140
2177 9480
2181 4820
2182 4820
2183 7020
2184 25840
2186 2900
2188 23960
2200 6780
2210 6780
2217 3640
2221 4340
2222 4340
2223 41020
2224 5340
2226 2140
2228 6620
2240 3220
2250 3220
2257 3340
2261 2680
2262 2680
2263 9440
2264 6400
2266 6780
2268 6200
2280 3660
2290 3660
2297 2500
2301 23880
2302 23880
2303 10360
2304 3460
2306 3220
2308 3880
2320 85500
2330 85500
2337 14200
2341 3760
2342 3760
2343 7120
2344 21220
2346 3660
2348 29140
2360 28540
2370 28540
2377 2680
2381 4520
2382 4520
2383 48080
2384 4820
2386 85500
2388 6260
2400 6020
2410 6020
2417 4400
2421 4560
2422 4560
2423 8220
2424 4340
2426 28540
2428 8280
2440 8580
2450 8580
2457 3660
2461 22420
2462 22420
2463 11700
2464 2680
2466 6020
2468 5580
2480 5100
2490 5100
2497 25840
2501 4260
2502 4260
2503 11100
2504 23880
2506 8580
2508 24420
2509 43240
2520 16740
2530 16740
2537 5340
2541 2900
2542 2900
2543 46380
2544 3760
2546 5100
2548 5740
2549 16900
2560 5460
2570 5460
2577 6400
2581 2140
2582 2140
2583 10880
2584 4520
2586 16740
2588 7460
2589 4040
2600 5360
2610 5360
2617 3460
2621 6780
2622 6780
2623 9100
2624 4560
2626 5460
2628 5040
2629 4860
2640 3560
2650 3560
2657 21220
2661 3220
2662 3220
2663 6020
2664 22420
2666 5360
2668 9180
2669 3960
2680 19800
2690 19800
2697 4820
2701 3660
2702 3660
2703 35920
2704 4260
2706 3560
2708 5140
2709 9480
2720 4620
2730 4620
2737 4340
2741 85500
2742 85500
2743 9480
2744 2900
2746 19800
2748 6380
2749 3640
2760 6020
2770 6020
2777 2680
2781 28540
2782 28540
2783 11940
2784 2140
2786 4620
2788 114340
2789 3340
2800 4440
2807 43240
2810 4440
2817 23880
2821 6020
2822 6020
2823 91080
2824 6780
2826 6020
2828 26100
2829 2500
2840 24200
2847 16900
2850 24200
2857 3760
2861 8580
2862 8580
2863 52960
2864 3220
2866 4440
2868 6000
2869 14200
2880 4460
2887 4040
2890 4460
2897 4520
2901 5100
2902 5100
2903 11760
2904 3660
2906 24200
2908 9080
2909 2680
2920 7180
2927 4860
2930 7180
2937 4560
2941 16740
2942 16740
2943 16040
2944 85500
2946 47700
2948 5860
2949 4400
2960 6540
2967 3960
2970 6540
2977 22420
2981 5460
2982 5460
2983 10140
2984 28540
2986 5385
