0 0
1133 43240
1173 16900
1195 43240
1213 4040
1235 16900
1253 4860
1275 4040
1293 3960
1315 4860
1333 9480
1355 3960
1373 3640
1395 9480
1413 3340
1435 3640
1453 2500
1475 3340
1493 14200
1515 2500
1533 2680
1555 14200
1573 4400
1595 2680
1613 3660
1635 4400
1653 25840
1675 3660
1693 5340
1715 25840
1733 6400
1738 43240
1755 5340
1773 3460
1778 16900
1795 6400
1813 21220
1818 4040
1835 3460
1853 4820
1858 4860
1875 21220
1893 4340
1898 3960
1915 4820
1933 2680
1938 9480
1955 4340
1973 23880
1978 3640
1995 2680
2009 43240
2013 3760
2018 3340
2035 23880
2049 16900
2053 4520
2058 2500
2075 3760
2089 4040
2093 4560
2098 14200
2115 4520
2123 43240
2129 4860
2133 22420
2138 2680
2155 4560
2163 16900
2169 3960
2173 4260
2178 4400
2195 22420
2203 4040
2209 9480
2213 2900
2218 3660
2235 4260
2243 4860
2247 43240
2249 3640
2253 2140
2258 25840
2275 2900
2283 3960
2287 16900
2289 3340
2293 6780
2298 5340
2315 2140
2323 9480
2327 4040
2329 2500
2333 3220
2338 6400
2355 6780
2363 3640
2367 4860
2369 14200
2373 3660
2378 3460
2395 3220
2403 3340
2407 3960
2409 2680
2413 85500
2418 21220
2435 3660
2443 2500
2447 9480
2449 4400
2453 28540
2458 4820
2475 85500
2483 14200
2487 3640
2489 3660
2493 6020
2498 4340
2515 28540
2523 2680
2527 3340
2529 25840
2533 8580
2538 2680
2555 6020
2563 4400
2567 2500
2569 5340
2573 5100
2578 23880
2595 8580
2603 3660
2607 14200
2609 6400
2613 16740
2618 3760
2635 5100
2643 25840
2647 2680
2649 3460
2653 5460
2658 4520
2675 16740
2679 43240
2683 5340
2687 4400
2689 21220
2693 5360
2698 4560
2715 5460
2719 16900
2723 6400
2727 3660
2729 4820
2733 3560
2738 22420
2755 5360
2759 4040
2763 3460
2767 25840
2769 4340
2773 19800
2778 4260
2795 3560
2799 4860
2803 21220
2807 5340
2809 2680
2813 47860
2818 2900
2835 19800
2839 3960
2843 4820
2847 6400
2849 23880
2853 22920
2858 2140
2875 4620
2879 9480
2883 4340
2887 3460
2889 3760
2893 8480
2898 6780
2915 6020
2919 3640
2923 2680
2927 21220
2929 4520
2932 43240
2933 29060
2938 3220
2955 4440
2959 3340
2963 23880
2967 4820
2969 4560
2972 16900
2973 8420
2978 549
