0 0
622 43240
662 16900
702 4040
742 4860
782 3960
791 43240
822 9480
831 16900
862 3640
871 4040
902 3340
911 4860
942 2500
951 3960
982 14200
991 9480
1022 2680
1031 3640
1062 4400
1071 3340
1102 3660
1111 2500
1142 25840
1151 14200
1182 5340
1191 2680
1222 6400
1231 4400
1262 3460
1271 3660
1302 21220
1311 25840
1342 4820
1351 5340
1382 4340
1391 6400
1422 2680
1431 3460
1462 23880
1471 21220
1502 3760
1511 4820
1542 4520
1551 4340
1582 4560
1591 2680
1622 22420
1631 23880
1662 4260
1671 3760
1702 2900
1711 4520
1732 43240
1742 2140
1751 4560
1772 16900
1782 6780
1791 22420
1812 4040
1822 3220
1831 4260
1852 4860
1862 3660
1871 2900
1892 3960
1902 85500
1911 2140
1932 9480
1942 28540
1951 6780
1972 3640
1982 6020
1991 3220
2012 3340
2022 8580
2031 3660
2052 2500
2062 5100
2071 85500
2088 43240
2092 14200
2102 16740
2111 28540
2128 16900
2132 2680
2142 5460
2151 6020
2168 4040
2172 4400
2182 5360
2191 8580
2208 4860
2212 3660
2222 3560
2231 5100
2248 3960
2252 25840
2262 19800
2271 16740
2288 9480
2292 5340
2302 4620
2311 5460
2328 3640
2332 6400
2342 6020
2351 5360
2368 3340
2372 3460
2382 4440
2391 3560
2408 2500
2412 21220
2422 24200
2431 19800
2448 14200
2452 4820
2462 4460
2471 4620
2488 2680
2492 4340
2502 7180
2511 6020
2528 4400
2532 2680
2537 43240
2542 6540
2551 4440
2568 3660
2572 23880
2577 16900
2582 23960
2591 24200
2608 25840
2612 3760
2617 4040
2622 6620
2631 4460
2648 5340
2652 4520
2653 43240
2657 4860
2662 6200
2671 7180
2688 6400
2692 4560
2693 16900
2697 3960
2702 3880
2711 6540
2728 3460
2732 22420
2733 4040
2737 9480
2742 29140
2751 23960
2768 21220
2772 4260
2773 4860
2777 3640
2782 6260
2788 43240
2791 6620
2808 4820
2812 2900
2813 3960
2817 3340
2822 8280
2828 16900
2831 6200
2848 4340
2852 2140
2853 9480
2857 2500
2862 5580
2868 4040
2871 3880
2888 2680
2892 6780
2893 3640
2897 14200
2902 24420
2908 4860
2911 29140
2928 23880
2932 3220
2933 3340
2937 2680
2942 5740
2948 3960
2951 6260
2968 3760
2972 3660
2973 375
