0 0
320 43240
360 16900
400 4040
440 4860
480 3960
520 9480
536 43240
560 3640
576 16900
600 3340
616 4040
640 2500
656 4860
680 14200
696 3960
720 2680
736 9480
760 4400
776 3640
800 3660
816 3340
840 25840
856 2500
880 5340
896 14200
920 49640
936 2680
960 20360
976 4400
994 43240
1000 25260
1016 3660
1034 16900
1040 9680
1056 25840
1074 4040
1080 51540
1096 5340
1114 4860
1120 29060
1136 6400
1154 3960
1160 31560
1176 3460
1194 9480
1200 11960
1216 21220
1234 3640
1240 10980
1256 4820
1274 3340
1280 28240
1296 4340
1314 2500
1320 28740
1336 2680
1354 14200
1360 12000
1376 23880
1394 2680
1400 9060
1415 43240
1416 3760
1434 4400
1440 42180
1455 16900
1456 4520
1474 3660
1480 14800
1495 4040
1496 4560
1514 25840
1520 14020
1535 4860
1536 22420
1554 5340
1560 10780
1575 3960
1576 4260
1594 6400
1600 132560
1615 9480
1616 2900
1634 3460
1640 38700
1650 43240
1655 3640
1656 2140
1674 21220
1680 16760
1690 16900
1695 3340
1696 6780
1714 4820
1720 14720
1730 4040
1735 2500
1736 3220
1754 4340
1760 50200
1770 4860
1775 14200
1776 3660
1794 2680
1800 25320
1810 3960
1815 2680
1816 85500
1834 23880
1840 14320
1850 9480
1855 4400
1856 28540
1874 3760
1880 12600
1890 3640
1895 3660
1896 6020
1914 4520
1920 49860
1930 3340
1935 25840
1936 8580
1954 4560
1960 27820
1970 2500
1975 5340
1976 5100
1994 22420
2000 12040
2010 14200
2015 6400
2016 16740
2034 4260
2040 12720
2050 2680
2055 3460
2056 5460
2074 2900
2080 33640
2090 4400
2095 64460
2096 5360
2114 2140
2120 31680
2130 3660
2135 21720
2136 3560
2154 6780
2160 11020
2170 25840
2175 8380
2176 19800
2194 3220
2200 94820
2210 5340
2215 7540
2216 4620
2234 3660
2240 41860
2250 6400
2255 27840
2256 6020
2274 85500
2280 33200
2290 3460
2295 13240
2296 4440
2314 28540
2320 18860
2330 21220
2335 8160
2336 24200
2354 6020
2360 96800
2370 48060
2375 7900
2376 4460
2394 8580
2400 49160
2410 21240
2415 24920
2416 7180
2434 5100
2440 40620
2450 6720
2455 18460
2456 6540
2474 16740
2480 20200
2490 28740
2495 5580
2496 23960
2503 43240
2514 5460
2520 16940
2530 7720
2535 6540
2536 6620
2543 16900
2554 5360
2560 42120
2570 14000
2575 10440
2576 6200
2583 4040
2594 3560
2600 34500
2610 8200
2615 29060
2616 3880
2618 43240
2623 4860
2634 19800
2640 17120
2650 25760
2655 9000
2656 29140
2658 16900
2663 3960
2674 4620
2680 15460
2690 6760
2695 91900
2696 6260
2698 4040
2703 9480
2714 6020
2720 49040
2730 17100
2735 32000
2736 8280
2738 4860
2743 3640
2752 43240
2754 4440
2760 18260
2770 4820
2775 27240
2776 5580
2778 3960
2783 3340
2792 16900
2794 24200
2800 18340
2810 11180
2815 13400
2816 24420
2818 52720
2823 2500
2832 4040
2834 4460
2840 17360
2850 6880
2855 9440
2856 5740
2858 20540
2863 14200
2872 4860
2874 7180
2880 162500
2890 29500
2895 19420
2896 7460
2898 7380
2903 2680
2912 3960
2914 6540
2920 37180
2930 90840
2935 29340
2936 5040
2938 7360
2943 4400
2952 9480
2954 23960
2960 19380
2970 34940
2975 9120
2976 9180
2978 18160
