0 0
209 43240
249 16900
289 4040
329 4860
369 3960
386 43240
409 9480
426 16900
449 3640
466 4040
489 3340
506 4860
529 2500
546 3960
569 14200
586 9480
609 2680
626 3640
649 4400
666 3340
689 3660
706 2500
729 69080
746 14200
769 22240
786 2680
809 10440
826 4400
849 8320
866 3660
889 25180
906 25840
929 14300
934 43240
946 5340
969 7980
974 16900
986 6400
1009 6020
1014 4040
1026 3460
1049 26380
1054 4860
1066 21220
1089 17960
1094 3960
1106 4820
1129 7200
1134 9480
1146 4340
1169 8960
1174 3640
1180 43240
1186 2680
1209 26080
1214 3340
1220 16900
1226 23880
1249 30100
1254 2500
1260 4040
1266 3760
1289 8240
1294 14200
1300 4860
1306 4520
1329 8540
1334 2680
1340 3960
1346 4560
1369 10240
1374 4400
1380 9480
1386 22420
1409 24440
1414 3660
1420 3640
1426 4260
1449 8480
1454 25840
1460 3340
1466 2900
1489 89840
1494 5340
1500 2500
1506 2140
1529 31220
1534 6400
1540 14200
1546 6780
1569 29900
1574 3460
1580 2680
1586 3220
1609 12340
1614 21220
1620 4400
1626 3660
1649 9620
1654 4820
1660 3660
1666 85500
1689 21300
1694 4340
1700 25840
1706 28540
1729 27880
1734 2680
1740 5340
1746 6020
1769 9620
1774 23880
1780 6400
1786 8580
1809 6460
1814 3760
1820 3460
1826 5100
1843 43240
1849 21940
1854 4520
1860 21220
1866 16740
1883 16900
1885 43240
1889 11400
1894 4560
1900 4820
1906 5460
1920 43240
1923 4040
1925 16900
1929 9240
1934 22420
1940 4340
1946 5360
1960 16900
1963 4860
1965 4040
1969 8100
1974 4260
1980 2680
1986 3560
2000 4040
2003 3960
2005 4860
2009 109700
2014 2900
2020 23880
2026 19800
2040 4860
2043 9480
2045 3960
2049 33000
2054 2140
2060 3760
2066 4620
2080 3960
2083 3640
2085 9480
2089 13200
2094 6780
2100 4520
2106 6020
2120 9480
2123 3340
2125 3640
2129 15120
2134 3220
2140 4560
2146 4440
2160 3640
2163 2500
2165 3340
2169 29060
2174 3660
2180 22420
2186 24200
2200 3340
2203 14200
2205 2500
2209 23360
2214 85500
2220 4260
2226 4460
2240 2500
2243 2680
2245 14200
2249 11660
2254 28540
2260 46140
2266 7180
2280 14200
2283 4400
2285 2680
2289 9240
2294 6020
2300 19040
2306 6540
2320 2680
2323 3660
2325 4400
2329 32700
2334 8580
2340 10820
2346 23960
2360 4400
2363 25840
2365 3660
2369 26060
2374 5100
2380 8080
2386 6620
2400 3660
2403 5340
2405 25840
2409 12900
2414 16740
2420 7620
2426 6200
2440 25840
2443 6400
2445 5340
2449 11600
2454 5460
2460 94980
2466 3880
2480 5340
2483 3460
2485 6400
2489 28860
2494 5360
2500 32180
2506 29140
2520 6400
2523 21220
2525 3460
2529 29940
2534 3560
2537 43240
2540 9360
2546 6260
2552 43240
2560 3460
2563 4820
2565 21220
2569 11920
2574 19800
2577 16900
2580 11080
2586 8280
2592 16900
2600 21220
2603 4340
2605 4820
2609 12220
2614 4620
2617 4040
2620 19300
2626 5580
2632 4040
2640 4820
2643 2680
2645 4340
2649 15720
2654 6020
2657 4860
2660 19420
2666 24420
2672 4860
2680 4340
2683 23880
2685 2680
2689 29100
2694 4440
2697 3960
2700 9860
2706 5740
2712 3960
2720 45920
2723 3760
2725 23880
2729 13000
2734 24200
2737 9480
2740 9020
2746 7460
2752 9480
2760 40780
2763 4520
2765 3760
2769 120540
2774 4460
2777 3640
2780 29400
2786 5040
2792 3640
2800 7800
2803 4560
2805 4520
2809 29980
2814 7180
2817 3340
2820 25140
2826 9180
2832 3340
2840 9380
2843 22420
2845 4560
2849 35140
2854 6540
2857 2500
2860 11020
2866 5140
2872 2500
2880 8520
2883 4260
2885 22420
2889 15340
2894 23960
2897 14200
2900 9480
2906 6380
2912 14200
2920 31900
2923 2900
2925 4260
2929 14140
2934 6620
2937 2680
2940 25660
2946 114340
2952 2680
2960 7900
2963 2140
2965 2900
2969 29160
2974 6200
2977 4400
2980 964
