0 0
500 43240
540 16900
580 4040
620 4860
660 3960
700 9480
740 3640
780 3340
820 2500
857 43240
860 14200
897 16900
900 2680
937 4040
940 4400
977 4860
980 3660
1017 3960
1020 25840
1057 9480
1060 5340
1097 3640
1100 6400
1137 3340
1140 3460
1177 2500
1180 21220
1217 14200
1220 4820
1257 2680
1260 4340
1297 4400
1300 2680
1337 3660
1340 23880
1377 25840
1380 3760
1417 5340
1420 4520
1457 6400
1460 4560
1497 3460
1500 22420
1501 43240
1537 21220
1540 4260
1541 16900
1577 4820
1580 2900
1581 4040
1617 4340
1620 2140
1621 4860
1657 2680
1660 6780
1661 3960
1666 43240
1697 23880
1700 3220
1701 9480
1706 16900
1737 3760
1740 3660
1741 3640
1746 4040
1777 4520
1780 85500
1781 3340
1786 4860
1817 4560
1820 28540
1821 2500
1826 3960
1857 22420
1860 6020
1861 14200
1866 9480
1897 4260
1900 8580
1901 2680
1906 3640
1937 2900
1940 5100
1941 4400
1946 3340
1969 43240
1973 43240
1977 2140
1980 16740
1981 3660
1986 2500
2009 16900
2013 16900
2017 6780
2020 5460
2021 25840
2026 14200
2049 4040
2053 4040
2057 3220
2060 5360
2061 5340
2065 43240
2066 2680
2089 4860
2093 4860
2097 3660
2100 3560
2101 6400
2105 16900
2106 4400
2129 3960
2133 3960
2137 85500
2140 19800
2141 3460
2145 4040
2146 3660
2169 9480
2173 9480
2177 28540
2180 4620
2181 21220
2185 4860
2186 25840
2198 43240
2209 3640
2211 43240
2213 3640
2217 6020
2220 6020
2221 4820
2225 3960
2226 5340
2238 16900
2249 3340
2251 16900
2253 3340
2257 8580
2260 4440
2261 4340
2265 9480
2266 6400
2278 4040
2289 2500
2291 4040
2293 2500
2297 5100
2300 24200
2301 2680
2305 3640
2306 3460
2318 4860
2329 14200
2331 4860
2333 14200
2337 16740
2340 4460
2341 23880
2345 3340
2346 21220
2358 3960
2369 2680
2371 3960
2373 2680
2377 5460
2380 7180
2381 3760
2385 2500
2386 4820
2398 9480
2409 4400
2411 9480
2413 4400
2417 5360
2420 6540
2421 4520
2425 14200
2426 4340
2436 43240
2438 3640
2449 3660
2451 3640
2453 3660
2457 3560
2460 23960
2461 4560
2465 2680
2466 2680
2476 16900
2478 3340
2489 25840
2491 3340
2493 25840
2497 19800
2500 6620
2501 22420
2505 4400
2506 23880
2516 4040
2518 2500
2529 5340
2531 2500
2533 5340
2537 4620
2540 6200
2541 4260
2545 3660
2546 3760
2556 4860
2558 14200
2569 6400
2571 14200
2573 6400
2577 6020
2580 3880
2581 2900
2585 25840
2586 4520
2596 3960
2598 2680
2609 3460
2611 2680
2613 3460
2617 4440
2620 29140
2621 2140
2625 48580
2626 4560
2636 9480
2638 4400
2649 21220
2651 4400
2653 21220
2657 24200
2660 6260
2661 6780
2665 23300
2666 22420
2676 3640
2678 3660
2689 4820
2691 3660
2693 4820
2697 4460
2700 8280
2701 3220
2705 7500
2706 4260
2716 3340
2718 25840
2729 4340
2731 25840
2733 4340
2737 7180
2740 5580
2741 3660
2745 26080
2746 2900
2756 2500
2758 5340
2769 2680
2771 5340
2773 2680
2777 6540
2780 24420
2781 85500
2785 8780
2786 2140
2796 14200
2798 6400
2809 23880
2811 6400
2813 23880
2817 23960
2820 5740
2821 28540
2825 13820
2826 6780
2836 2680
2838 3460
2849 3760
2851 3460
2853 3760
2857 6620
2860 7460
2861 6020
2865 6320
2866 3220
2876 4400
2878 21220
2889 4520
2891 21220
2893 4520
2897 6200
2900 5040
2901 8580
2905 27220
2906 3660
2916 3660
2918 4820
2929 4560
2931 4820
2933 4560
2937 3880
2940 9180
2941 5100
2945 6260
2946 85500
2956 25840
2958 4340
2966 43240
2969 22420
2971 4340
2973 22420
2977 29140
2980 5140
