0 0
475 43240
508 43240
515 16900
548 16900
555 4040
588 4040
595 4860
628 4860
635 3960
667 43240
668 3960
675 9480
707 16900
708 9480
715 3640
747 4040
748 3640
755 3340
787 4860
788 3340
795 2500
827 3960
828 2500
835 14200
867 9480
868 14200
875 2680
907 3640
908 2680
915 4400
947 3340
948 4400
955 3660
987 2500
988 3660
995 25840
1002 43240
1027 14200
1028 25840
1035 5340
1042 16900
1067 2680
1068 5340
1075 6400
1082 4040
1107 4400
1108 6400
1115 3460
1120 43240
1122 4860
1147 3660
1148 3460
1155 21220
1160 16900
1162 3960
1187 25840
1188 21220
1195 4820
1200 4040
1202 9480
1227 5340
1228 4820
1235 4340
1240 4860
1242 3640
1267 6400
1268 4340
1275 2680
1280 3960
1282 3340
1307 3460
1308 2680
1315 23880
1320 9480
1322 2500
1347 21220
1348 23880
1355 3760
1360 3640
1362 14200
1387 4820
1388 3760
1395 4520
1400 3340
1402 2680
1427 4340
1428 4520
1435 4560
1440 2500
1442 4400
1454 43240
1467 2680
1468 4560
1475 22420
1480 14200
1482 3660
1494 16900
1507 23880
1508 22420
1514 43240
1515 4260
1520 2680
1522 25840
1534 4040
1547 3760
1548 4260
1554 16900
1555 2900
1560 4400
1562 5340
1574 4860
1587 4520
1588 2900
1594 4040
1595 2140
1600 3660
1602 6400
1614 3960
1627 4560
1628 2140
1634 4860
1635 6780
1640 25840
1642 3460
1654 9480
1667 22420
1668 6780
1674 3960
1675 3220
1680 5340
1682 21220
1694 3640
1707 4260
1708 3220
1714 9480
1715 3660
1720 6400
1722 4820
1734 3340
1747 2900
1748 3660
1754 46880
1755 85500
1760 3460
1762 4340
1774 2500
1787 2140
1788 85500
1794 20240
1795 28540
1800 21220
1802 2680
1814 14200
1827 6780
1828 28540
1834 6540
1835 6020
1840 4820
1842 23880
1854 2680
1867 3220
1868 6020
1874 19060
1875 8580
1880 4340
1882 3760
1894 4400
1907 3660
1908 8580
1914 6640
1915 5100
1920 2680
1922 4520
1934 3660
1947 85500
1948 5100
1954 13880
1955 16740
1960 23880
1962 4560
1974 25840
1987 28540
1988 16740
1994 7300
1995 5460
2000 3760
2002 22420
2014 5340
2027 6020
2028 5460
2034 29180
2035 5360
2040 4520
2042 4260
2054 6400
2067 8580
2068 5360
2074 7840
2075 3560
2080 4560
2082 2900
2088 43240
2094 3460
2107 5100
2108 3560
2114 20600
2115 63040
2120 22420
2122 2140
2128 16900
2134 21220
2147 16740
2148 19800
2154 6140
2155 21520
2160 4260
2162 6780
2168 4040
2174 4820
2187 5460
2188 4620
2194 25620
2195 10060
2200 2900
2202 3220
2208 4860
2214 4340
2227 5360
2228 6020
2234 8480
2235 9300
2240 2140
2242 3660
2248 3960
2254 2680
2267 3560
2268 4440
2274 30180
2275 28160
2280 6780
2282 85500
2288 9480
2294 23880
2307 19800
2308 24200
2314 8020
2315 13940
2320 3220
2322 28540
2328 3640
2334 3760
2347 4620
2348 4460
2354 30280
2355 10820
2360 3660
2362 6020
2368 3340
2374 4520
2387 6020
2388 7180
2394 7220
2395 9880
2400 85500
2402 8580
2408 2500
2414 4560
2427 4440
2428 6540
2434 25740
2435 26460
2440 28540
2442 5100
2448 14200
2454 22420
2467 24200
2468 23960
2474 9380
2475 20820
2480 6020
2482 16740
2488 2680
2494 4260
2507 4460
2508 6620
2513 43240
2514 26760
2515 8880
2520 8580
2522 5460
2528 4400
2534 2900
2547 7180
2548 6200
2553 16900
2554 6940
2555 8280
2560 5100
2562 5360
2568 3660
2574 2140
2587 6540
2588 3880
2593 4040
2594 26780
2595 32800
2600 16740
2602 3560
2608 25840
2614 6780
2627 23960
2628 29140
2633 4860
2634 49140
2635 32100
2640 5460
2642 19800
2648 5340
2654 3220
2667 6620
2668 6260
2673 3960
2674 28200
2675 13620
2680 5360
2682 4620
2688 6400
2694 3660
2707 6200
2708 8280
2713 9480
2714 11820
2715 11980
2720 3560
2722 6020
2728 3460
2734 85500
2747 3880
2748 5580
2753 3640
2754 30940
2755 27880
2760 19800
2762 4440
2768 21220
2774 28540
2787 29140
2788 24420
2793 3340
2794 93720
2795 26960
2800 4620
2802 24200
2808 4820
2814 6020
2827 6260
2828 5740
2833 2500
2834 40920
2835 12280
2840 6020
2842 4460
2848 4340
2854 8580
2867 8280
2868 7460
2873 14200
2874 11800
2875 9380
2880 4440
2882 7180
2888 2680
2894 5100
2907 5580
2908 5040
2910 43240
2913 2680
2914 18700
2915 11860
2920 24200
2922 6540
2928 23880
2934 16740
2947 24420
2948 9180
2950 16900
2953 4400
2954 10820
2955 29020
2960 4460
2962 23960
2968 3760
2974 5460
2987 5740
2988 5140
2990 4040
2993 3660
2994 34600
2995 2444
