0 0
490 43240
530 16900
570 4040
610 4860
650 3960
690 9480
730 3640
770 3340
810 2500
850 14200
890 2680
930 4400
970 3660
1010 25840
1050 5340
1090 6400
1130 3460
1170 21220
1210 4820
1236 43240
1250 4340
1276 16900
1290 2680
1316 4040
1330 23880
1356 4860
1370 3760
1396 3960
1410 4520
1433 43240
1436 9480
1437 43240
1450 4560
1473 16900
1476 3640
1477 16900
1490 22420
1513 4040
1516 3340
1517 4040
1530 4260
1553 4860
1556 2500
1557 4860
1570 2900
1593 3960
1596 14200
1597 3960
1610 2140
1633 9480
1636 2680
1637 9480
1650 6780
1673 3640
1676 4400
1677 46880
1690 3220
1713 3340
1716 3660
1717 20240
1730 3660
1753 2500
1756 25840
1757 6540
1770 85500
1792 43240
1793 14200
1796 5340
1797 19060
1810 28540
1830 43240
1832 16900
1833 2680
1836 6400
1837 6640
1850 6020
1870 16900
1872 4040
1873 4400
1876 3460
1877 13880
1890 8580
1910 4040
1912 4860
1913 3660
1916 21220
1917 7300
1930 5100
1950 4860
1952 3960
1953 25840
1956 4820
1957 29180
1970 16740
1990 3960
1992 9480
1993 5340
1996 4340
1997 7840
2010 5460
2030 9480
2032 3640
2033 6400
2036 2680
2037 20600
2050 5360
2070 3640
2072 3340
2073 3460
2076 23880
2077 6140
2078 43240
2090 3560
2110 3340
2112 2500
2113 21220
2116 3760
2117 25620
2118 16900
2130 19800
2150 2500
2152 14200
2153 4820
2156 4520
2157 8480
2158 4040
2170 4620
2190 14200
2192 2680
2193 4340
2196 4560
2197 30180
2198 4860
2210 6020
2230 2680
2232 4400
2233 2680
2236 22420
2237 8020
2238 3960
2250 4440
2270 4400
2272 3660
2273 23880
2276 4260
2277 30280
2278 9480
2290 24200
2310 3660
2312 25840
2313 3760
2316 2900
2317 7220
2318 3640
2330 4460
2350 25840
2352 5340
2353 4520
2356 2140
2357 25740
2358 3340
2370 7180
2390 5340
2392 6400
2393 4560
2396 6780
2397 9380
2398 2500
2410 6540
2430 6400
2432 3460
2433 22420
2436 3220
2437 26760
2438 14200
2441 43240
2450 23960
2470 3460
2472 21220
2473 4260
2476 3660
2477 6940
2478 2680
2481 16900
2490 6620
2510 21220
2512 4820
2513 2900
2516 85500
2517 26780
2518 4400
2521 4040
2530 6200
2550 4820
2552 4340
2553 2140
2556 28540
2557 5900
2558 3660
2561 4860
2570 3880
2590 4340
2592 2680
2593 6780
2596 6020
2597 11300
2598 25840
2601 3960
2610 29140
2630 2680
2632 23880
2633 3220
2636 8580
2637 7780
2638 5340
2641 9480
2650 6260
2670 23880
2672 3760
2673 3660
2676 5100
2677 26080
2678 6400
2681 3640
2690 8280
2710 3760
2712 4520
2713 85500
2714 43240
2716 16740
2717 89760
2718 3460
2721 3340
2730 5580
2750 4520
2752 4560
2753 28540
2754 16900
2756 5460
2757 31440
2758 21220
2761 2500
2770 24420
2788 43240
2790 4560
2792 22420
2793 6020
2794 4040
2796 5360
2797 8160
2798 4820
2801 14200
2810 5740
2828 16900
2830 22420
2832 4260
2833 8580
2834 4860
2836 3560
2837 15360
2838 4340
2841 2680
2850 7460
2868 4040
2870 4260
2872 2900
2873 5100
2874 3960
2876 19800
2877 8320
2878 2680
2881 4400
2890 5040
2908 4860
2910 2900
2912 2140
2913 16740
2914 9480
2916 4620
2917 20400
2918 23880
2921 3660
2930 9180
2948 3960
2950 2140
2952 6780
2953 5460
2954 3640
2956 6020
2957 90960
2958 3760
2961 25840
2970 5140
2988 9480
2990 6780
2992 3220
2993 5360
2994 3340
2996 4440
