0 0
748 43240
788 16900
828 4040
845 43240
868 4860
885 16900
908 3960
925 4040
948 9480
965 4860
988 3640
1005 3960
1028 3340
1045 9480
1068 2500
1085 3640
1108 14200
1125 3340
1148 2680
1165 2500
1188 4400
1205 14200
1228 46900
1245 2680
1268 42740
1285 4400
1308 9380
1325 3660
1348 11260
1365 25840
1388 7420
1405 5340
1428 30700
1445 6400
1468 8460
1485 3460
1508 7680
1525 21220
1548 5180
1565 4820
1588 38080
1605 4340
1628 6440
1645 2680
1668 8920
1685 23880
1708 8220
1725 3760
1748 48260
1750 43240
1765 4520
1788 9600
1790 16900
1805 4560
1828 9300
1830 4040
1845 22420
1868 5600
1869 43240
1870 4860
1885 4260
1908 28000
1909 16900
1910 3960
1925 2900
1939 43240
1948 8040
1949 4040
1950 9480
1965 2140
1979 16900
1988 8000
1989 4860
1990 3640
2005 6780
2009 43240
2019 4040
2028 88180
2029 3960
2030 3340
2045 3220
2049 16900
2059 4860
2068 52420
2069 9480
2070 2500
2085 3660
2089 4040
2099 3960
2108 9780
2109 3640
2110 14200
2125 85500
2129 4860
2139 9480
2148 13100
2149 3340
2150 2680
2165 28540
2169 3960
2179 3640
2188 9660
2189 2500
2190 4400
2205 6020
2209 9480
2219 3340
2228 39160
2229 14200
2230 3660
2245 8580
2249 3640
2259 2500
2268 9720
2269 2680
2270 25840
2285 5100
2289 3340
2299 14200
2308 8260
2309 4400
2310 5340
2325 16740
2329 2500
2339 2680
2348 5700
2349 3660
2350 6400
2365 5460
2369 14200
2379 4400
2388 26580
2389 25840
2390 3460
2405 5360
2409 2680
2415 43240
2419 3660
2428 7840
2429 5340
2430 21220
2445 3560
2449 4400
2455 16900
2459 25840
2468 9680
2469 6400
2470 4820
2485 19800
2489 3660
2495 4040
2499 5340
2508 89940
2509 3460
2510 4340
2525 4620
2529 25840
2535 4860
2539 6400
2548 52740
2549 21220
2550 2680
2559 43240
2565 6020
2569 5340
2575 3960
2579 3460
2588 10480
2589 4820
2590 23880
2599 16900
2605 4440
2609 6400
2615 9480
2619 21220
2628 15760
2629 4340
2630 3760
2639 4040
2645 24200
2649 3460
2655 3640
2659 4820
2668 11640
2669 2680
2670 4520
2679 4860
2685 4460
2689 21220
2695 3340
2699 4340
2708 40700
2709 23880
2710 4560
2719 3960
2725 7180
2729 4820
2731 43240
2735 2500
2739 2680
2748 12080
2749 3760
2750 22420
2759 9480
2765 6540
2769 4340
2771 16900
2775 14200
2779 23880
2788 11560
2789 4520
2790 4260
2799 3640
2805 23960
2809 2680
2811 4040
2815 2680
2819 3760
2828 7440
2829 4560
2830 2900
2839 3340
2845 6620
2849 23880
2851 4860
2855 4400
2859 4520
2868 48940
2869 22420
2870 2140
2879 2500
2885 6200
2889 3760
2891 3960
2895 3660
2899 4560
2908 10880
2909 4260
2910 6780
2919 14200
2925 3880
2929 4520
2931 9480
2935 25840
2939 22420
2948 14300
2949 2900
2950 3220
2959 2680
2965 29140
2969 4560
2971 3640
