0 0
422 43240
462 16900
502 4040
542 4860
582 3960
622 9480
662 3640
702 3340
732 43240
742 2500
745 43240
772 16900
782 14200
785 16900
812 4040
822 2680
825 4040
852 4860
862 4400
865 4860
892 3960
902 3660
905 3960
932 9480
942 25840
945 9480
972 3640
982 5340
985 3640
1012 3340
1022 6400
1025 3340
1052 2500
1062 3460
1065 2500
1092 14200
1102 21220
1105 14200
1132 2680
1142 4820
1145 2680
1172 4400
1182 4340
1185 4400
1212 3660
1222 2680
1225 3660
1252 25840
1262 23880
1265 25840
1292 5340
1302 3760
1305 5340
1332 6400
1342 4520
1345 6400
1372 3460
1382 4560
1385 3460
1407 43240
1412 21220
1422 22420
1425 21220
1447 16900
1452 4820
1462 4260
1465 4820
1470 43240
1487 4040
1492 4340
1502 2900
1505 4340
1510 16900
1513 43240
1527 4860
1532 2680
1542 2140
1545 2680
1550 4040
1553 16900
1567 3960
1572 23880
1582 6780
1585 23880
1590 4860
1593 4040
1607 9480
1612 3760
1622 3220
1625 3760
1630 3960
1633 4860
1647 3640
1652 4520
1662 3660
1665 4520
1670 9480
1673 3960
1687 3340
1692 4560
1702 85500
1705 4560
1710 3640
1713 9480
1727 2500
1732 22420
1742 28540
1745 22420
1750 3340
1753 3640
1767 14200
1772 4260
1782 6020
1785 4260
1790 2500
1793 3340
1807 2680
1812 2900
1822 8580
1825 2900
1830 14200
1833 2500
1847 4400
1852 2140
1862 5100
1865 2140
1870 2680
1873 14200
1887 3660
1892 6780
1902 16740
1905 6780
1910 4400
1913 2680
1926 43240
1927 25840
1932 3220
1942 5460
1945 3220
1950 3660
1953 4400
1966 16900
1967 5340
1972 3660
1982 5360
1985 3660
1990 25840
1993 3660
2006 4040
2007 6400
2012 85500
2022 3560
2025 85500
2030 5340
2033 25840
2046 4860
2047 3460
2052 28540
2062 19800
2065 28540
2070 6400
2073 5340
2086 3960
2087 21220
2092 6020
2102 4620
2105 6020
2110 3460
2113 6400
2126 9480
2127 4820
2132 8580
2142 6020
2145 8580
2150 21220
2153 3460
2166 3640
2167 4340
2172 5100
2182 4440
2185 5100
2190 4820
2193 21220
2206 3340
2207 2680
2212 16740
2222 24200
2225 16740
2230 4340
2233 4820
2246 2500
2247 23880
2252 5460
2262 4460
2265 5460
2270 2680
2273 4340
2286 14200
2287 3760
2292 5360
2302 7180
2305 5360
2310 23880
2313 2680
2326 2680
2327 4520
2332 3560
2342 6540
2345 3560
2350 3760
2353 23880
2366 4400
2367 4560
2372 19800
2382 23960
2385 19800
2390 4520
2393 3760
2406 3660
2407 22420
2412 4620
2422 6620
2423 43240
2425 4620
2430 4560
2433 4520
2446 25840
2447 4260
2452 6020
2462 6200
2463 16900
2465 6020
2470 22420
2473 4560
2486 5340
2487 2900
2492 4440
2502 3880
2503 4040
2505 4440
2510 4260
2513 22420
2526 6400
2527 2140
2532 24200
2542 29140
2543 4860
2545 24200
2550 2900
2553 4260
2566 3460
2567 6780
2572 4460
2582 6260
2583 3960
2585 4460
2590 2140
2593 2900
2594 43240
2606 21220
2607 3220
2612 7180
2622 8280
2623 9480
2625 7180
2630 6780
2633 2140
2634 16900
2639 43240
2646 4820
2647 3660
2652 6540
2662 5580
2663 3640
2665 6540
2670 3220
2673 6780
2674 4040
2679 16900
2686 4340
2687 85500
2692 23960
2702 24420
2703 3340
2705 23960
2710 3660
2713 3220
2714 4860
2719 4040
2726 2680
2727 28540
2732 6620
2742 5740
2743 2500
2745 6620
2750 85500
2753 3660
2754 3960
2759 4860
2766 23880
2767 6020
2772 6200
2782 7460
2783 14200
2785 6200
2790 28540
2793 85500
2794 9480
2799 3960
2806 3760
2807 8580
2812 3880
2822 5040
2823 2680
2825 3880
2827 43240
2830 6020
2833 28540
2834 3640
2839 9480
2846 4520
2847 5100
2852 29140
2862 9180
2863 4400
2865 29140
2867 16900
2870 8580
2873 6020
2874 3340
2879 3640
2886 4560
2887 16740
2892 6260
2902 5140
2903 3660
2905 6260
2907 4040
2910 5100
2913 8580
2914 2500
2919 3340
2926 22420
2927 5460
2932 8280
2942 6380
2943 25840
2945 8280
2947 4860
2950 16740
2953 5100
2954 14200
2959 2500
2966 4260
2967 5360
2972 5580
2982 114340
2983 5340
2985 5580
2987 3960
2990 5460
2993 9207
