0 0
317 43240
357 16900
363 43240
397 4040
403 16900
407 43240
437 4860
443 4040
447 16900
477 3960
483 4860
487 4040
517 9480
523 3960
527 4860
557 3640
563 9480
567 3960
597 3340
603 3640
607 9480
612 43240
637 2500
643 3340
647 3640
652 16900
656 43240
677 14200
683 2500
687 3340
692 4040
696 16900
717 2680
723 14200
727 2500
732 4860
736 4040
757 4400
763 2680
767 14200
772 3960
776 4860
797 3660
803 4400
807 2680
812 9480
816 3960
837 25840
843 3660
847 4400
852 3640
856 9480
877 5340
883 25840
887 3660
892 3340
896 3640
917 6400
923 5340
927 25840
932 2500
936 3340
957 3460
963 6400
967 5340
972 14200
976 2500
997 21220
1003 3460
1007 6400
1012 2680
1016 14200
1027 43240
1037 4820
1043 21220
1047 3460
1052 4400
1056 2680
1067 16900
1077 4340
1083 4820
1087 21220
1092 3660
1096 4400
1107 4040
1117 2680
1123 4340
1127 4820
1132 25840
1136 3660
1147 4860
1157 23880
1159 43240
1163 2680
1167 4340
1172 5340
1176 25840
1187 3960
1197 3760
1199 16900
1203 23880
1207 2680
1212 6400
1216 5340
1227 9480
1237 4520
1239 4040
1243 3760
1247 23880
1252 3460
1256 6400
1267 3640
1277 4560
1279 4860
1283 4520
1287 3760
1292 21220
1296 3460
1307 3340
1317 22420
1319 3960
1323 4560
1327 4520
1332 4820
1336 21220
1347 2500
1357 4260
1359 9480
1363 22420
1367 4560
1372 4340
1376 4820
1387 14200
1397 2900
1399 3640
1403 4260
1407 22420
1412 2680
1416 4340
1427 2680
1437 2140
1439 3340
1443 2900
1447 4260
1452 23880
1456 2680
1467 4400
1477 6780
1479 2500
1483 2140
1487 2900
1492 3760
1496 23880
1507 3660
1517 3220
1519 14200
1523 6780
1527 2140
1532 4520
1536 3760
1547 25840
1557 3660
1559 2680
1563 3220
1567 6780
1572 4560
1576 4520
1587 5340
1597 85500
1599 4400
1603 3660
1606 43240
1607 3220
1612 22420
1616 4560
1627 6400
1637 28540
1639 3660
1643 85500
1646 16900
1647 3660
1652 4260
1656 22420
1667 3460
1677 6020
1679 25840
1683 28540
1686 4040
1687 85500
1692 2900
1696 4260
1707 21220
1717 8580
1719 5340
1723 6020
1726 4860
1727 28540
1732 2140
1736 2900
1747 4820
1757 5100
1759 6400
1763 8580
1766 3960
1767 6020
1772 6780
1776 2140
1787 4340
1797 16740
1799 3460
1803 5100
1806 9480
1807 8580
1812 3220
1816 6780
1827 2680
1837 5460
1839 21220
1843 16740
1846 3640
1847 5100
1852 3660
1856 3220
1867 23880
1877 5360
1879 4820
1883 5460
1886 3340
1887 16740
1892 85500
1896 3660
1907 3760
1917 3560
1919 4340
1923 5360
1926 2500
1927 5460
1932 28540
1936 85500
1947 4520
1957 19800
1959 45920
1963 3560
1966 14200
1967 5360
1972 6020
1976 28540
1987 4560
1997 4620
1999 40780
2003 19800
2006 2680
2007 3560
2012 8580
2016 6020
2027 22420
2037 6020
2039 7800
2043 4620
2046 4400
2047 19800
2052 5100
2056 8580
2067 4260
2077 4440
2079 9380
2083 6020
2086 3660
2087 4620
2092 16740
2096 5100
2107 2900
2117 24200
2119 8520
2123 4440
2126 25840
2127 6020
2132 5460
2136 16740
2147 2140
2157 4460
2159 31900
2163 24200
2166 5340
2167 4440
2172 5360
2176 5460
2187 6780
2197 7180
2199 7900
2203 4460
2206 6400
2207 24200
2212 3560
2215 43240
2216 5360
2227 3220
2237 6540
2239 6240
2243 7180
2246 3460
2247 4460
2252 19800
2255 16900
2256 3560
2267 3660
2277 23960
2279 4640
2281 43240
2283 6540
2286 21220
2287 7180
2292 4620
2295 4040
2296 19800
2307 85500
2317 6620
2319 20980
2321 16900
2323 23960
2326 4820
2327 6540
2332 6020
2335 4860
2336 4620
2347 28540
2357 6200
2359 5900
2361 4040
2363 6620
2366 4340
2367 23960
2372 4440
2375 3960
2376 6020
2387 6020
2397 3880
2399 8060
2401 4860
2403 6200
2406 2680
2407 6620
2412 24200
2415 9480
2416 4440
2427 8580
2437 29140
2439 89160
2441 3960
2443 3880
2446 23880
2447 6200
2452 4460
2455 3640
2456 24200
2467 5100
2477 6260
2479 54380
2481 9480
2483 29140
2486 3760
2487 3880
2492 7180
2495 3340
2496 4460
2507 16740
2517 8280
2519 11360
2521 3640
2523 6260
2526 4520
2527 29140
2532 6540
2535 2500
2536 7180
2547 5460
2557 5580
2559 14980
2561 3340
2563 8280
2566 4560
2567 6260
2572 23960
2575 14200
2576 6540
2587 5360
2597 24420
2599 8560
2601 2500
2603 5580
2606 22420
2607 8280
2612 6620
2615 2680
2616 23960
2627 3560
2637 5740
2639 37960
2641 14200
2643 24420
2646 4260
2647 5580
2652 6200
2655 4400
2656 6620
2667 19800
2677 7460
2679 10280
2681 2680
2683 5740
2686 2900
2687 24420
2692 3880
2695 3660
2696 6200
2707 4620
2717 5040
2719 9700
2721 4400
2723 7460
2726 2140
2727 5740
2732 29140
2735 25840
2736 3880
2747 6020
2757 9180
2759 6240
2761 3660
2763 5040
2766 6780
2767 7460
2772 6260
2775 5340
2776 29140
2787 4440
2797 5140
2799 43680
2801 25840
2803 9180
2806 3220
2807 5040
2812 8280
2815 6400
2816 6260
2827 24200
2837 6380
2839 8380
2841 5340
2843 5140
2846 3660
2847 9180
2852 5580
2855 3460
2856 8280
2867 4460
2877 114340
2879 10540
2881 6400
2883 6380
2886 85500
2887 5140
2892 24420
2895 21220
2896 5580
2907 7180
2917 26100
2919 9000
2921 3460
2923 114340
2926 28540
2927 6380
2932 5740
2935 4820
2936 24420
2947 6540
2957 6000
2959 46620
2961 21220
2963 26100
2966 6020
2967 114340
