0 0
164 43240
165 43240
204 16900
205 16900
244 4040
245 4040
284 4860
285 4860
324 3960
325 3960
364 9480
365 9480
404 3640
405 3640
444 3340
445 3340
484 2500
485 2500
524 57440
525 14200
564 19580
565 2680
578 43240
604 8440
605 4400
618 16900
644 8520
645 3660
658 4040
662 43240
684 29800
685 25840
698 4860
702 16900
724 14820
725 5340
738 3960
742 4040
764 10040
765 6400
778 9480
782 4860
804 6800
805 3460
818 3640
822 3960
844 23720
845 21220
858 3340
862 9480
884 19020
885 4820
898 2500
902 3640
923 43240
924 7020
925 4340
938 14200
942 3340
963 16900
964 7080
965 2680
978 2680
982 2500
1003 4040
1004 27540
1005 23880
1018 4400
1022 14200
1043 4860
1044 29600
1045 3760
1058 3660
1062 2680
1083 3960
1084 9860
1085 4520
1098 25840
1102 4400
1123 9480
1124 10960
1125 4560
1138 5340
1142 3660
1163 3640
1164 25880
1165 22420
1178 6400
1182 25840
1203 3340
1204 25480
1205 4260
1218 3460
1222 5340
1243 2500
1244 7720
1245 2900
1258 21220
1262 6400
1283 14200
1284 6480
1285 2140
1298 4820
1302 3460
1317 43240
1323 2680
1324 9460
1325 6780
1338 4340
1342 21220
1357 16900
1363 4400
1364 27100
1365 3220
1378 2680
1382 4820
1397 4040
1403 3660
1404 7420
1405 3660
1418 23880
1422 4340
1437 4860
1443 25840
1444 90020
1445 85500
1458 3760
1462 2680
1477 3960
1483 5340
1484 33100
1485 28540
1498 4520
1502 23880
1517 9480
1523 6400
1524 28440
1525 6020
1538 4560
1542 3760
1557 3640
1563 3460
1564 12840
1565 8580
1578 22420
1582 4520
1597 3340
1603 21220
1604 8000
1605 5100
1618 4260
1622 4560
1637 2500
1643 4820
1644 18880
1645 16740
1658 2900
1662 22420
1677 14200
1683 4340
1684 12240
1685 5460
1698 2140
1702 4260
1717 2680
1723 2680
1724 8580
1725 5360
1738 6780
1742 2900
1757 4400
1763 23880
1764 7220
1765 3560
1778 3220
1782 2140
1797 3660
1803 3760
1804 105300
1805 19800
1818 3660
1822 6780
1837 25840
1843 4520
1844 33160
1845 4620
1858 85500
1862 3220
1877 5340
1883 4560
1884 12040
1885 6020
1898 28540
1902 3660
1917 6400
1923 22420
1924 13020
1925 4440
1938 6020
1942 85500
1945 43240
1957 3460
1963 4260
1964 29300
1965 24200
1978 8580
1982 28540
1985 16900
1997 21220
2003 2900
2004 21200
2005 4460
2018 5100
2022 6020
2025 4040
2037 4820
2043 2140
2044 12640
2045 7180
2058 16740
2062 8580
2065 4860
2077 4340
2083 6780
2084 11900
2085 6540
2098 5460
2102 5100
2105 3960
2117 2680
2123 3220
2124 27520
2125 23960
2138 5360
2142 16740
2145 9480
2157 23880
2163 3660
2164 26420
2165 6620
2178 3560
2182 5460
2185 3640
2197 3760
2203 85500
2204 10820
2205 6200
2218 63040
2222 5360
2225 3340
2237 4520
2243 28540
2244 9900
2245 3880
2258 21520
2262 3560
2265 2500
2277 4560
2283 6020
2284 33580
2285 29140
2298 10060
2302 19800
2305 14200
2316 43240
2317 22420
2321 43240
2323 8580
2324 30460
2325 6260
2338 9300
2342 4620
2345 2680
2356 16900
2357 4260
2361 16900
2363 5100
2364 12740
2365 8280
2378 28160
2382 6020
2385 4400
2396 4040
2397 2900
2401 4040
2403 16740
2404 12760
2405 5580
2418 13940
2422 4440
2425 3660
2436 4860
2437 2140
2441 4860
2443 5460
2444 30960
2445 24420
2458 10820
2462 24200
2465 25840
2476 3960
2477 6780
2481 3960
2483 5360
2484 29700
2485 5740
2498 9880
2502 4460
2505 5340
2516 9480
2517 3220
2521 9480
2523 3560
2524 14080
2525 7460
2538 26460
2542 7180
2545 6400
2556 3640
2557 3660
2561 3640
2563 19800
2564 11240
2565 5040
2578 20820
2582 6540
2585 3460
2596 3340
2597 85500
2601 3340
2603 4620
2604 13060
2605 9180
2618 8880
2622 23960
2625 21220
2636 2500
2637 28540
2641 2500
2643 6020
2644 34280
2645 5140
2658 8280
2662 6620
2665 4820
2676 14200
2677 6020
2681 14200
2683 4440
2684 12640
2685 6380
2698 32800
2702 6200
2705 4340
2716 2680
2717 8580
2721 2680
2723 24200
2724 122620
2725 114340
2738 32100
2742 3880
2745 2680
2756 4400
2757 5100
2761 4400
2763 4460
2764 31680
2765 26100
2778 13620
2782 29140
2785 23880
2796 3660
2797 16740
2801 3660
2803 50420
2804 30420
2805 6000
2818 11980
2822 6260
2825 3760
2836 25840
2837 5460
2841 25840
2843 23440
2844 14820
2845 9080
2858 27880
2862 8280
2865 4520
2876 5340
2877 5360
2881 5340
2883 28000
2884 13320
2885 5860
2898 26960
2902 5580
2905 4560
2908 43240
2916 6400
2917 3560
2921 6400
2923 11480
2924 28620
2925 23580
2938 12280
2942 24420
2945 22420
2948 16900
2956 3460
2957 19800
2961 3460
2963 10160
2964 15660
2965 6480
2978 9380
2982 5740
2985 1278
