0 0
257 43240
297 16900
337 4040
377 4860
417 3960
457 9480
497 3640
537 3340
577 2500
617 14200
657 2680
697 4400
705 43240
737 3660
745 16900
777 25840
785 4040
817 5340
825 4860
857 6400
865 3960
896 43240
897 3460
905 9480
936 16900
937 21220
942 43240
945 3640
976 4040
977 4820
982 16900
985 3340
1016 4860
1017 4340
1022 4040
1025 2500
1056 3960
1057 2680
1062 4860
1065 14200
1096 9480
1097 23880
1102 3960
1105 2680
1136 3640
1137 3760
1142 9480
1145 4400
1176 3340
1177 4520
1182 3640
1185 3660
1216 2500
1217 4560
1222 3340
1225 25840
1256 14200
1257 22420
1262 2500
1265 5340
1296 2680
1297 4260
1302 14200
1305 6400
1336 4400
1337 2900
1342 2680
1345 3460
1376 3660
1377 2140
1382 4400
1385 21220
1416 25840
1417 6780
1422 3660
1425 4820
1456 5340
1457 3220
1462 25840
1465 4340
1496 6400
1497 3660
1502 5340
1505 2680
1536 3460
1537 85500
1542 6400
1545 23880
1576 21220
1577 28540
1582 3460
1585 3760
1616 4820
1617 6020
1622 21220
1625 4520
1643 43240
1656 4340
1657 8580
1662 4820
1663 43240
1665 4560
1683 16900
1696 2680
1697 5100
1702 4340
1703 16900
1704 43240
1705 22420
1723 4040
1736 23880
1737 16740
1742 2680
1743 4040
1744 16900
1745 4260
1763 4860
1776 3760
1777 5460
1782 23880
1783 4860
1784 4040
1785 2900
1803 3960
1816 4520
1817 5360
1822 3760
1823 3960
1824 4860
1825 2140
1843 9480
1856 4560
1857 3560
1862 4520
1863 9480
1864 3960
1865 6780
1883 3640
1896 65660
1897 19800
1902 4560
1903 3640
1904 9480
1905 3220
1923 3340
1936 21160
1937 4620
1942 22420
1943 3340
1944 3640
1945 3660
1963 2500
1976 6940
1977 6020
1982 4260
1983 2500
1984 3340
1985 85500
2003 14200
2016 7000
2017 4440
2022 2900
2023 14200
2024 2500
2025 28540
2043 2680
2056 10740
2057 24200
2062 2140
2063 2680
2064 14200
2065 6020
2083 4400
2096 12700
2097 4460
2102 6780
2103 4400
2104 2680
2105 8580
2123 3660
2136 7300
2137 7180
2142 3220
2143 3660
2144 4400
2145 5100
2163 25840
2176 88840
2177 6540
2182 3660
2183 25840
2184 3660
2185 16740
2203 5340
2216 31040
2217 23960
2222 85500
2223 5340
2224 25840
2225 5460
2243 6400
2256 20220
2257 6620
2262 28540
2263 6400
2264 5340
2265 5360
2283 3460
2296 11260
2297 6200
2302 6020
2303 3460
2304 6400
2305 3560
2323 21220
2336 9500
2337 3880
2342 8580
2343 21220
2344 3460
2345 19800
2363 4820
2376 20400
2377 29140
2382 5100
2383 4820
2384 21220
2385 4620
2403 4340
2416 31300
2417 6260
2422 16740
2423 4340
2424 4820
2425 6020
2443 2680
2456 10700
2457 8280
2462 5460
2463 2680
2464 4340
2465 4440
2483 23880
2496 9960
2497 5580
2502 5360
2503 23880
2504 2680
2505 24200
2523 3760
2536 23260
2537 24420
2542 3560
2543 3760
2544 23880
2545 4460
2563 4520
2576 25840
2577 5740
2582 19800
2583 4520
2584 3760
2585 7180
2603 4560
2616 10840
2617 7460
2622 4620
2623 4560
2624 4520
2625 6540
2640 43240
2643 22420
2656 8780
2657 5040
2662 6020
2663 22420
2664 4560
2665 23960
2680 16900
2683 4260
2696 26880
2697 9180
2702 4440
2703 4260
2704 22420
2705 6620
2720 4040
2723 2900
2736 28340
2737 5140
2742 24200
2743 2900
2744 4260
2745 6200
2760 4860
2763 2140
2776 10940
2777 6380
2782 4460
2783 2140
2784 2900
2785 3880
2800 3960
2802 43240
2803 6780
2816 11060
2817 114340
2822 7180
2823 6780
2824 2140
2825 29140
2840 9480
2842 16900
2843 3220
2856 28520
2857 26100
2862 6540
2863 3220
2864 6780
2865 6260
2880 3640
2882 4040
2883 3660
2894 43240
2896 29040
2897 6000
2902 23960
2903 3660
2904 3220
2905 8280
2920 3340
2922 4860
2923 85500
2934 16900
2936 10460
2937 9080
2942 6620
2943 85500
2944 3660
2945 5580
2960 2500
2962 3960
2963 28540
2974 4040
2976 6780
2977 5860
2982 6200
2983 5708
