0 0
180 43240
220 16900
260 4040
300 4860
340 3960
380 9480
420 3640
435 43240
460 3340
475 16900
488 43240
500 2500
515 4040
528 16900
540 14200
555 4860
568 4040
580 2680
595 3960
608 4860
620 4400
635 9480
648 3960
660 3660
675 3640
688 9480
700 25840
715 3340
728 3640
740 5340
755 2500
768 3340
780 49640
795 14200
808 2500
820 20360
835 2680
848 14200
860 25260
875 4400
888 2680
900 9680
915 3660
928 4400
940 8300
955 25840
968 3660
974 43240
980 12160
995 5340
1008 25840
1014 16900
1020 27520
1035 6400
1048 5340
1054 4040
1060 7100
1075 3460
1088 6400
1094 4860
1100 7020
1115 21220
1127 43240
1128 3460
1134 3960
1140 18760
1155 4820
1167 16900
1168 21220
1174 9480
1180 25100
1195 4340
1207 4040
1208 4820
1214 3640
1220 8660
1235 2680
1247 4860
1248 4340
1254 3340
1260 6560
1275 23880
1287 3960
1288 2680
1294 2500
1300 27980
1315 3760
1327 9480
1328 23880
1334 14200
1340 12120
1355 4520
1360 43240
1367 3640
1368 3760
1374 2680
1380 9620
1395 4560
1400 16900
1407 3340
1408 4520
1414 4400
1420 7120
1435 22420
1440 4040
1447 2500
1448 4560
1454 3660
1460 106720
1475 4260
1480 4860
1487 14200
1488 22420
1494 25840
1500 33360
1515 2900
1520 3960
1527 2680
1528 4260
1534 5340
1540 10360
1555 2140
1560 9480
1567 4400
1568 2900
1574 6400
1580 54500
1595 6780
1600 3640
1607 3660
1608 2140
1614 3460
1620 89120
1635 3220
1640 3340
1647 25840
1648 6780
1654 21220
1660 41440
1675 3660
1680 2500
1687 5340
1688 3220
1694 4820
1700 18880
1715 85500
1720 14200
1727 6400
1728 3660
1734 4340
1740 18740
1755 28540
1760 2680
1767 3460
1768 85500
1774 2680
1780 39420
1795 6020
1800 4400
1807 21220
1808 28540
1814 23880
1820 37180
1835 8580
1840 3660
1847 4820
1848 6020
1854 3760
1860 14500
1875 5100
1880 25840
1887 4340
1888 8580
1894 4520
1900 14000
1915 16740
1920 5340
1927 2680
1928 5100
1934 4560
1940 27920
1955 5460
1960 6400
1967 23880
1968 16740
1974 22420
1978 43240
1980 44300
1995 5360
2000 3460
2007 3760
2008 5460
2014 4260
2018 16900
2020 15200
2035 3560
2040 21220
2047 4520
2048 5360
2054 2900
2058 4040
2060 100740
2075 19800
2080 4820
2087 4560
2088 3560
2094 2140
2098 4860
2100 64580
2115 4620
2120 4340
2127 22420
2128 19800
2134 6780
2138 3960
2140 61160
2155 6020
2160 2680
2167 4260
2168 4620
2174 3220
2178 9480
2180 26940
2195 4440
2200 23880
2207 2900
2208 6020
2214 3660
2218 3640
2220 21160
2235 24200
2240 3760
2247 2140
2248 4440
2254 85500
2258 3340
2260 45300
2275 4460
2280 4520
2287 6780
2288 24200
2294 28540
2298 2500
2300 60640
2315 7180
2320 4560
2327 3220
2328 4460
2334 6020
2338 14200
2340 20780
2355 6540
2360 22420
2367 3660
2368 7180
2374 8580
2378 2680
2380 18860
2395 23960
2400 4260
2403 43240
2407 85500
2408 6540
2414 5100
2418 4400
2420 51940
2435 6620
2440 2900
2443 16900
2447 28540
2448 23960
2454 16740
2458 3660
2460 56680
2475 6200
2480 2140
2483 4040
2487 6020
2488 6620
2494 5460
2498 25840
2500 20040
2514 43240
2515 3880
2520 6780
2523 4860
2527 8580
2528 6200
2534 5360
2538 5340
2540 20980
2554 16900
2555 29140
2560 3220
2563 3960
2567 5100
2568 3880
2574 3560
2578 6400
2580 56220
2594 4040
2595 6260
2600 3660
2603 9480
2607 16740
2608 29140
2614 19800
2618 3460
2620 40320
2634 4860
2635 8280
2640 85500
2643 3640
2647 5460
2648 6260
2654 4620
2658 21220
2660 19480
2674 3960
2675 5580
2680 28540
2683 3340
2687 5360
2688 8280
2694 6020
2698 4820
2700 17960
2714 9480
2715 24420
2720 6020
2723 2500
2727 3560
2728 5580
2734 4440
2738 4340
2740 147220
2754 3640
2755 5740
2760 8580
2763 14200
2767 19800
2768 24420
2774 24200
2778 2680
2780 42720
2794 3340
2795 7460
2800 5100
2803 2680
2807 4620
2808 5740
2814 4460
2818 23880
2820 19080
2834 2500
2835 5040
2840 16740
2843 4400
2847 6020
2848 7460
2854 7180
2858 3760
2860 102120
2874 14200
2875 9180
2880 5460
2883 3660
2887 4440
2888 5040
2894 6540
2898 4520
2900 149040
2914 2680
2915 5140
2920 5360
2923 25840
2927 24200
2928 9180
2934 23960
2938 4560
2940 64400
2954 4400
2955 6380
2960 3560
2962 43240
2963 5340
2967 4460
2968 5140
2974 6620
2978 22420
