0 0
133 43240
173 16900
213 4040
253 4860
293 3960
333 9480
373 3640
381 43240
413 3340
421 16900
428 43240
453 2500
461 4040
468 16900
493 14200
501 4860
508 4040
533 2680
541 3960
548 4860
573 4400
581 9480
586 43240
588 3960
613 3660
621 3640
626 16900
628 9480
653 25840
661 3340
666 4040
668 3640
693 5340
701 2500
706 4860
708 3340
733 6400
741 14200
746 3960
748 2500
773 3460
781 2680
786 9480
788 14200
813 21220
821 4400
826 3640
828 2680
853 4820
861 3660
866 3340
868 4400
893 4340
901 25840
906 2500
908 3660
933 2680
941 5340
946 14200
948 25840
973 23880
981 6400
986 2680
988 5340
1013 3760
1021 3460
1026 4400
1028 6400
1053 4520
1061 21220
1066 3660
1068 3460
1093 4560
1101 4820
1106 25840
1108 21220
1133 22420
1141 4340
1146 5340
1148 4820
1173 4260
1181 2680
1186 6400
1188 4340
1213 2900
1221 23880
1226 3460
1228 2680
1253 2140
1256 43240
1261 3760
1266 21220
1268 23880
1293 6780
1296 16900
1297 43240
1301 4520
1306 4820
1308 3760
1333 3220
1336 4040
1337 16900
1341 4560
1346 4340
1348 4520
1373 3660
1376 4860
1377 4040
1381 22420
1386 2680
1388 4560
1413 85500
1416 3960
1417 4860
1421 4260
1426 23880
1428 22420
1453 28540
1456 9480
1457 3960
1461 2900
1466 3760
1468 4260
1483 43240
1493 6020
1496 3640
1497 9480
1501 2140
1506 4520
1508 2900
1520 43240
1523 16900
1533 8580
1536 3340
1537 3640
1541 6780
1546 4560
1548 2140
1560 16900
1563 4040
1573 5100
1576 2500
1577 3340
1581 3220
1586 22420
1588 6780
1600 4040
1603 4860
1613 16740
1616 14200
1617 2500
1621 3660
1626 4260
1628 3220
1640 4860
1643 3960
1653 5460
1656 2680
1657 14200
1661 85500
1666 2900
1668 3660
1680 3960
1683 9480
1693 5360
1696 4400
1697 2680
1701 28540
1706 2140
1708 85500
1720 9480
1723 3640
1733 3560
1736 3660
1737 4400
1741 6020
1746 6780
1748 28540
1760 3640
1763 3340
1773 19800
1776 25840
1777 3660
1781 8580
1786 3220
1788 6020
1800 3340
1803 2500
1813 4620
1816 5340
1817 25840
1821 5100
1826 3660
1828 8580
1840 2500
1843 14200
1853 6020
1856 6400
1857 5340
1861 16740
1866 85500
1868 5100
1880 14200
1883 2680
1889 43240
1893 4440
1896 3460
1897 6400
1901 5460
1906 28540
1908 16740
1920 2680
1923 4400
1929 16900
1933 24200
1936 21220
1937 3460
1941 5360
1946 6020
1948 5460
1952 43240
1960 4400
1963 3660
1969 4040
1973 4460
1976 4820
1977 21220
1981 3560
1986 8580
1988 5360
1992 16900
2000 46900
2003 25840
2009 4860
2013 7180
2016 4340
2017 4820
2021 19800
2026 5100
2028 3560
2032 4040
2040 42740
2043 5340
2049 3960
2053 6540
2056 2680
2057 4340
2061 4620
2066 16740
2068 19800
2072 4860
2080 9380
2083 6400
2089 9480
2093 23960
2096 23880
2097 2680
2101 6020
2106 5460
2108 4620
2112 3960
2120 11260
2123 3460
2129 3640
2133 6620
2136 3760
2137 23880
2141 4440
2146 5360
2148 6020
2152 9480
2160 7420
2163 21220
2169 3340
2173 6200
2176 4520
2177 3760
2181 24200
2186 3560
2188 4440
2192 3640
2200 30700
2203 4820
2209 2500
2213 3880
2216 4560
2217 4520
2221 4460
2226 19800
2228 24200
2232 3340
2240 8460
2243 4340
2249 14200
2253 29140
2256 22420
2257 4560
2261 7180
2266 4620
2268 4460
2272 2500
2280 7680
2283 2680
2289 2680
2293 6260
2296 4260
2297 22420
2301 6540
2306 6020
2308 7180
2312 14200
2320 5180
2323 23880
2329 4400
2333 8280
2336 2900
2337 4260
2341 23960
2346 4440
2348 6540
2352 2680
2360 38080
2363 3760
2369 3660
2373 5580
2376 2140
2377 2900
2381 6620
2386 24200
2388 23960
2392 4400
2400 6440
2403 4520
2409 25840
2413 24420
2416 6780
2417 2140
2421 6200
2426 4460
2428 6620
2432 3660
2438 43240
2440 8920
2443 4560
2449 5340
2453 5740
2456 3220
2457 6780
2461 3880
2466 7180
2468 6200
2472 25840
2478 16900
2480 8220
2483 22420
2489 6400
2493 7460
2496 3660
2497 3220
2501 29140
2506 6540
2508 3880
2512 5340
2518 4040
2520 48260
2523 4260
2529 3460
2533 5040
2536 85500
2537 3660
2541 6260
2546 23960
2548 29140
2552 6400
2558 4860
2560 9600
2563 2900
2569 21220
2573 9180
2576 28540
2577 85500
2581 8280
2586 6620
2588 6260
2592 3460
2598 3960
2600 9300
2603 2140
2609 4820
2613 5140
2616 6020
2617 28540
2621 5580
2626 6200
2628 8280
2632 21220
2638 9480
2640 5600
2643 6780
2649 4340
2653 6380
2656 8580
2657 6020
2661 24420
2666 3880
2668 5580
2672 4820
2678 3640
2680 28000
2683 3220
2689 2680
2693 114340
2696 5100
2697 8580
2700 43240
2701 5740
2706 29140
2708 24420
2712 4340
2718 3340
2720 8040
2723 3660
2729 23880
2733 26100
2736 16740
2737 5100
2740 16900
2741 7460
2746 6260
2748 5740
2752 2680
2758 2500
2760 8000
2763 85500
2769 3760
2773 6000
2776 5460
2777 16740
2780 4040
2781 5040
2785 43240
2786 8280
2788 7460
2792 23880
2798 14200
2800 88180
2803 28540
2809 4520
2810 43240
2813 9080
2816 5360
2817 5460
2820 4860
2821 9180
2825 16900
2826 5580
2828 5040
2832 3760
2838 2680
2840 52420
2843 6020
2849 4560
2850 16900
2853 5860
2856 3560
2857 5360
2860 3960
2861 5140
2865 4040
2866 24420
2868 9180
2872 4520
2878 4400
2880 9780
2883 8580
2889 22420
2890 4040
2893 23580
2896 19800
2897 3560
2900 9480
2901 6380
2905 4860
2906 5740
2908 5140
2912 4560
2918 3660
2920 13100
2923 5100
2929 4260
2930 4860
2933 6480
2936 4620
2937 19800
2940 3640
2941 114340
2945 3960
2946 7460
2948 6380
2952 22420
2958 25840
2960 9660
2963 16740
2969 2900
2970 3960
2973 9400
2976 6020
2977 4620
2980 3340
2981 26100
2985 9480
2986 5040
2988 114340
2992 1917
