0 0
476 43240
503 43240
516 16900
543 16900
556 4040
583 4040
596 4860
623 4860
636 3960
652 43240
663 3960
676 9480
692 16900
703 9480
716 3640
732 4040
743 3640
756 3340
772 4860
783 3340
796 2500
812 3960
823 2500
836 14200
852 9480
863 14200
876 2680
892 3640
903 2680
916 4400
932 3340
943 4400
956 3660
972 2500
983 3660
996 25840
1012 14200
1023 25840
1036 5340
1052 2680
1063 5340
1076 6400
1092 4400
1103 6400
1116 3460
1132 3660
1143 3460
1156 21220
1172 25840
1183 21220
1196 4820
1212 5340
1223 4820
1227 43240
1236 4340
1252 6400
1263 4340
1267 16900
1276 2680
1292 3460
1303 2680
1307 4040
1316 23880
1332 21220
1343 23880
1347 4860
1356 3760
1372 4820
1383 3760
1387 3960
1396 4520
1412 4340
1423 4520
1427 9480
1436 4560
1452 2680
1463 4560
1467 3640
1476 22420
1492 23880
1503 22420
1507 3340
1516 4260
1532 3760
1543 4260
1547 2500
1556 2900
1572 4520
1583 2900
1587 14200
1596 2140
1612 4560
1623 2140
1627 2680
1636 6780
1652 22420
1663 6780
1667 4400
1676 3220
1692 4260
1703 3220
1707 3660
1716 3660
1732 2900
1735 43240
1743 3660
1747 25840
1756 85500
1772 2140
1775 16900
1783 85500
1787 5340
1796 28540
1812 6780
1815 4040
1823 28540
1827 6400
1834 43240
1836 6020
1852 3220
1855 4860
1863 6020
1867 3460
1874 16900
1876 8580
1892 3660
1895 3960
1903 8580
1907 21220
1914 4040
1916 5100
1932 85500
1935 9480
1943 5100
1947 4820
1954 4860
1956 16740
1972 28540
1975 3640
1983 16740
1987 4340
1994 3960
1996 5460
2012 6020
2015 3340
2023 5460
2027 2680
2034 9480
2036 5360
2052 8580
2055 2500
2063 5360
2067 23880
2074 3640
2076 3560
2092 5100
2095 14200
2103 3560
2107 3760
2114 3340
2116 19800
2132 16740
2135 2680
2143 19800
2147 4520
2154 2500
2156 4620
2172 5460
2175 4400
2182 43240
2183 4620
2187 4560
2194 14200
2196 6020
2212 5360
2215 3660
2222 16900
2223 6020
2227 22420
2234 2680
2236 4440
2249 43240
2252 3560
2255 25840
2262 4040
2263 4440
2267 4260
2274 4400
2276 24200
2289 16900
2292 19800
2295 5340
2299 43240
2302 4860
2303 24200
2307 2900
2314 3660
2316 4460
2329 4040
2332 4620
2335 6400
2339 16900
2342 3960
2343 4460
2347 2140
2354 25840
2356 7180
2369 4860
2372 6020
2375 3460
2379 4040
2382 9480
2383 7180
2387 6780
2394 5340
2396 6540
2409 3960
2412 4440
2415 21220
2419 4860
2422 3640
2423 6540
2427 3220
2434 6400
2436 23960
2449 9480
2452 24200
2455 4820
2459 3960
2462 3340
2463 23960
2467 3660
2474 3460
2476 6620
2489 3640
2492 4460
2495 4340
2499 9480
2502 2500
2503 6620
2507 85500
2514 21220
2516 6200
2529 3340
2532 7180
2535 2680
2539 3640
2542 14200
2543 6200
2547 28540
2554 4820
2556 3880
2569 2500
2572 6540
2575 23880
2579 3340
2582 2680
2583 3880
2587 6020
2594 4340
2596 29140
2609 14200
2611 43240
2612 23960
2615 3760
2619 2500
2622 4400
2623 29140
2627 8580
2634 2680
2636 6260
2649 2680
2651 16900
2652 6620
2655 4520
2659 14200
2662 3660
2663 6260
2667 5100
2674 23880
2676 8280
2689 4400
2691 4040
2692 6200
2695 4560
2699 2680
2702 25840
2703 8280
2707 16740
2714 3760
2716 5580
2729 3660
2731 4860
2732 3880
2735 22420
2739 4400
2742 5340
2743 5580
2747 5460
2754 4520
2756 24420
2769 25840
2771 3960
2772 29140
2775 4260
2779 3660
2782 6400
2783 24420
2787 5360
2794 4560
2796 5740
2809 5340
2811 9480
2812 6260
2815 2900
2819 25840
2822 3460
2823 5740
2827 3560
2834 22420
2836 7460
2849 6400
2851 3640
2852 8280
2855 2140
2859 5340
2862 21220
2863 7460
2867 19800
2874 4260
2876 5040
2884 43240
2885 43240
2889 3460
2891 3340
2892 5580
2895 6780
2899 6400
2902 4820
2903 5040
2907 4620
2914 2900
2916 9180
2924 16900
2925 16900
2929 21220
2931 2500
2932 24420
2935 3220
2939 3460
2942 4340
2943 9180
2947 6020
2954 2140
2956 5140
2964 4040
2965 4040
2969 4820
2971 14200
2972 5740
2975 3660
2979 21220
2982 2680
2983 5140
2987 4440
2994 6780
2996 6380
2998 23110
