0 0
296 43240
336 16900
376 4040
395 43240
416 4860
435 16900
456 3960
475 4040
496 9480
515 4860
536 3640
555 3960
576 3340
595 9480
616 2500
635 3640
656 14200
675 3340
696 2680
715 2500
736 4400
755 14200
769 43240
776 3660
795 2680
809 16900
816 25840
835 4400
849 4040
856 5340
875 3660
889 4860
896 6400
915 25840
929 3960
936 3460
955 5340
969 9480
976 21220
995 6400
1009 3640
1016 4820
1035 3460
1049 3340
1056 4340
1057 43240
1075 21220
1089 2500
1096 2680
1097 16900
1115 4820
1129 14200
1136 23880
1137 4040
1155 4340
1169 2680
1176 3760
1177 4860
1195 2680
1209 4400
1216 4520
1217 3960
1235 23880
1249 3660
1256 4560
1257 9480
1275 3760
1289 25840
1296 22420
1297 3640
1315 4520
1329 5340
1336 4260
1337 3340
1355 4560
1369 6400
1376 2900
1377 2500
1395 22420
1409 3460
1416 2140
1417 14200
1435 4260
1449 21220
1456 6780
1457 2680
1474 43240
1475 2900
1489 4820
1496 3220
1497 4400
1514 16900
1515 2140
1529 4340
1536 3660
1537 3660
1554 4040
1555 6780
1569 2680
1576 85500
1577 25840
1594 4860
1595 3220
1609 23880
1616 28540
1617 5340
1634 3960
1635 3660
1649 3760
1656 6020
1657 6400
1674 9480
1675 85500
1689 4520
1696 8580
1697 3460
1711 43240
1714 3640
1715 28540
1729 4560
1736 5100
1737 21220
1751 16900
1754 3340
1755 6020
1769 22420
1776 16740
1777 4820
1791 4040
1794 2500
1795 8580
1809 4260
1816 5460
1817 4340
1831 4860
1834 14200
1835 5100
1849 2900
1856 5360
1857 2680
1871 3960
1874 2680
1875 16740
1889 2140
1896 3560
1897 23880
1911 9480
1913 43240
1914 4400
1915 5460
1929 6780
1936 19800
1937 3760
1951 3640
1953 16900
1954 3660
1955 5360
1969 3220
1976 4620
1977 4520
1991 3340
1993 4040
1994 25840
1995 3560
2009 3660
2016 6020
2017 4560
2031 2500
2033 4860
2034 5340
2035 19800
2049 85500
2056 4440
2057 22420
2071 14200
2073 3960
2074 6400
2075 4620
2089 28540
2096 24200
2097 4260
2111 2680
2113 9480
2114 3460
2115 6020
2129 6020
2136 4460
2137 2900
2151 4400
2153 3640
2154 21220
2155 4440
2169 8580
2176 7180
2177 2140
2191 3660
2193 3340
2194 4820
2195 24200
2209 5100
2216 6540
2217 6780
2231 25840
2233 2500
2234 4340
2235 4460
2249 16740
2253 43240
2256 23960
2257 3220
2271 5340
2273 14200
2274 2680
2275 7180
2289 5460
2293 16900
2296 6620
2297 3660
2311 6400
2313 2680
2314 23880
2315 6540
2320 43240
2329 5360
2333 4040
2336 6200
2337 85500
2351 3460
2353 4400
2354 3760
2355 23960
2360 16900
2369 3560
2373 4860
2376 3880
2377 28540
2391 21220
2393 3660
2394 4520
2395 6620
2400 4040
2409 19800
2413 3960
2416 29140
2417 6020
2431 4820
2433 25840
2434 4560
2435 6200
2440 4860
2449 4620
2453 9480
2456 6260
2457 8580
2471 4340
2473 5340
2474 22420
2475 3880
2480 3960
2489 6020
2493 3640
2496 8280
2497 5100
2511 2680
2513 6400
2514 4260
2515 29140
2520 9480
2529 4440
2533 3340
2536 5580
2537 16740
2551 23880
2553 3460
2554 2900
2555 6260
2560 3640
2569 24200
2573 2500
2576 24420
2577 5460
2591 3760
2593 21220
2594 2140
2595 8280
2600 3340
2609 4460
2613 14200
2616 5740
2617 5360
2631 4520
2633 4820
2634 6780
2635 5580
2640 2500
2649 7180
2653 2680
2656 7460
2657 3560
2671 4560
2673 4340
2674 3220
2675 24420
2680 14200
2689 6540
2693 4400
2696 5040
2697 19800
2711 22420
2713 2680
2714 3660
2715 5740
2720 2680
2729 23960
2733 3660
2736 9180
2737 4620
2751 4260
2753 23880
2754 85500
2755 7460
2760 4400
2769 6620
2773 25840
2776 5140
2777 6020
2791 2900
2793 3760
2794 28540
2795 5040
2800 3660
2809 6200
2813 5340
2816 6380
2817 4440
2831 2140
2833 4520
2834 6020
2835 9180
2840 25840
2849 3880
2853 6400
2856 114340
2857 24200
2871 6780
2873 4560
2874 8580
2875 5140
2880 5340
2889 29140
2893 3460
2896 26100
2897 4460
2911 3220
2913 22420
2914 5100
2915 6380
2920 6400
2929 6260
2933 21220
2936 6000
2937 7180
2951 3660
2953 4260
2954 16740
2955 114340
2960 3460
2969 8280
2973 4820
2976 9080
2977 6540
2991 85500
2993 2900
2994 5460
