0 0
569 43240
573 43240
609 16900
613 16900
617 43240
649 4040
653 4040
657 16900
689 4860
693 4860
697 4040
729 3960
733 3960
737 4860
755 43240
769 9480
773 9480
777 3960
795 16900
807 43240
809 3640
813 3640
817 9480
835 4040
847 16900
849 3340
853 3340
857 3640
875 4860
887 4040
889 2500
893 2500
897 3340
915 3960
927 4860
929 14200
933 14200
937 2500
955 9480
967 3960
969 2680
973 2680
977 14200
995 3640
1007 9480
1009 4400
1013 4400
1017 2680
1035 3340
1047 3640
1049 3660
1053 3660
1057 4400
1059 43240
1075 2500
1087 3340
1089 25840
1093 25840
1097 3660
1099 16900
1115 14200
1127 2500
1129 5340
1133 5340
1137 25840
1139 4040
1155 2680
1167 14200
1169 6400
1173 6400
1177 5340
1179 4860
1195 4400
1207 2680
1209 3460
1213 3460
1217 6400
1219 3960
1235 3660
1247 4400
1249 21220
1253 21220
1257 3460
1259 9480
1275 25840
1287 3660
1289 4820
1293 4820
1297 21220
1299 3640
1315 5340
1327 25840
1329 4340
1333 4340
1337 4820
1339 3340
1355 6400
1367 5340
1369 2680
1373 2680
1377 4340
1379 2500
1395 3460
1407 6400
1409 23880
1413 23880
1417 2680
1419 14200
1435 21220
1447 3460
1449 3760
1453 3760
1457 23880
1459 2680
1475 4820
1487 21220
1489 4520
1493 4520
1497 3760
1499 4400
1515 4340
1527 4820
1529 4560
1533 4560
1537 4520
1539 3660
1555 2680
1564 43240
1567 4340
1569 22420
1573 22420
1577 4560
1579 25840
1595 23880
1604 16900
1607 2680
1609 4260
1613 4260
1617 22420
1619 5340
1635 3760
1644 4040
1647 23880
1649 2900
1653 2900
1657 4260
1659 6400
1675 4520
1684 4860
1687 3760
1689 2140
1693 2140
1697 2900
1699 3460
1715 4560
1724 3960
1727 4520
1729 6780
1733 6780
1737 2140
1739 21220
1755 22420
1764 9480
1767 4560
1769 3220
1773 3220
1777 6780
1779 4820
1795 4260
1804 3640
1807 22420
1809 3660
1813 3660
1817 3220
1819 4340
1825 43240
1835 2900
1844 3340
1847 4260
1849 85500
1853 85500
1857 3660
1859 2680
1865 16900
1875 2140
1884 2500
1887 2900
1889 28540
1893 28540
1897 85500
1899 23880
1905 4040
1915 6780
1924 14200
1927 2140
1929 6020
1933 6020
1937 28540
1939 3760
1945 4860
1955 3220
1964 2680
1967 6780
1969 8580
1973 8580
1977 6020
1979 4520
1985 3960
1995 3660
2004 4400
2007 3220
2009 5100
2013 5100
2017 8580
2019 4560
2025 9480
2035 85500
2044 3660
2047 3660
2049 16740
2053 16740
2057 5100
2059 22420
2065 3640
2075 28540
2084 25840
2087 85500
2089 5460
2093 5460
2097 16740
2099 4260
2105 3340
2115 6020
2124 5340
2127 28540
2129 5360
2133 5360
2137 5460
2139 2900
2145 2500
2155 8580
2164 6400
2167 6020
2169 3560
2173 3560
2177 5360
2179 2140
2185 14200
2195 5100
2204 3460
2207 8580
2209 19800
2213 19800
2217 3560
2219 6780
2225 2680
2235 16740
2244 21220
2247 5100
2249 4620
2253 4620
2257 19800
2259 3220
2265 4400
2275 5460
2284 4820
2287 16740
2289 6020
2293 6020
2297 4620
2299 3660
2305 3660
2315 5360
2324 4340
2327 5460
2329 4440
2333 4440
2337 6020
2339 85500
2345 25840
2355 3560
2364 2680
2367 5360
2369 24200
2373 24200
2377 4440
2379 28540
2385 5340
2395 19800
2404 23880
2407 3560
2409 4460
2413 4460
2417 24200
2419 6020
2425 6400
2435 4620
2444 3760
2447 19800
2449 7180
2453 50420
2457 4460
2459 8580
2465 3460
2475 6020
2484 4520
2487 4620
2489 6540
2493 23440
2497 7180
2499 5100
2505 21220
2515 4440
2524 4560
2527 6020
2529 23960
2533 28000
2537 6540
2539 16740
2545 4820
2555 24200
2564 22420
2567 4440
2569 6620
2573 11480
2577 23960
2579 5460
2585 4340
2595 4460
2604 4260
2607 24200
2609 6200
2613 10160
2617 6620
2619 5360
2625 2680
2635 7180
2644 2900
2647 4460
2649 3880
2653 13360
2657 6200
2659 3560
2665 23880
2675 6540
2684 2140
2687 7180
2689 29140
2693 32780
2697 3880
2699 19800
2705 3760
2715 23960
2724 6780
2727 6540
2729 6260
2733 9600
2737 29140
2739 4620
2745 4520
2755 6620
2764 3220
2767 23960
2769 8280
2773 10780
2777 6260
2779 6020
2782 43240
2785 4560
2795 6200
2804 3660
2807 6620
2809 5580
2813 19780
2817 8280
2819 4440
2822 16900
2825 22420
2835 3880
2844 85500
2847 6200
2849 24420
2853 27100
2857 5580
2859 24200
2862 4040
2865 4260
2875 29140
2884 28540
2887 3880
2889 5740
2893 10140
2897 24420
2899 4460
2902 4860
2905 2900
2915 6260
2924 6020
2927 29140
2929 7460
2933 11120
2937 5740
2939 7180
2942 3960
2945 2140
2955 8280
2958 43240
2964 8580
2967 6260
2969 5040
2973 30880
2977 7460
2979 6540
2982 9480
2985 6780
2995 5580
2998 16055
