0 0
720 43240
760 16900
800 4040
810 43240
840 4860
850 16900
880 3960
890 4040
920 9480
930 4860
960 3640
970 3960
1000 3340
1010 9480
1022 43240
1040 2500
1050 3640
1062 16900
1078 43240
1080 14200
1090 3340
1102 4040
1118 16900
1120 2680
1130 2500
1142 4860
1149 43240
1158 4040
1160 4400
1170 14200
1182 3960
1189 16900
1198 4860
1200 3660
1210 2680
1219 43240
1222 9480
1229 4040
1238 3960
1240 25840
1250 4400
1259 16900
1262 3640
1269 4860
1278 9480
1280 5340
1284 43240
1290 3660
1299 4040
1302 3340
1309 3960
1318 3640
1320 6400
1324 16900
1330 25840
1339 4860
1342 2500
1349 9480
1358 3340
1360 3460
1364 4040
1370 5340
1379 3960
1382 14200
1389 3640
1398 2500
1400 21220
1404 4860
1410 6400
1419 9480
1422 2680
1429 3340
1438 14200
1440 4820
1444 3960
1450 3460
1459 3640
1462 4400
1469 2500
1478 2680
1480 4340
1484 9480
1490 21220
1499 3340
1502 3660
1509 14200
1518 4400
1520 2680
1524 3640
1530 4820
1539 2500
1542 25840
1549 2680
1557 43240
1558 3660
1560 23880
1564 3340
1570 4340
1579 14200
1582 5340
1589 4400
1597 16900
1598 25840
1600 3760
1604 2500
1610 2680
1619 2680
1622 6400
1629 3660
1637 4040
1638 5340
1640 4520
1644 14200
1650 23880
1659 4400
1662 3460
1669 25840
1677 4860
1678 6400
1680 4560
1684 2680
1690 3760
1699 3660
1702 21220
1709 5340
1717 3960
1718 3460
1720 22420
1724 4400
1730 4520
1739 25840
1742 4820
1749 6400
1757 9480
1758 21220
1760 4260
1764 3660
1770 4560
1779 5340
1782 4340
1789 3460
1797 3640
1798 4820
1800 2900
1804 25840
1810 22420
1819 6400
1822 2680
1829 21220
1837 3340
1838 4340
1840 2140
1844 5340
1850 4260
1859 3460
1862 23880
1869 4820
1877 2500
1878 2680
1880 6780
1884 6400
1890 2900
1899 21220
1902 3760
1909 4340
1917 14200
1918 23880
1920 3220
1924 3460
1930 2140
1939 4820
1942 4520
1949 2680
1957 2680
1958 3760
1960 3660
1964 21220
1970 6780
1979 4340
1982 4560
1989 23880
1997 4400
1998 4520
2000 85500
2004 4820
2010 3220
2019 2680
2022 22420
2029 3760
2037 3660
2038 4560
2040 28540
2044 4340
2050 3660
2059 23880
2062 4260
2069 4520
2077 25840
2078 22420
2080 6020
2084 2680
2090 85500
2099 3760
2102 2900
2109 4560
2117 5340
2118 4260
2120 8580
2124 23880
2130 28540
2139 4520
2142 2140
2149 22420
2157 6400
2158 2900
2160 5100
2164 3760
2170 6020
2179 4560
2182 6780
2189 4260
2197 3460
2198 2140
2200 16740
2204 4520
2210 8580
2219 22420
2222 3220
2229 2900
2237 21220
2238 6780
2240 5460
2244 4560
2250 5100
2259 4260
2262 3660
2269 2140
2277 4820
2278 3220
2280 5360
2284 22420
2290 16740
2299 2900
2302 85500
2309 6780
2317 4340
2318 3660
2320 3560
2324 4260
2330 5460
2339 2140
2342 28540
2349 3220
2357 2680
2358 85500
2360 19800
2364 2900
2370 5360
2379 6780
2382 6020
2389 3660
2397 23880
2398 28540
2400 4620
2404 2140
2410 3560
2419 3220
2422 8580
2429 85500
2430 43240
2437 3760
2438 6020
2440 6020
2444 6780
2450 19800
2459 3660
2462 5100
2469 28540
2470 16900
2477 4520
2478 8580
2480 4440
2484 3220
2490 4620
2499 85500
2502 16740
2509 6020
2510 4040
2517 4560
2518 5100
2520 24200
2524 3660
2530 6020
2539 28540
2542 5460
2549 8580
2550 4860
2557 22420
2558 16740
2560 4460
2564 85500
2570 4440
2579 6020
2582 5360
2589 5100
2590 3960
2597 4260
2598 5460
2600 7180
2604 28540
2610 24200
2619 8580
2622 3560
2629 16740
2630 9480
2637 2900
2638 5360
2640 6540
2644 6020
2650 4460
2659 5100
2662 19800
2669 5460
2670 3640
2677 2140
2678 3560
2680 23960
2684 8580
2690 7180
2699 16740
2702 4620
2709 5360
2710 3340
2717 6780
2718 19800
2720 6620
2724 5100
2729 43240
2730 6540
2739 5460
2742 6020
2749 3560
2750 2500
2757 3220
2758 4620
2760 6200
2764 16740
2766 43240
2769 16900
2770 23960
2779 5360
2782 4440
2789 19800
2790 14200
2797 3660
2798 6020
2800 3880
2804 5460
2806 16900
2809 4040
2810 6620
2813 43240
2819 3560
2822 24200
2829 4620
2830 2680
2837 85500
2838 4440
2840 29140
2844 5360
2846 4040
2849 4860
2850 6200
2853 16900
2859 19800
2862 4460
2869 6020
2870 4400
2877 28540
2878 24200
2880 6260
2884 3560
2886 4860
2889 3960
2890 3880
2893 4040
2899 4620
2902 7180
2909 4440
2910 3660
2917 6020
2918 4460
2920 8280
2924 19800
2926 3960
2929 9480
2930 29140
2933 4860
2939 6020
2942 6540
2949 24200
2950 25840
2957 51820
2958 7180
2960 5580
2964 4620
2966 9480
2969 3640
2970 6260
2973 3960
2979 4440
2982 5990
