0 0
371 43240
411 16900
440 43240
451 4040
480 16900
491 4860
503 43240
520 4040
531 3960
543 16900
560 4860
571 9480
583 4040
600 3960
603 43240
611 3640
623 4860
630 43240
637 43240
640 9480
643 16900
651 3340
663 3960
670 16900
677 16900
680 3640
683 4040
691 2500
703 9480
710 4040
717 4040
720 3340
723 4860
731 14200
743 3640
750 4860
757 4860
760 2500
763 3960
771 2680
783 3340
790 3960
797 3960
800 14200
803 9480
811 4400
823 2500
830 9480
837 9480
840 2680
843 3640
846 43240
851 3660
863 14200
870 3640
877 3640
880 4400
883 3340
886 16900
891 25840
892 43240
903 2680
910 3340
917 3340
920 3660
923 2500
926 4040
931 5340
932 16900
943 4400
950 2500
957 2500
960 25840
963 14200
966 4860
971 6400
972 4040
983 3660
990 14200
997 14200
1000 5340
1003 2680
1006 3960
1011 3460
1012 4860
1023 25840
1030 2680
1037 2680
1040 6400
1043 4400
1046 9480
1051 21220
1052 3960
1063 5340
1070 4400
1077 4400
1080 3460
1083 3660
1086 3640
1091 4820
1092 9480
1103 6400
1110 3660
1117 3660
1120 21220
1123 25840
1126 3340
1131 4340
1132 3640
1143 3460
1150 25840
1157 25840
1160 4820
1163 5340
1166 2500
1171 2680
1172 3340
1183 21220
1190 5340
1197 5340
1200 4340
1203 6400
1206 14200
1211 23880
1212 2500
1223 4820
1230 6400
1237 6400
1240 2680
1243 3460
1246 2680
1251 3760
1252 14200
1263 4340
1270 3460
1277 3460
1280 23880
1283 21220
1286 4400
1291 4520
1292 2680
1303 2680
1310 21220
1317 21220
1320 3760
1323 4820
1326 3660
1331 4560
1332 4400
1343 23880
1350 4820
1357 4820
1360 4520
1363 4340
1366 25840
1371 22420
1372 3660
1383 3760
1390 4340
1397 4340
1400 4560
1403 2680
1406 5340
1411 4260
1412 25840
1423 4520
1430 2680
1437 2680
1440 22420
1443 23880
1446 6400
1451 2900
1452 5340
1463 4560
1470 23880
1477 23880
1480 4260
1483 3760
1486 3460
1491 2140
1492 6400
1503 22420
1510 3760
1517 3760
1520 2900
1523 4520
1526 21220
1531 6780
1532 3460
1543 4260
1550 4520
1557 4520
1560 2140
1563 4560
1566 4820
1571 3220
1572 21220
1583 2900
1590 4560
1597 4560
1600 6780
1603 22420
1606 4340
1611 3660
1612 4820
1623 2140
1630 22420
1637 22420
1640 3220
1643 4260
1646 2680
1651 85500
1652 4340
1663 6780
1670 4260
1677 4260
1680 3660
1683 2900
1686 23880
1691 28540
1692 2680
1703 3220
1710 2900
1717 2900
1720 85500
1723 2140
1726 3760
1731 6020
1732 23880
1743 3660
1750 2140
1757 2140
1760 28540
1763 6780
1766 4520
1771 8580
1772 3760
1783 85500
1790 6780
1797 6780
1800 6020
1803 3220
1806 4560
1811 5100
1812 4520
1823 28540
1830 3220
1837 3220
1840 8580
1843 3660
1846 22420
1851 16740
1852 4560
1863 6020
1870 3660
1877 3660
1880 5100
1883 85500
1886 4260
1891 5460
1892 22420
1903 8580
1910 85500
1917 85500
1920 16740
1923 28540
1926 2900
1931 5360
1932 4260
1943 5100
1950 28540
1957 28540
1960 5460
1963 6020
1966 2140
1971 3560
1972 2900
1983 16740
1990 6020
1997 6020
2000 5360
2003 8580
2006 6780
2011 19800
2012 2140
2023 5460
2030 8580
2037 8580
2040 3560
2043 5100
2046 3220
2051 4620
2052 6780
2063 5360
2070 5100
2077 5100
2080 19800
2083 16740
2086 3660
2091 6020
2092 3220
2103 3560
2110 16740
2117 16740
2120 4620
2123 5460
2126 85500
2131 4440
2132 3660
2143 19800
2150 5460
2157 5460
2160 6020
2163 5360
2166 28540
2171 24200
2172 85500
2183 4620
2190 5360
2197 5360
2200 4440
2203 3560
2206 6020
2211 4460
2212 28540
2223 6020
2230 3560
2237 3560
2240 24200
2243 19800
2246 8580
2251 7180
2252 6020
2263 4440
2270 19800
2277 19800
2280 4460
2283 4620
2286 5100
2291 6540
2292 8580
2303 24200
2310 4620
2317 4620
2320 7180
2323 6020
2326 16740
2331 23960
2332 5100
2343 4460
2350 6020
2357 6020
2360 6540
2363 4440
2366 5460
2371 6620
2372 16740
2383 7180
2389 43240
2390 4440
2397 4440
2400 23960
2403 24200
2406 5360
2411 6200
2412 5460
2423 6540
2429 16900
2430 24200
2437 24200
2440 6620
2443 4460
2446 3560
2451 3880
2452 5360
2463 23960
2469 4040
2470 4460
2477 4460
2480 6200
2483 7180
2486 19800
2490 43240
2491 29140
2492 3560
2503 6620
2509 4860
2510 7180
2517 7180
2520 3880
2523 6540
2526 4620
2530 16900
2531 6260
2532 19800
2543 6200
2549 3960
2550 6540
2557 6540
2560 29140
2563 23960
2566 6020
2570 4040
2571 8280
2572 4620
2583 3880
2589 9480
2590 23960
2597 23960
2600 6260
2603 6620
2606 4440
2610 4860
2611 5580
2612 6020
2623 29140
2629 3640
2630 6620
2637 6620
2640 8280
2643 6200
2646 24200
2650 3960
2651 24420
2652 4440
2663 6260
2669 3340
2670 6200
2674 43240
2677 6200
2680 5580
2683 3880
2686 4460
2690 9480
2691 5740
2692 24200
2703 8280
2709 2500
2710 3880
2714 16900
2717 3880
2720 24420
2723 29140
2726 7180
2730 3640
2731 7460
2732 4460
2743 5580
2749 14200
2750 29140
2754 4040
2757 29140
2760 5740
2763 49500
2766 6540
2767 43240
2770 3340
2771 5040
2772 7180
2783 24420
2789 2680
2790 6260
2794 4860
2797 6260
2800 7460
2803 25180
2806 23960
2807 16900
2810 2500
2811 9180
2812 6540
2823 5740
2829 4400
2830 8280
2834 3960
2837 8280
2840 5040
2843 9620
2846 6620
2847 4040
2850 14200
2851 5140
2852 23960
2863 7460
2869 3660
2870 5580
2874 9480
2877 5580
2880 9180
2883 29280
2886 6200
2887 4860
2890 2680
2891 6380
2892 6620
2903 5040
2909 25840
2910 24420
2914 3640
2917 24420
2920 5140
2923 9700
2926 3880
2927 3960
2930 4400
2931 114340
2932 6200
2943 9180
2949 5340
2950 5740
2954 3340
2957 5740
2960 6380
2963 16940
2966 29140
2967 9480
2970 3660
2971 26100
2972 3880
2983 5140
2989 6080
