0 0
235 43240
275 16900
315 4040
347 43240
355 4860
387 16900
395 3960
426 43240
427 4040
435 9480
446 43240
450 43240
466 16900
467 4860
475 3640
486 16900
490 16900
506 4040
507 3960
509 43240
515 3340
519 43240
526 4040
530 4040
546 4860
547 9480
549 16900
555 2500
559 16900
566 4860
570 4860
586 3960
587 3640
589 4040
595 14200
599 4040
606 3960
610 3960
626 9480
627 3340
629 4860
635 2680
639 4860
646 9480
650 9480
666 3640
667 2500
669 3960
675 4400
679 3960
686 3640
690 3640
706 3340
707 14200
709 9480
715 3660
719 9480
726 3340
730 3340
746 2500
747 2680
749 3640
755 25840
759 3640
766 2500
770 2500
786 14200
787 4400
789 3340
795 5340
799 3340
806 14200
810 14200
826 2680
827 3660
829 2500
835 6400
839 2500
843 43240
846 2680
850 2680
866 4400
867 25840
869 14200
875 3460
879 14200
883 16900
886 4400
890 4400
906 3660
907 5340
909 2680
915 21220
919 2680
923 4040
926 3660
929 43240
930 3660
946 25840
947 6400
949 4400
955 4820
959 4400
963 4860
966 25840
969 16900
970 25840
986 5340
987 3460
989 3660
995 4340
999 3660
1003 3960
1006 5340
1009 4040
1010 5340
1026 6400
1027 21220
1029 25840
1035 2680
1039 25840
1043 9480
1046 6400
1049 4860
1050 6400
1066 3460
1067 4820
1069 5340
1075 23880
1079 5340
1083 3640
1086 3460
1089 3960
1090 3460
1106 21220
1107 4340
1109 6400
1115 3760
1119 6400
1123 3340
1126 21220
1129 9480
1130 21220
1146 4820
1147 2680
1149 3460
1155 4520
1159 3460
1163 2500
1166 4820
1169 3640
1170 4820
1186 4340
1187 23880
1189 21220
1195 4560
1199 21220
1203 14200
1206 4340
1209 3340
1210 4340
1226 2680
1227 3760
1229 4820
1235 22420
1239 4820
1243 2680
1246 2680
1249 2500
1250 2680
1266 23880
1267 4520
1269 4340
1275 4260
1279 4340
1283 4400
1286 23880
1289 14200
1290 23880
1306 3760
1307 4560
1309 2680
1315 2900
1319 2680
1323 3660
1326 3760
1329 2680
1330 3760
1346 4520
1347 22420
1349 23880
1355 2140
1359 23880
1363 25840
1366 4520
1369 4400
1370 4520
1386 4560
1387 4260
1389 3760
1395 6780
1399 3760
1400 43240
1403 5340
1406 4560
1409 3660
1410 4560
1426 22420
1427 2900
1429 4520
1435 3220
1439 4520
1440 16900
1443 6400
1446 22420
1449 25840
1450 22420
1466 4260
1467 2140
1469 4560
1475 3660
1479 4560
1480 4040
1483 3460
1486 4260
1489 5340
1490 4260
1506 2900
1507 6780
1509 22420
1515 85500
1519 22420
1520 4860
1523 21220
1526 2900
1529 6400
1530 2900
1546 2140
1547 3220
1549 4260
1555 28540
1559 4260
1560 3960
1563 4820
1566 2140
1569 3460
1570 2140
1586 6780
1587 3660
1589 2900
1595 6020
1599 2900
1600 9480
1603 4340
1606 6780
1609 21220
1610 6780
1626 3220
1627 85500
1629 2140
1635 8580
1639 2140
1640 3640
1643 2680
1646 3220
1649 4820
1650 3220
1666 3660
1667 28540
1669 6780
1675 5100
1679 6780
1680 3340
1683 23880
1686 3660
1689 4340
1690 3660
1706 85500
1707 6020
1709 3220
1715 16740
1719 3220
1720 2500
1723 3760
1726 85500
1729 2680
1730 85500
1746 28540
1747 8580
1749 3660
1755 5460
1759 3660
1760 14200
1763 4520
1766 28540
1769 23880
1770 28540
1786 6020
1787 5100
1789 85500
1795 5360
1799 85500
1800 2680
1803 4560
1806 6020
1809 3760
1810 6020
1826 8580
1827 16740
1829 28540
1835 3560
1839 28540
1840 4400
1843 22420
1846 8580
1849 4520
1850 8580
1863 43240
1866 5100
1867 5460
1869 6020
1875 19800
1879 6020
1880 3660
1883 4260
1886 5100
1889 4560
1890 5100
1903 16900
1906 16740
1907 5360
1909 8580
1915 4620
1919 8580
1920 25840
1923 2900
1926 16740
1929 22420
1930 16740
1943 4040
1946 5460
1947 3560
1949 5100
1955 6020
1959 5100
1960 5340
1963 2140
1966 5460
1969 4260
1970 5460
1983 4860
1986 5360
1987 19800
1989 16740
1994 43240
1995 4440
1999 16740
2000 6400
2003 6780
2006 5360
2009 2900
2010 5360
2023 3960
2026 3560
2027 4620
2029 5460
2034 16900
2035 24200
2039 5460
2040 3460
2043 3220
2046 3560
2049 2140
2050 3560
2063 9480
2066 19800
2067 6020
2069 5360
2074 4040
2075 4460
2079 5360
2080 21220
2083 3660
2086 19800
2089 6780
2090 19800
2103 3640
2106 4620
2107 4440
2109 3560
2114 4860
2115 7180
2119 3560
2120 4820
2123 85500
2126 4620
2129 3220
2130 4620
2143 3340
2146 6020
2147 24200
2149 19800
2154 3960
2155 6540
2159 19800
2160 4340
2163 28540
2166 6020
2169 3660
2170 6020
2183 2500
2186 4440
2187 4460
2189 4620
2194 9480
2195 23960
2199 4620
2200 2680
2203 6020
2206 4440
2209 85500
2210 4440
2223 14200
2226 24200
2227 7180
2229 6020
2234 3640
2235 6620
2239 6020
2240 23880
2243 8580
2246 24200
2249 28540
2250 24200
2263 2680
2266 4460
2267 6540
2269 4440
2271 43240
2274 3340
2275 6200
2279 4440
2280 3760
2283 5100
2286 4460
2289 6020
2290 4460
2303 4400
2306 7180
2307 23960
2309 24200
2311 16900
2314 2500
2315 3880
2319 24200
2320 4520
2323 16740
2326 7180
2329 8580
2330 7180
2343 3660
2346 6540
2347 6620
2349 4460
2351 4040
2354 14200
2355 29140
2359 4460
2360 4560
2363 5460
2366 6540
2369 5100
2370 6540
2383 25840
2386 23960
2387 6200
2389 7180
2391 4860
2394 2680
2395 6260
2399 7180
2400 22420
2403 5360
2406 23960
2409 16740
2410 23960
2423 5340
2426 6620
2427 3880
2429 6540
2431 3960
2434 4400
2435 8280
2439 6540
2440 4260
2443 3560
2446 6620
2449 5460
2450 6620
2463 6400
2466 6200
2467 29140
2469 23960
2471 9480
2474 3660
2475 5580
2479 23960
2480 2900
2483 19800
2486 6200
2489 5360
2490 6200
2503 3460
2506 3880
2507 6260
2509 6620
2511 3640
2514 25840
2515 24420
2519 6620
2520 2140
2523 4620
2526 3880
2529 3560
2530 3880
2543 21220
2546 29140
2547 8280
2549 6200
2551 3340
2554 5340
2555 5740
2559 6200
2560 6780
2563 6020
2566 29140
2569 19800
2570 29140
2583 4820
2586 6260
2587 5580
2589 3880
2591 2500
2594 6400
2595 7460
2599 3880
2600 3220
2603 4440
2606 6260
2609 4620
2610 6260
2623 4340
2626 8280
2627 24420
2629 29140
2631 14200
2634 3460
2635 5040
2639 29140
2640 3660
2643 24200
2646 8280
2649 6020
2650 8280
2663 2680
2666 5580
2667 5740
2669 6260
2671 2680
2674 21220
2675 9180
2679 6260
2680 85500
2683 4460
2686 5580
2689 4440
2690 5580
2703 23880
2706 24420
2707 7460
2709 8280
2711 4400
2714 4820
2715 5140
2719 8280
2720 28540
2723 7180
2726 24420
2729 24200
2730 24420
2743 3760
2746 5740
2747 5040
2749 5580
2751 3660
2754 4340
2755 6380
2759 5580
2760 6020
2763 6540
2766 5740
2769 4460
2770 5740
2783 4520
2786 7460
2787 9180
2789 24420
2791 25840
2794 2680
2795 114340
2799 24420
2800 8580
2803 23960
2806 7460
2809 7180
2810 7460
2823 4560
2826 5040
2827 5140
2829 48980
2831 5340
2834 23880
2835 26100
2839 5740
2840 5100
2843 6620
2846 5040
2849 6540
2850 5040
2863 22420
2866 9180
2867 6380
2869 24360
2871 6400
2874 3760
2875 49240
2879 7460
2880 16740
2883 6200
2886 9180
2889 23960
2890 9180
2903 4260
2906 5140
2907 114340
2909 9080
2911 3460
2914 4520
2915 25980
2919 5040
2920 5460
2923 3880
2926 5140
2929 6620
2930 5140
2943 2900
2946 6380
2947 26100
2949 14040
2951 21220
2954 4560
2955 9900
2959 9180
2960 5360
2963 29140
2966 6380
2969 6200
2970 6380
2983 2140
2986 114340
2987 6000
2989 3084
