0 0
315 43240
355 16900
395 4040
435 4860
475 3960
515 9480
548 43240
555 3640
588 16900
595 3340
602 43240
628 4040
635 2500
642 16900
668 4860
675 14200
680 43240
682 4040
708 3960
715 2680
720 16900
722 4860
748 9480
755 4400
760 4040
762 3960
788 3640
795 3660
800 4860
802 9480
828 3340
832 43240
835 25840
840 3960
842 3640
868 2500
872 16900
875 5340
880 9480
882 3340
908 14200
912 4040
915 6400
920 3640
922 2500
948 2680
952 4860
955 3460
960 3340
962 14200
988 4400
992 3960
995 21220
1000 2500
1002 2680
1028 3660
1032 9480
1035 4820
1040 14200
1042 4400
1068 25840
1072 3640
1075 4340
1080 2680
1082 3660
1108 5340
1112 3340
1115 2680
1120 4400
1122 25840
1148 6400
1152 2500
1155 23880
1160 3660
1162 5340
1188 3460
1192 14200
1195 3760
1200 25840
1202 6400
1227 43240
1228 21220
1232 2680
1235 4520
1240 5340
1242 3460
1267 16900
1268 4820
1272 4400
1275 4560
1280 6400
1282 21220
1307 4040
1308 4340
1312 3660
1315 22420
1320 3460
1322 4820
1347 4860
1348 2680
1352 25840
1355 4260
1360 21220
1362 4340
1387 3960
1388 23880
1392 5340
1395 2900
1400 4820
1402 2680
1427 9480
1428 3760
1432 6400
1435 2140
1440 4340
1442 23880
1461 43240
1467 3640
1468 4520
1472 3460
1475 6780
1480 2680
1482 3760
1501 16900
1507 3340
1508 4560
1512 21220
1515 3220
1520 23880
1522 4520
1540 43240
1541 4040
1547 2500
1548 22420
1552 4820
1555 3660
1560 3760
1562 4560
1580 16900
1581 4860
1587 14200
1588 4260
1592 4340
1595 85500
1600 4520
1602 22420
1620 4040
1621 3960
1627 2680
1628 2900
1632 2680
1635 28540
1640 4560
1642 4260
1660 4860
1661 9480
1667 4400
1668 2140
1672 23880
1675 6020
1680 22420
1682 2900
1700 3960
1701 3640
1707 3660
1708 6780
1712 3760
1715 8580
1720 4260
1722 2140
1740 9480
1741 3340
1747 25840
1748 3220
1752 4520
1755 5100
1760 2900
1762 6780
1780 3640
1781 2500
1787 5340
1788 3660
1792 4560
1795 16740
1800 2140
1802 3220
1812 43240
1820 3340
1821 14200
1827 6400
1828 85500
1832 22420
1835 5460
1840 6780
1842 3660
1852 16900
1860 2500
1861 45920
1867 3460
1868 28540
1872 4260
1875 5360
1880 3220
1882 85500
1892 4040
1900 14200
1901 21300
1907 21220
1908 6020
1912 2900
1915 3560
1920 3660
1922 28540
1932 4860
1940 2680
1941 7700
1947 4820
1948 8580
1952 2140
1955 19800
1960 85500
1962 6020
1972 3960
1980 4400
1981 30700
1987 4340
1988 5100
1992 6780
1995 4620
2000 28540
2002 8580
2012 9480
2020 3660
2021 9300
2027 2680
2028 16740
2032 3220
2035 6020
2040 6020
2042 5100
2052 3640
2060 25840
2061 15880
2067 23880
2068 5460
2072 3660
2075 4440
2080 8580
2082 16740
2092 3340
2100 5340
2101 7100
2107 3760
2108 5360
2112 85500
2115 24200
2120 5100
2122 5460
2132 2500
2140 6400
2141 24560
2147 4520
2148 3560
2152 28540
2155 4460
2160 16740
2162 5360
2172 14200
2180 3460
2181 7320
2187 4560
2188 19800
2192 6020
2195 7180
2200 5460
2202 3560
2212 2680
2220 21220
2221 18540
2227 22420
2228 4620
2232 8580
2235 6540
2240 5360
2242 19800
2252 4400
2260 4820
2261 5360
2267 4260
2268 6020
2272 5100
2275 23960
2280 3560
2282 4620
2286 43240
2292 3660
2300 4340
2301 28280
2307 2900
2308 4440
2312 16740
2315 6620
2320 19800
2322 6020
2326 16900
2332 25840
2340 2680
2341 7420
2347 2140
2348 24200
2352 5460
2355 6200
2360 4620
2362 4440
2366 4040
2372 5340
2380 23880
2381 30360
2387 6780
2388 4460
2392 5360
2395 3880
2400 6020
2402 24200
2406 4860
2412 6400
2420 3760
2421 9900
2427 3220
2428 7180
2432 3560
2435 29140
2440 4440
2442 4460
2446 3960
2452 3460
2460 4520
2461 28820
2467 3660
2468 6540
2472 19800
2475 6260
2480 24200
2482 7180
2486 9480
2492 21220
2500 4560
2501 7720
2507 85500
2508 23960
2512 4620
2515 8280
2520 4460
2522 6540
2526 3640
2532 4820
2540 22420
2541 24120
2547 28540
2548 6620
2552 6020
2555 5580
2560 7180
2562 23960
2566 3340
2572 4340
2580 4260
2581 6960
2587 6020
2588 6200
2592 4440
2595 24420
2600 6540
2602 6620
2606 2500
2612 2680
2620 2900
2621 11120
2627 8580
2628 3880
2630 43240
2632 24200
2635 5740
2640 23960
2642 6200
2646 14200
2652 23880
2660 2140
2661 5900
2667 5100
2668 29140
2670 16900
2672 4460
2675 7460
2680 6620
2682 3880
2686 2680
2692 3760
2700 6780
2701 27540
2707 16740
2708 6260
2710 4040
2712 7180
2715 5040
2720 6200
2722 29140
2726 4400
2732 4520
2740 3220
2741 89260
2747 5460
2748 8280
2750 4860
2752 6540
2755 9180
2760 3880
2762 6260
2766 3660
2772 4560
2780 3660
2781 33060
2787 5360
2788 5580
2790 3960
2792 23960
2795 5140
2800 29140
2802 8280
2806 25840
2812 22420
2820 85500
2821 10580
2827 3560
2828 24420
2830 9480
2832 6620
2835 6380
2840 6260
2842 5580
2846 5340
2852 4260
2860 28540
2861 31000
2867 19800
2868 5740
2870 3640
2872 6200
2875 114340
2880 8280
2882 24420
2886 6400
2892 2900
2900 6020
2901 9360
2907 4620
2908 7460
2910 3340
2912 3880
2915 26100
2920 5580
2922 5740
2926 3460
2932 2140
2940 8580
2941 19640
2947 6020
2948 5040
2950 2500
2952 29140
2955 6000
2960 24420
2962 7460
2966 21220
2972 6780
2980 5100
2981 7600
2987 2442
