0 0
104 43240
144 16900
184 4040
208 43240
224 4860
248 16900
264 3960
288 4040
300 43240
301 43240
304 9480
328 4860
330 43240
340 16900
341 16900
344 3640
368 3960
370 16900
380 4040
381 4040
384 3340
408 9480
410 4040
420 4860
421 4860
424 2500
448 3640
450 4860
460 3960
461 3960
464 14200
488 3340
490 3960
500 9480
501 9480
504 2680
528 2500
529 43240
530 9480
540 3640
541 3640
544 4400
568 14200
569 16900
570 3640
580 3340
581 3340
584 3660
608 2680
609 4040
610 3340
620 2500
621 2500
624 25840
648 4400
649 4860
650 2500
660 14200
661 14200
664 5340
688 3660
689 3960
690 14200
700 2680
701 2680
704 6400
728 25840
729 9480
730 2680
740 4400
741 4400
744 3460
768 5340
769 3640
770 4400
780 3660
781 3660
784 21220
808 6400
809 3340
810 3660
820 25840
821 25840
824 4820
839 43240
848 3460
849 2500
850 25840
860 5340
861 5340
864 4340
879 16900
888 21220
889 14200
890 5340
900 6400
901 6400
904 2680
919 4040
928 4820
929 2680
930 6400
940 3460
941 3460
944 23880
959 4860
968 4340
969 4400
970 3460
980 21220
981 21220
984 3760
999 3960
1008 2680
1009 3660
1010 21220
1020 4820
1021 4820
1024 4520
1039 9480
1048 23880
1049 25840
1050 4820
1060 4340
1061 4340
1064 4560
1079 3640
1088 3760
1089 5340
1090 4340
1100 2680
1101 2680
1104 22420
1119 3340
1128 4520
1129 6400
1130 2680
1140 23880
1141 23880
1144 4260
1159 2500
1168 4560
1169 3460
1170 23880
1180 3760
1181 3760
1184 2900
1199 14200
1208 22420
1209 21220
1210 3760
1220 4520
1221 4520
1224 2140
1239 2680
1248 4260
1249 4820
1250 4520
1260 4560
1261 4560
1264 6780
1279 4400
1288 2900
1289 4340
1290 4560
1300 22420
1301 22420
1304 3220
1319 3660
1328 2140
1329 2680
1330 22420
1340 4260
1341 4260
1344 3660
1359 25840
1368 6780
1369 23880
1370 4260
1380 2900
1381 2900
1384 85500
1399 5340
1408 3220
1409 3760
1410 2900
1420 2140
1421 2140
1424 28540
1439 6400
1448 3660
1449 4520
1450 2140
1460 6780
1461 6780
1464 6020
1479 3460
1488 85500
1489 4560
1490 6780
1500 3220
1501 3220
1504 8580
1519 21220
1528 28540
1529 22420
1530 3220
1540 3660
1541 3660
1544 5100
1559 4820
1568 6020
1569 4260
1570 3660
1580 85500
1581 85500
1584 16740
1599 4340
1608 8580
1609 2900
1610 85500
1620 28540
1621 71780
1624 5460
1639 2680
1648 5100
1649 2140
1650 28540
1660 6020
1661 22920
1664 5360
1679 23880
1688 16740
1689 6780
1690 6020
1700 8580
1701 12620
1704 3560
1719 3760
1728 5460
1729 3220
1730 8580
1740 5100
1741 9960
1744 19800
1759 4520
1768 5360
1769 3660
1770 5100
1780 16740
1781 20700
1784 4620
1799 4560
1808 3560
1809 85500
1810 16740
1820 5460
1821 14940
1824 6020
1839 22420
1848 19800
1849 28540
1850 5460
1860 5360
1861 9000
1864 4440
1879 4260
1888 4620
1889 6020
1890 5360
1900 3560
1901 6900
1904 24200
1919 2900
1928 6020
1929 8580
1930 3560
1940 19800
1941 22300
1944 4460
1959 2140
1968 4440
1969 5100
1970 19800
1980 4620
1981 18820
1984 7180
1999 6780
2008 24200
2009 16740
2010 4620
2020 6020
2021 8700
2024 6540
2039 3220
2048 4460
2049 5460
2050 6020
2060 4440
2061 8840
2064 23960
2079 3660
2088 7180
2089 5360
2090 4440
2100 24200
2101 27860
2104 6620
2119 85500
2128 6540
2129 3560
2130 24200
2140 4460
2141 30300
2144 6200
2159 28540
2168 23960
2169 19800
2170 4460
2180 7180
2181 12520
2184 3880
2199 6020
2208 6620
2209 4620
2210 7180
2220 6540
2221 12940
2224 29140
2239 8580
2248 6200
2249 6020
2250 6540
2260 23960
2261 27420
2264 6260
2279 5100
2288 3880
2289 4440
2290 23960
2300 6620
2301 27840
2304 8280
2319 16740
2328 29140
2329 24200
2330 6620
2340 6200
2341 11020
2344 5580
2359 5460
2368 6260
2369 4460
2370 6200
2380 3880
2381 8220
2384 24420
2399 5360
2408 8280
2409 7180
2410 3880
2420 29140
2421 31820
2424 5740
2439 3560
2448 5580
2449 6540
2450 29140
2460 6260
2461 30140
2464 7460
2479 19800
2488 24420
2489 23960
2490 6260
2500 8280
2501 12040
2504 5040
2519 4620
2528 5740
2529 6620
2530 8280
2540 5580
2541 10100
2544 9180
2559 6020
2568 7460
2569 6200
2570 5580
2580 24420
2581 28980
2584 5140
2599 4440
2608 5040
2609 3880
2610 24420
2620 5740
2621 28160
2624 6380
2639 24200
2648 9180
2649 29140
2650 5740
2660 7460
2661 11720
2664 114340
2679 47700
2688 5140
2689 6260
2690 7460
2700 5040
2701 7940
2704 26100
2719 24080
2728 6380
2729 8280
2730 5040
2740 9180
2741 11320
2744 6000
2759 10580
2768 114340
2769 5580
2770 9180
2780 5140
2781 11920
2784 9080
2799 28820
2808 26100
2809 24420
2810 5140
2820 6380
2821 9600
2824 5860
2836 43240
2839 10580
2848 6000
2849 5740
2850 6380
2860 114340
2861 118000
2864 23580
2876 16900
2879 15680
2888 9080
2889 7460
2890 114340
2900 26100
2901 111600
2904 6480
2916 4040
2919 7520
2921 43240
2928 5860
2929 5040
2930 26100
2940 6000
2941 34540
2944 9400
2956 4860
2959 32480
2961 16900
2968 23580
2969 9180
2970 6000
2980 9080
2981 15100
