0 0
139 43240
179 16900
219 4040
250 43240
259 4860
290 16900
297 43240
299 3960
330 4040
337 16900
339 9480
370 4860
377 4040
379 3640
410 3960
417 4860
419 3340
450 9480
457 3960
459 2500
490 3640
497 9480
499 14200
500 43240
530 3340
537 3640
539 2680
540 16900
570 2500
577 3340
579 4400
580 4040
610 14200
617 2500
619 3660
620 4860
650 2680
657 14200
659 25840
660 3960
690 4400
697 2680
699 5340
700 9480
730 3660
737 4400
739 6400
740 3640
770 25840
777 3660
779 3460
780 3340
810 5340
817 25840
819 21220
820 2500
850 6400
857 5340
859 4820
860 14200
890 3460
893 43240
897 6400
899 4340
900 2680
930 21220
933 16900
937 3460
939 2680
940 4400
970 4820
973 4040
977 21220
979 23880
980 3660
1010 4340
1013 4860
1017 4820
1019 3760
1020 25840
1050 2680
1053 3960
1057 4340
1059 4520
1060 5340
1090 23880
1093 9480
1097 2680
1099 4560
1100 6400
1130 3760
1133 3640
1137 23880
1139 22420
1140 3460
1170 4520
1173 3340
1177 3760
1179 4260
1180 21220
1210 4560
1213 2500
1217 4520
1219 2900
1220 4820
1241 43240
1250 22420
1253 14200
1257 4560
1259 2140
1260 4340
1281 16900
1290 4260
1293 2680
1297 22420
1299 6780
1300 2680
1321 4040
1330 2900
1333 4400
1337 4260
1339 3220
1340 23880
1347 43240
1361 4860
1370 2140
1373 3660
1377 2900
1379 3660
1380 3760
1387 16900
1401 3960
1410 6780
1413 25840
1417 2140
1419 85500
1420 4520
1427 4040
1441 9480
1450 3220
1453 5340
1457 6780
1459 28540
1460 4560
1467 4860
1481 3640
1490 3660
1493 6400
1497 3220
1499 6020
1500 22420
1507 3960
1521 3340
1530 85500
1533 3460
1537 3660
1539 8580
1540 4260
1547 9480
1561 2500
1570 28540
1573 21220
1577 85500
1579 5100
1580 2900
1587 3640
1601 14200
1610 6020
1613 4820
1617 28540
1619 16740
1620 2140
1627 3340
1641 2680
1650 8580
1653 4340
1657 6020
1659 5460
1660 6780
1667 2500
1681 4400
1690 5100
1693 2680
1697 8580
1699 5360
1700 3220
1707 14200
1721 3660
1730 16740
1733 23880
1737 5100
1739 3560
1740 3660
1747 2680
1761 25840
1770 5460
1773 3760
1777 16740
1779 19800
1780 85500
1786 43240
1787 4400
1801 5340
1810 5360
1813 4520
1817 5460
1819 4620
1820 28540
1826 16900
1827 3660
1839 43240
1841 6400
1850 3560
1853 4560
1857 5360
1859 6020
1860 6020
1866 4040
1867 25840
1879 16900
1881 3460
1890 19800
1893 22420
1897 3560
1899 4440
1900 8580
1906 4860
1907 5340
1919 4040
1921 21220
1930 4620
1933 4260
1937 19800
1939 24200
1940 5100
1946 3960
1947 6400
1959 4860
1961 4820
1970 6020
1973 2900
1977 4620
1979 4460
1980 16740
1986 9480
1987 3460
1999 3960
2001 4340
2010 4440
2013 2140
2017 6020
2019 7180
2020 5460
2026 3640
2027 21220
2039 9480
2041 2680
2050 24200
2053 6780
2057 4440
2059 6540
2060 5360
2066 3340
2067 4820
2079 3640
2081 23880
2090 4460
2093 3220
2097 24200
2099 23960
2100 3560
2106 2500
2107 4340
2119 3340
2121 3760
2130 7180
2133 3660
2137 4460
2139 6620
2140 19800
2146 14200
2147 2680
2159 2500
2161 4520
2170 6540
2173 85500
2177 7180
2179 6200
2180 4620
2186 2680
2187 23880
2199 14200
2201 4560
2205 43240
2210 23960
2213 28540
2217 6540
2219 3880
2220 6020
2226 4400
2227 3760
2239 2680
2240 43240
2241 22420
2245 16900
2250 6620
2253 6020
2257 23960
2259 29140
2260 4440
2266 3660
2267 4520
2279 4400
2280 16900
2281 4260
2285 4040
2290 6200
2293 8580
2297 6620
2299 6260
2300 24200
2306 25840
2307 4560
2319 3660
2320 4040
2321 2900
2325 4860
2330 3880
2333 5100
2337 6200
2339 8280
2340 4460
2346 5340
2347 22420
2359 25840
2360 4860
2361 2140
2365 3960
2370 29140
2373 16740
2377 3880
2379 5580
2380 7180
2386 6400
2387 4260
2399 5340
2400 3960
2401 6780
2405 9480
2410 6260
2413 5460
2417 29140
2419 24420
2420 6540
2426 3460
2427 2900
2439 6400
2440 9480
2441 3220
2445 3640
2450 8280
2453 5360
2457 6260
2459 5740
2460 23960
2466 21220
2467 2140
2479 3460
2480 3640
2481 3660
2485 3340
2490 5580
2493 3560
2497 8280
2499 7460
2500 6620
2506 4820
2507 6780
2519 21220
2520 3340
2521 85500
2525 2500
2530 24420
2533 19800
2537 5580
2539 5040
2540 6200
2546 4340
2547 3220
2559 4820
2560 2500
2561 28540
2565 14200
2570 5740
2573 4620
2577 24420
2579 9180
2580 3880
2586 2680
2587 3660
2599 4340
2600 14200
2601 6020
2605 2680
2610 7460
2613 6020
2617 5740
2619 5140
2620 29140
2626 23880
2627 85500
2639 2680
2640 2680
2641 8580
2645 4400
2650 5040
2653 4440
2657 7460
2659 6380
2660 6260
2666 3760
2667 28540
2679 23880
2680 4400
2681 5100
2685 3660
2690 9180
2693 24200
2697 5040
2699 114340
2700 8280
2706 4520
2707 6020
2719 3760
2720 3660
2721 16740
2725 25840
2730 5140
2733 4460
2737 9180
2739 26100
2740 5580
2746 4560
2747 8580
2759 4520
2760 25840
2761 5460
2765 5340
2770 6380
2773 7180
2777 5140
2779 6000
2780 24420
2786 22420
2787 5100
2799 4560
2800 5340
2801 5360
2805 6400
2810 114340
2813 6540
2817 6380
2819 9080
2820 5740
2826 4260
2827 16740
2839 22420
2840 49640
2841 3560
2845 3460
2850 26100
2853 23960
2857 114340
2859 5860
2860 7460
2866 2900
2867 5460
2879 4260
2880 20360
2881 19800
2885 21220
2890 6000
2893 6620
2897 26100
2899 23580
2900 5040
2906 2140
2907 5360
2919 2900
2920 25260
2921 4620
2925 4820
2930 9080
2933 6200
2937 6000
2939 6480
2940 9180
2946 6780
2947 3560
2959 2140
2960 9680
2961 6020
2965 4340
2970 5860
2973 3880
