0 0
224 43240
264 16900
304 4040
344 4860
384 3960
424 9480
464 3640
504 3340
544 2500
584 14200
624 2680
627 43240
664 4400
667 16900
704 3660
707 4040
744 25840
747 48100
784 5340
787 20860
824 6400
827 13520
864 3460
867 8500
904 21220
907 7300
920 43240
944 4820
947 11980
952 43240
960 16900
984 4340
987 17840
992 16900
1000 4040
1024 2680
1027 6020
1032 4040
1040 4860
1064 23880
1067 6900
1072 4860
1073 43240
1080 3960
1104 3760
1107 17860
1112 3960
1113 16900
1120 9480
1144 4520
1147 28520
1152 9480
1153 4040
1160 3640
1184 4560
1187 9740
1192 3640
1193 4860
1200 3340
1224 22420
1227 10060
1232 3340
1233 3960
1240 2500
1264 4260
1267 29300
1272 2500
1273 9480
1280 14200
1285 43240
1304 2900
1307 26560
1312 14200
1313 3640
1320 2680
1325 16900
1344 2140
1347 11220
1352 2680
1353 3340
1360 4400
1365 4040
1370 43240
1384 6780
1387 7800
1392 4400
1393 2500
1400 3660
1405 4860
1410 16900
1424 3220
1427 23900
1432 3660
1433 14200
1440 25840
1445 3960
1450 4040
1464 3660
1467 28700
1472 25840
1473 2680
1480 5340
1485 9480
1490 4860
1504 85500
1507 8100
1512 5340
1513 4400
1520 6400
1525 3640
1530 3960
1544 28540
1547 7200
1552 6400
1553 3660
1560 3460
1565 3340
1570 9480
1584 6020
1587 28440
1592 3460
1593 25840
1600 21220
1605 2500
1610 3640
1624 8580
1627 26180
1632 21220
1633 5340
1640 4820
1645 14200
1650 3340
1664 5100
1667 8780
1672 4820
1673 6400
1680 4340
1685 2680
1690 2500
1704 16740
1707 7460
1712 4340
1713 3460
1720 2680
1725 4400
1730 14200
1744 5460
1747 24560
1752 2680
1753 21220
1760 23880
1765 3660
1770 2680
1784 5360
1787 11040
1792 23880
1793 4820
1800 3760
1805 25840
1810 4400
1824 3560
1827 6120
1832 3760
1833 4340
1840 4520
1845 5340
1850 3660
1864 19800
1867 5800
1872 4520
1873 2680
1880 4560
1885 6400
1890 25840
1904 4620
1907 92280
1912 4560
1913 23880
1920 22420
1925 3460
1930 5340
1944 6020
1947 31760
1952 22420
1953 3760
1960 4260
1965 21220
1970 6400
1984 4440
1987 9680
1992 4260
1993 4520
2000 2900
2005 4820
2010 3460
2024 24200
2027 94080
2032 2900
2033 4560
2040 2140
2045 4340
2050 21220
2058 43240
2064 4460
2067 33640
2072 2140
2073 22420
2080 6780
2085 2680
2090 4820
2098 16900
2104 7180
2107 22760
2112 6780
2113 4260
2120 3220
2125 23880
2130 4340
2138 4040
2144 6540
2147 14040
2152 3220
2153 2900
2160 3660
2165 3760
2170 2680
2178 4860
2184 23960
2187 10460
2192 3660
2193 2140
2200 85500
2205 4520
2210 23880
2218 3960
2224 6620
2227 20300
2232 85500
2233 6780
2240 28540
2245 4560
2250 3760
2258 9480
2264 6200
2267 25260
2272 28540
2273 3220
2280 6020
2285 22420
2290 4520
2298 3640
2304 3880
2307 9980
2312 6020
2313 3660
2320 8580
2325 4260
2330 4560
2336 43240
2338 3340
2344 29140
2347 9580
2352 8580
2353 85500
2360 5100
2361 43240
2365 2900
2370 22420
2376 16900
2378 2500
2384 6260
2387 24240
2392 5100
2393 28540
2400 16740
2401 16900
2405 2140
2410 4260
2416 4040
2418 14200
2424 8280
2427 28820
2432 16740
2433 6020
2440 5460
2441 4040
2445 6780
2450 2900
2456 4860
2458 2680
2464 5580
2467 10480
2472 5460
2473 8580
2480 5360
2481 4860
2485 3220
2487 43240
2490 2140
2496 3960
2498 4400
2502 43240
2504 24420
2507 11620
2512 5360
2513 5100
2520 3560
2521 3960
2525 3660
2527 16900
2530 6780
2536 9480
2538 3660
2542 16900
2544 5740
2547 30740
2552 3560
2553 16740
2560 19800
2561 9480
2565 85500
2567 4040
2570 3220
2576 3640
2578 25840
2582 4040
2584 7460
2587 28420
2592 19800
2593 5460
2600 4620
2601 3640
2605 28540
2607 4860
2610 3660
2616 3340
2618 5340
2622 4860
2624 5040
2627 13800
2632 4620
2633 5360
2640 6020
2641 3340
2645 6020
2647 3960
2650 85500
2656 2500
2658 6400
2662 3960
2664 9180
2667 12740
2672 6020
2673 3560
2680 4440
2681 2500
2685 8580
2687 9480
2690 28540
2696 14200
2698 3460
2702 9480
2704 5140
2707 27840
2712 4440
2713 19800
2720 24200
2721 14200
2725 5100
2727 3640
2730 6020
2736 2680
2738 21220
2742 3640
2744 6380
2747 35760
2752 24200
2753 4620
2758 43240
2760 4460
2761 2680
2765 59980
2767 3340
2770 8580
2776 4400
2778 4820
2782 3340
2784 114340
2787 12460
2792 4460
2793 6020
2798 16900
2800 7180
2801 4400
2805 22360
2807 2500
2810 5100
2816 3660
2818 4340
2822 2500
2824 26100
2827 12160
2832 7180
2833 4440
2838 4040
2840 6540
2841 3660
2845 9400
2847 14200
2850 16740
2856 25840
2858 2680
2862 14200
2864 6000
2867 34720
2872 6540
2873 24200
2878 4860
2880 23960
2881 25840
2885 8420
2887 2680
2890 5460
2896 5340
2898 23880
2902 2680
2904 9080
2907 30680
2912 23960
2913 4460
2918 3960
2920 6620
2921 5340
2925 23760
2927 4400
2930 5360
2936 6400
2938 3760
2942 4400
2944 5860
2947 14020
2952 6620
2953 7180
2958 9480
2960 6200
2961 6400
2965 14100
2967 3660
2970 3560
2976 3460
2978 4520
2982 3660
2984 23580
