0 0
113 43240
153 16900
193 4040
202 43240
233 4860
242 16900
273 3960
282 4040
313 9480
319 43240
322 4860
353 3640
359 16900
362 3960
393 3340
399 4040
402 9480
433 2500
439 4860
442 3640
449 43240
473 14200
479 3960
482 3340
489 16900
513 2680
519 9480
522 2500
529 4040
553 4400
559 3640
562 14200
569 4860
593 3660
599 3340
602 2680
609 3960
633 25840
639 2500
642 4400
649 9480
673 5340
679 14200
682 3660
689 3640
713 6400
719 2680
722 25840
729 3340
737 43240
753 3460
759 4400
762 5340
769 2500
777 16900
793 21220
799 3660
802 6400
809 14200
817 4040
833 4820
839 25840
842 3460
849 2680
857 4860
873 4340
879 5340
882 21220
889 4400
897 3960
913 2680
919 6400
922 4820
929 3660
937 9480
953 23880
959 3460
962 4340
969 25840
977 3640
993 3760
999 21220
1002 2680
1009 5340
1017 3340
1033 4520
1039 4820
1042 23880
1049 6400
1057 2500
1073 4560
1079 4340
1082 3760
1089 3460
1097 14200
1113 22420
1119 2680
1122 4520
1129 21220
1137 2680
1153 4260
1159 23880
1162 4560
1169 4820
1177 4400
1193 2900
1199 3760
1202 22420
1209 4340
1217 3660
1223 43240
1233 2140
1239 4520
1242 4260
1249 2680
1257 25840
1263 16900
1273 6780
1279 4560
1282 2900
1288 43240
1289 23880
1297 5340
1303 4040
1313 3220
1319 22420
1322 2140
1328 16900
1329 3760
1337 6400
1343 4860
1353 3660
1359 4260
1362 6780
1368 4040
1369 4520
1377 3460
1383 3960
1393 85500
1399 2900
1402 3220
1408 4860
1409 4560
1417 21220
1423 9480
1433 28540
1439 2140
1442 3660
1448 3960
1449 22420
1457 4820
1463 3640
1473 6020
1479 6780
1482 85500
1488 9480
1489 4260
1497 4340
1503 3340
1513 8580
1519 3220
1522 28540
1528 3640
1529 2900
1537 2680
1543 2500
1553 5100
1559 3660
1562 6020
1568 3340
1569 2140
1577 23880
1583 14200
1593 16740
1599 85500
1602 8580
1608 2500
1609 6780
1617 3760
1623 2680
1633 5460
1639 28540
1642 5100
1648 14200
1649 3220
1657 4520
1663 4400
1673 5360
1679 6020
1682 16740
1688 2680
1689 3660
1697 4560
1703 3660
1713 3560
1719 8580
1722 5460
1728 4400
1729 85500
1737 22420
1743 25840
1753 19800
1759 5100
1762 5360
1768 3660
1769 28540
1777 4260
1783 5340
1793 4620
1799 16740
1802 3560
1808 25840
1809 6020
1817 2900
1823 6400
1833 6020
1839 5460
1842 19800
1848 5340
1849 8580
1857 2140
1863 3460
1873 47680
1879 5360
1882 4620
1888 6400
1889 5100
1897 6780
1903 21220
1913 41100
1919 3560
1922 6020
1928 3460
1929 16740
1937 3220
1943 4820
1953 8500
1959 19800
1962 4440
1968 21220
1969 5460
1974 43240
1977 3660
1983 4340
1993 12040
1999 4620
2002 24200
2008 4820
2009 5360
2014 16900
2017 85500
2023 2680
2033 10500
2039 6020
2042 4460
2048 4340
2049 3560
2054 4040
2057 28540
2063 23880
2073 33440
2079 4440
2082 7180
2088 2680
2089 19800
2094 4860
2097 6020
2103 3760
2113 10260
2119 24200
2122 6540
2128 23880
2129 4620
2134 3960
2137 8580
2143 4520
2153 9540
2159 4460
2162 23960
2168 3760
2169 6020
2174 9480
2177 5100
2183 4560
2193 6380
2199 7180
2202 6620
2208 4520
2209 4440
2214 3640
2217 16740
2223 22420
2233 43340
2239 6540
2242 6200
2248 4560
2249 24200
2254 3340
2257 5460
2263 4260
2273 8940
2279 23960
2282 3880
2288 22420
2289 4460
2294 2500
2297 5360
2303 2900
2313 12680
2319 6620
2322 29140
2328 4260
2329 7180
2334 14200
2337 3560
2343 2140
2353 9240
2359 6200
2362 6260
2368 2900
2369 6540
2374 2680
2377 19800
2383 6780
2393 50260
2399 3880
2402 8280
2404 43240
2408 2140
2409 23960
2413 43240
2414 4400
2417 4620
2423 3220
2433 11080
2439 29140
2442 5580
2444 16900
2448 6780
2449 6620
2453 16900
2454 3660
2457 6020
2463 3660
2473 13860
2479 6260
2482 24420
2484 4040
2488 3220
2489 6200
2493 4040
2494 25840
2497 4440
2503 85500
2513 8500
2519 8280
2522 5740
2524 4860
2528 3660
2529 3880
2533 4860
2534 5340
2537 24200
2543 28540
2553 30400
2559 5580
2562 7460
2564 3960
2568 85500
2569 29140
2573 3960
2574 6400
2577 4460
2583 6020
2593 9960
2599 24420
2602 5040
2604 9480
2608 28540
2609 6260
2613 9480
2614 3460
2617 7180
2623 8580
2633 10720
2639 5740
2642 9180
2644 3640
2648 6020
2649 8280
2653 3640
2654 21220
2657 6540
2663 5100
2673 117020
2679 7460
2682 5140
2684 3340
2685 43240
2688 8580
2689 5580
2693 3340
2694 4820
2697 23960
2703 16740
2713 49980
2719 5040
2722 6380
2724 2500
2725 16900
2728 5100
2729 24420
2733 2500
2734 4340
2737 6620
2743 5460
2753 9760
2759 9180
2762 114340
2764 14200
2765 4040
2768 16740
2769 5740
2773 14200
2774 2680
2777 6200
2783 5360
2793 13600
2799 5140
2802 26100
2804 2680
2805 4860
2808 5460
2809 7460
2813 2680
2814 23880
2817 3880
2823 3560
2833 10420
2839 6380
2842 6000
2844 4400
2845 3960
2848 5360
2849 5040
2853 4400
2854 3760
2857 29140
2863 19800
2873 46000
2879 114340
2882 9080
2884 3660
2885 9480
2888 3560
2889 9180
2893 3660
2894 4520
2897 6260
2903 4620
2913 10740
2919 26100
2922 5860
2924 25840
2925 3640
2928 19800
2929 5140
2933 25840
2934 4560
2937 8280
2943 6020
2953 12300
2959 6000
2962 23580
2964 5340
2965 3340
2968 4620
2969 6380
2973 5340
2974 22420
2977 5580
2983 4440
2993 428
